   0.0000000000000000E+00   0.0000000000000000E+00   1.0000000000000000E+00   5.0603884515307937E-02
   8.4784118593503219E-01   0.0000000000000000E+00   5.3025024604640975E-01   5.1498561460636542E-02
  -6.2505273763253059E-02   8.6154481855742819E-02  -9.9431911175836766E-01   5.3824012290376828E-02
  -7.6896524244012258E-01  -4.7302967939267341E-01   4.3004113562852115E-01   6.0208117838154731E-02
  -7.0456587299521808E-01  -4.8626625358967254E-01  -5.1684819940708939E-01   5.4119706839264551E-02
   7.7680889915645598E-01   6.1644887832931081E-01   1.2868066909162951E-01   5.5203977646392186E-02
   4.3555397429244342E-02  -9.6639519724027742E-01   2.5334413375033166E-01   5.8084181206415532E-02
  -7.4064351418307152E-01   3.3699255586493110E-01  -5.8127721630059756E-01   5.9265858804922100E-02
   4.9507981511433030E-02  -4.3432358114182871E-01  -8.9939534501285969E-01   5.7290866194062486E-02
  -6.1073344722767366E-01  -6.7577918738647628E-01  -4.1270709508400278E-01   5.7111880376464894E-02
  -1.5625125269442838E-01  -5.2251038692370439E-01  -8.3819355854615267E-01   4.8779270387321007E-02
   2.6995220627115461E-01  -9.3987828567514917E-01   2.0917603697765780E-01   5.3643368015853418E-02
  -6.5882485304062132E-01   1.6606599535732344E-01  -7.3373830362192835E-01   5.3185895917534811E-02
   3.3453038369054444E-01   1.5258538429630787E-01  -9.2995006472767407E-01   4.4642551915199240E-02
   2.3326538552504807E-01  -2.5357948418618967E-01  -9.3876765235904695E-01   5.6164070813350619E-02
   6.4358690779656217E-01   7.6530712559246394E-01  -1.0044681690335697E-02   6.1832806122793044E-02
  -7.7129936673370469E-01  -2.4012145501358843E-01  -5.8943954203831916E-01   5.6138571033977182E-02
  -7.0310390479078312E-01  -3.4087349218978255E-01   6.2405942136169656E-01   5.3619858995190963E-02
  -1.6917570939554325E-01  -7.3197483436023045E-01   6.5999425847035038E-01   5.9534724582242475E-02
   2.6661328395840726E-01  -6.7683935696069852E-01  -6.8615292878915976E-01   6.0044877936413287E-02
  -7.6173619345035241E-01  -1.0481656340395273E-01   6.3935237516095337E-01   5.5017091647629401E-02
   4.3621977185005560E-01   8.9827675537775313E-01   5.3020575205306128E-02   5.3051785960203563E-02
   4.7310801602591263E-01   8.6270566062605151E-01  -1.7862740074185968E-01   5.5654494082353354E-02
   3.7381644587994840E-02   9.6105916146377907E-01  -2.7380266765397798E-01   5.2306056189071696E-02
   8.2037156061031897E-01  -3.4799756082661792E-01  -4.5374904980673402E-01   5.3980760953647033E-02
   8.3221985808616665E-01   3.2845698045965381E-01  -4.4668346711554871E-01   5.2608412792783765E-02
   7.8486699484466768E-01  -5.6739085997249514E-01   2.4910120919652860E-01   5.8396535791428876E-02
  -9.8115999183064932E-01  -1.9290145374899205E-01   1.0681740139380306E-02   5.8192872892787388E-02
  -9.4483717121691519E-01   3.2348432846169208E-01   5.1386857527053999E-02   5.6245002447817222E-02
   8.2428316199682818E-02  -7.9726187533356078E-01  -5.9797915919210673E-01   4.5927041445080867E-02
  -1.4354233331314589E-01  -9.8872235005524196E-01   4.2704953439354227E-02   5.5673356615186024E-02
   5.7047961101604212E-01  -2.0358502741511808E-01   7.9567967802839536E-01   5.1966583093960263E-02
  -3.8007222947908898E-01  -7.6380830293169852E-01  -5.2167228865581254E-01   5.1121502120021764E-02
   3.5786712946803378E-01   8.8759778615826228E-01   2.9000222008333210E-01   6.1074293701121602E-02
   2.6032446144641161E-02   8.5855063420171813E-01  -5.1206749580456092E-01   5.9189267424809113E-02
  -4.7126252654633677E-01   2.5942614543269919E-01  -8.4297669371050538E-01   4.6062987232678773E-02
   6.3382174810403144E-01  -6.1017025240853941E-01   4.7535487239119467E-01   6.3577668821300310E-02
  -3.0942068406566338E-01   9.1184378272623227E-01   2.6981429942805568E-01   5.3848402962765957E-02
   1.2682683510237289E-01   9.0856215596976568E-01   3.9803236380662120E-01   5.2795258500444646E-02
   6.3470318170243888E-01  -6.9953662097869786E-01  -3.2832969260562832E-01   5.4782951695976409E-02
  -1.3107999728684731E-01   5.7588789616674436E-01  -8.0695177387494538E-01   5.9627998952593994E-02
  -6.8435988184997302E-01  -6.7663516352959609E-01   2.7169175105175300E-01   5.7674604219796794E-02
   8.4628750092118689E-01   9.3437013932942907E-02  -5.2446829285655294E-01   5.4118287110481206E-02
   1.7362951997843110E-01   4.2382522173606167E-01   8.8894598891745815E-01   5.2182992311063500E-02
  -9.3109595281591381E-01  -3.1142567584758311E-01  -1.8993255400984223E-01   5.3589854124104139E-02
   5.5282912294790049E-02   7.7723000812199867E-01   6.2678330711888330E-01   5.6936023772723061E-02
   1.8497415472791377E-01  -8.7688122178696517E-01   4.4369345832465567E-01   5.5503083816139264E-02
   4.8137079393102988E-01  -8.6475032210860796E-01   1.4313992861276938E-01   5.6158414421444255E-02
  -1.4835845961750506E-01  -7.9966953182152247E-01  -5.8182334719076731E-01   6.0089467982349518E-02
   7.8999078373544548E-01  -1.4650658753851586E-01  -5.9535735606514164E-01   5.8775099759572224E-02
  -5.7315405621425243E-01   8.0597932920737651E-01  -1.4795860480410391E-01   5.0445278874422783E-02
  -8.0911854559046822E-01  -5.3666434765839943E-01  -2.3941294270350179E-01   6.7523780389616208E-02
   3.3275766626101295E-01   3.8470386061771542E-01  -8.6097344626321063E-01   6.0965895711285078E-02
  -8.6766521732267882E-01  -2.0746881064738169E-01   4.5178951211482250E-01   6.2145946201616437E-02
   4.4067445887237921E-01   8.0113768481171483E-01  -4.0494991205340600E-01   4.9202743973807496E-02
  -9.9724748646798957E-01   6.8135222140527442E-02   2.9241105265327140E-02   5.3151057000171162E-02
   9.1644134336421032E-01  -1.1025418073204449E-01  -3.8468075049826349E-01   5.7658104375540624E-02
   5.3072723404208179E-01   2.0193727772986189E-01  -8.2313421682560008E-01   5.6883104862616162E-02
   6.1690999065930594E-01  -1.5903976137177280E-01  -7.7079726110537301E-01   4.7995339570353419E-02
   4.4089208777562447E-01  -5.1534725842190773E-02  -8.9607942670793487E-01   6.5926611470833273E-02
  -7.3841697207867280E-01   1.7137865445942179E-01   6.5220375048127614E-01   6.0533436520075953E-02
  -3.6622778445265495E-01  -9.2545014978940756E-01   9.7052718404291908E-02   4.7831008359318953E-02
   7.5645298682653958E-01  -6.4255976666518250E-01  -1.2204845342892787E-01   5.0142768942752482E-02
  -1.0566202899480046E-03  -5.9605625106815693E-01   8.0294198365519360E-01   5.3448651281736472E-02
  -3.1168016885282172E-01   4.2761118467398775E-01  -8.4853058111395434E-01   5.2666454467643317E-02
  -8.6844186048846978E-01   3.1348639027849154E-01  -3.8410287432078167E-01   5.2884888904604245E-02
  -1.8076526093414218E-01   9.7191552624003705E-01  -1.5067889796837310E-01   5.7261519731617722E-02
  -8.9993079745919910E-01  -1.2601517642732507E-01  -4.1742632295345245E-01   5.5581297221959538E-02
   9.6501932804500860E-01   1.9898310626435343E-01   1.7071443969667394E-01   5.0404146846638253E-02
  -9.1897988591452790E-01   9.3164972518473199E-02  -3.8313999684208571E-01   4.6643364641468467E-02
  -8.4652618321236978E-01  -3.5437460142157979E-01  -3.9725566453254490E-01   4.8185478154635967E-02
   6.8635483622612190E-01   4.7223388056886861E-02  -7.2573203760716120E-01   5.0933901491368418E-02
   6.5584657362320122E-01  -3.6353708610929129E-01  -6.6159357530879381E-01   5.6854699929033172E-02
   2.5232375248021980E-01  -5.9317887205450627E-01   7.6450739020786739E-01   6.0875868673122575E-02
  -8.3152176734514853E-01   5.5281975701254770E-01   5.4423034533077263E-02   6.1111484553463517E-02
   5.0549391618940928E-01   6.4779781610194122E-01  -5.6994200595240398E-01   6.0316741700006959E-02
   3.3738910654602003E-01   2.4865983069027515E-01   9.0792999696296092E-01   5.8827991559455616E-02
  -1.8473634206509196E-01   1.2423809337002902E-01   9.7490377990660661E-01   4.8992039658616644E-02
  -7.4707950449565121E-01   4.8719152197647535E-01   4.5223515440175354E-01   5.3006417891186705E-02
   4.3477354873624225E-01  -8.0670222238289035E-01   4.0025427633168417E-01   6.4616881670742474E-02
   1.8963526433676214E-02   9.9977917810938130E-01  -9.0542633123562836E-03   5.4982650868572937E-02
  -7.2039373761048004E-01   6.4232591733716946E-01   2.6163004171647914E-01   5.7398542555105649E-02
  -4.4252145471643959E-01  -2.0282481070578417E-01  -8.7351980989432007E-01   5.8054993683231570E-02
   6.7821634420916456E-01   4.9323793865050014E-01  -5.4473748386113607E-01   5.0877664519342697E-02
   9.0690146379761245E-01  -3.5510618099122974E-01   2.2678036772077940E-01   5.6591317609533113E-02
  -5.7499248340798994E-01  -1.9988161241813562E-01   7.9336686661432906E-01   5.6730268476877547E-02
   2.0069664310861039E-01   9.6983317036993312E-01   1.3836357575293820E-01   5.5696143227920194E-02
  -2.4487810631684943E-01  -7.5975388022439300E-02  -9.6657252881587396E-01   5.4108373009016172E-02
  -8.9237916686099492E-02   3.4521908607267719E-01  -9.3426996999618374E-01   5.8683258487515992E-02
   9.0419706528940917E-01  -1.8795430795617386E-01   3.8353728012115801E-01   6.1058357084372634E-02
  -3.8786496187184864E-01   7.7766592835424566E-01  -4.9476911305080335E-01   6.3129691649145609E-02
  -6.0084977693521626E-01  -5.4180855008613839E-01   5.8772701197959023E-01   5.1519235504414284E-02
  -7.5781079181954034E-01  -6.5232830860913733E-01   1.3805129082457903E-02   5.8480985093806268E-02
  -1.2740602483398828E-01   3.6576846676065546E-01   9.2194421390860767E-01   6.5066081892535541E-02
  -3.8872896655080317E-01   8.8536213960414986E-01  -2.5499739669241003E-01   5.2543938632240703E-02
  -9.7977158144165379E-01  -5.1891897596827600E-02  -1.9327410370538849E-01   5.7747582667410988E-02
   6.1783377499899971E-02   7.0284231281059330E-01  -7.0865753194879763E-01   6.0506794404808372E-02
   7.6787402081826074E-01   4.1247850635611964E-01   4.9013362458274771E-01   4.0856395597751884E-02
   9.0986776238603148E-01   4.1211999943397312E-01   4.7934966748484288E-02   6.3399919220126621E-02
   4.2639727753095924E-01  -4.0054510235941060E-01   8.1101725178326216E-01   5.6728160428349800E-02
  -8.3851990463111807E-01   2.7501445763302125E-01   4.7037369997719462E-01   5.4751097545660760E-02
   4.5850434825348349E-01   3.2620366973231362E-02   8.8809328017454340E-01   5.5762738017171811E-02
  -6.5671447880779041E-01  -1.0206957668715030E-01  -7.4720003669641119E-01   5.6333688275911679E-02
  -9.2118604369228691E-01  -3.0596798292540579E-01   2.4041602760862406E-01   5.3606219276700644E-02
  -1.1710902839200505E-01   8.7558362787557406E-01   4.6865636245049424E-01   5.6369252886515877E-02
   6.3299237491744611E-01  -4.2928662093663847E-01   6.4423105356787502E-01   5.8548093765008450E-02
   4.8977506504873327E-01   7.5322780985367661E-01   4.3905381460538812E-01   4.4897703662417409E-02
  -3.9334843396416424E-01  -6.4751808706722693E-01   6.5268471440561457E-01   5.3206744516781299E-02
   8.7015620004520464E-02   2.1997669548248905E-01   9.7161645484204974E-01   5.9861778175454638E-02
   7.0111439394598900E-01  -7.0901627375774491E-01   7.5726680558646286E-02   5.4174678054222038E-02
  -9.6113941069609243E-01   2.1426474284196088E-01  -1.7407370043069883E-01   5.9890878629146904E-02
   3.5016519915045014E-01  -9.3569222729583287E-01  -4.3178572024663237E-02   5.8073063694840207E-02
   9.4911322960322905E-01   1.8437549482383008E-02   3.1439486980740154E-01   4.6622227883702453E-02
   2.9692610198638774E-04   5.7496927818842067E-01   8.1817494521304947E-01   5.8601361222485826E-02
  -9.5243926812058834E-01   1.6575634351706282E-01   2.5570349064056867E-01   6.1639511919166620E-02
   1.0043493003337609E-01   4.9687233059946347E-01  -8.6199229225895539E-01   5.1979067595878145E-02
  -4.0108000423742513E-01   6.4009037239747099E-01   6.5530080525280434E-01   5.8371301759372471E-02
   3.0754661641243883E-01  -7.4546521934676039E-01   5.9135157518818424E-01   4.9887027923497058E-02
  -6.5562214698586736E-02  -9.8056371181596979E-01  -1.8492269485788989E-01   5.7813240156525571E-02
   4.7133498984443882E-01  -5.9715706943205235E-01   6.4903525464774700E-01   4.8556444576723603E-02
  -6.5617864344318777E-01   7.5189394761030472E-01   6.3914626151219486E-02   5.0268092036667262E-02
   5.7095079160486399E-01  -8.1470805415418752E-01  -1.0132117282225243E-01   5.5864341729063147E-02
   2.1942714363163777E-01   6.2257918235811304E-01   7.5116369077050313E-01   5.5523725130102947E-02
   6.2906592213926249E-01   7.1454249718551814E-01  -3.0611286369403560E-01   5.9217562285680847E-02
  -7.5511002110563607E-01   5.1600800735347727E-01  -4.0440646925208758E-01   6.0863047994350889E-02
  -8.0433573662765827E-01   6.0445967878062685E-02  -5.9109246971258784E-01   6.5850370316430328E-02
  -5.2838926033561435E-01   8.0624793862725177E-01   2.6602453086377151E-01   6.0999510778937473E-02
   5.2559972466316757E-01   4.5612181628366705E-01  -7.1812103307457233E-01   5.2895649267887030E-02
   6.1989447310029284E-01  -7.3192654256326399E-01   2.8286812918937481E-01   4.1930449086396075E-02
   5.5944898515396559E-01   2.3270856614682089E-01   7.9552721905167311E-01   5.4999960103572806E-02
   2.3740466689633201E-01   8.9978230084012302E-01  -3.6610221964732216E-01   5.5334729158067208E-02
   1.7926605331079057E-01  -4.1261284644582305E-01   8.9309256019644926E-01   5.2780620269012281E-02
   9.2330699130789319E-01  -3.1381132927456905E-01  -2.2141962293548873E-01   6.1439913717214214E-02
  -2.1063170723558357E-01   9.7467598936054553E-01   7.5106588732715469E-02   4.6947931296710248E-02
   4.4853258793649262E-01   6.3470860595557896E-01   6.2925630953127376E-01   5.3245792945526604E-02
  -8.7669991824498296E-01   4.5206117952669284E-01  -1.6443218454480065E-01   5.2308740308515977E-02
  -7.4261215803910083E-01   6.4817080868465639E-01  -1.6852829288160560E-01   5.6400514237975807E-02
  -8.7898486598996878E-01   4.2957959392407785E-02   4.7491074854696329E-01   5.2508037950577968E-02
  -6.1937577202118854E-01   4.5386074505207574E-01   6.4061226739263377E-01   6.1532820721584453E-02
  -5.9336657950562035E-01  -3.4811549134871699E-01  -7.2576284488036568E-01   5.7715001147059199E-02
   4.5608837101849113E-01  -3.0533889147600041E-01  -8.3591360748220040E-01   5.4293591581414579E-02
   9.7893899534606294E-01   1.9019157237813395E-01  -7.4199792366112671E-02   5.4114328625655492E-02
  -2.4630191417019551E-01  -9.0340995498983307E-01  -3.5097837583156774E-01   5.5918861558676109E-02
   3.0083175602026592E-01   5.9487882238101006E-01  -7.4539884709620105E-01   5.7747473750928435E-02
  -5.0934156048763634E-02   9.6635383100671266E-01   2.5212295620639144E-01   6.1051373717811037E-02
  -4.8628578584887875E-01   3.2974122217877788E-02  -8.7317744001165014E-01   5.6544397978113174E-02
  -4.2350819886181056E-01   4.3590760033801103E-01   7.9411924133871858E-01   5.0418974844372916E-02
   2.6098062008407847E-01  -8.5071049730537744E-01  -4.5626830452593072E-01   5.7408467543970331E-02
  -5.9441513731774939E-01   7.1584455016354091E-01  -3.6638398508761111E-01   5.4888899102384645E-02
  -5.6683001271755202E-01   2.6225089458561363E-01   7.8097900418107606E-01   4.7769098295543930E-02
   5.9161090941552574E-01   7.7166284361125638E-01   2.3352299169530263E-01   5.4264276945203953E-02
   9.6857426794355596E-01  -2.4790231818147843E-01   2.0207130371577224E-02   5.1559608283741251E-02
   6.7844762063022869E-01   4.3663965230202235E-03   7.3463580136186195E-01   5.9696664097275000E-02
  -2.7936542945615938E-01   1.6838305361083762E-01  -9.4530529675944663E-01   5.7340930633135354E-02
   1.7722561871203412E-01  -1.3805174686152303E-02  -9.8407342064706817E-01   5.7264443852461903E-02
   2.2991354213040566E-01   4.1619213242886825E-03   9.7320215862683987E-01   5.0889872351093288E-02
  -6.0553749575991036E-01   3.4533123282174367E-02   7.9506716988264249E-01   5.2935028393672327E-02
  -2.1144564872451083E-01  -9.3862744768794854E-01   2.7252385598746791E-01   5.5403296601531106E-02
   2.5302799219286034E-03  -1.7346945144502772E-01  -9.8483600010300094E-01   5.8367209046890033E-02
   7.4990032506233417E-01  -2.1518728477406785E-01   6.2557488356148835E-01   6.0411383208318314E-02
  -3.6192279436784269E-01   2.3287898803815418E-01   9.0265124375214682E-01   6.1612313158586431E-02
  -5.6577755662669648E-01  -8.2433704961762845E-01   1.9083632914855265E-02   6.5359722824499755E-02
   2.8013196417905730E-01   7.8981876134224808E-01   5.4563028405412064E-01   5.8426997216439664E-02
   7.8665085197381943E-01   6.0535092331967117E-01  -1.2137008167124792E-01   5.1984535277008445E-02
  -3.7988411890900195E-01  -4.3879025666778401E-01  -8.1434094018055560E-01   5.4948178841199828E-02
   6.1267311877212264E-01   4.5626176553730779E-01   6.4533468126455080E-01   5.9236452786732805E-02
   8.5328787303872228E-01   4.4206372544176497E-01   2.7654921510212471E-01   5.3739798409027166E-02
   3.5593189490179004E-01  -1.9414229012414224E-01   9.1412321783060210E-01   6.0559216833589859E-02
   1.2739246062456341E-01   2.4991217300367947E-01  -9.5985158579886604E-01   5.7276584179882252E-02
  -1.7636015102791153E-01   7.3813371850149938E-01   6.5119560098373030E-01   5.5412912691703049E-02
   9.3145703964263049E-02  -2.1404969238925111E-01   9.7237164038297052E-01   5.4185952615117338E-02
   7.8065550443713505E-03  -9.1442404664674530E-01  -4.0468224647559001E-01   5.6738305327575648E-02
   8.8236104774652641E-01   2.3151586201548042E-01   4.0968205605674423E-01   6.1068763301756785E-02
  -3.4156998823033872E-01  -9.3060326257013841E-01  -1.3155801318863140E-01   5.7037396841362637E-02
  -4.7593452312080657E-01  -4.2554986261363900E-01   7.6967112725584518E-01   5.9212398606860903E-02
   1.9118118155457771E-01  -9.5476488407125952E-01  -2.2775814357293548E-01   5.5989075851686891E-02
  -4.3021918817128339E-01   9.0263959771578505E-01   1.2377672023746699E-02   6.5394017437801323E-02
   9.8691238617964902E-01  -6.3873901763668277E-02  -1.4806777731389288E-01   5.4452880516802029E-02
   1.0393988324413765E-01  -9.9455212016035261E-01   7.9108125842006877E-03   5.7154983287052676E-02
  -7.2730348932632429E-02  -3.8174013223863774E-01   9.2140369425272279E-01   6.1629351280290736E-02
  -4.7437729870570057E-01  -8.2969859943608827E-01  -2.9422170648420218E-01   5.6202681656825799E-02
  -5.3266963460209728E-01  -7.1387436782460316E-01   4.5458381772330094E-01   5.3430832044428999E-02
  -9.6795143535848673E-01  -7.5371109629054995E-02   2.3956046130513768E-01   5.6285373085387595E-02
   9.4080137852857230E-01   1.4440117212854984E-01  -3.0666116096864799E-01   6.1880228266462600E-02
   7.0036420733350954E-01   2.6616260713144850E-01  -6.6230464565114965E-01   5.9541997747317516E-02
   6.5249340638753743E-01  -5.5044206945376386E-01  -5.2083191414912910E-01   5.7789798576987054E-02
  -2.2432618719761516E-01   5.5357632358289716E-01   8.0201684253251439E-01   4.9104389592209596E-02
   7.7208536781446834E-01   5.3578732689036376E-01  -3.4178374032489533E-01   5.5395375386006362E-02
  -5.7469825888752517E-01   5.9489297538136076E-01  -5.6198243662374256E-01   5.0617084441098558E-02
  -6.6058248922229365E-01  -7.2792326395983071E-01  -1.8373485439334849E-01   4.9853097732672342E-02
   4.1861132841057564E-01   4.5995537792103506E-01   7.8307445753762836E-01   5.6004041164651257E-02
   4.2914751735437031E-01  -8.5451536209015284E-01  -2.9263612952011829E-01   5.7470669190927017E-02
  -2.9091030241865505E-01  -6.4841232818395759E-01  -7.0351449779357535E-01   5.5340633053038637E-02
   4.7396308934105562E-01  -5.3730225823911661E-01  -6.9761398583559675E-01   5.4473649625293356E-02
  -1.8419193908145368E-01  -1.3629240258547064E-01   9.7339494069719414E-01   5.7101769060358513E-02
  -5.4042137906867484E-01   4.3633365556868666E-01  -7.1941481362533696E-01   6.1914515117558392E-02
   7.4315451388545303E-01   2.1706030490384602E-01   6.3293458787360110E-01   5.9240770233655339E-02
  -8.2968049552595921E-01  -5.1801662738462344E-01   2.0806020546192645E-01   4.9800710879124405E-02
   8.0621524797934256E-01  -5.1402533022574372E-01  -2.9290772234941577E-01   5.4995366520492936E-02
   2.3617326063288435E-02  -6.4673725489486493E-01  -7.6234712896466980E-01   6.0524077288900031E-02
  -1.8786453390900138E-01   9.0470141108305206E-01  -3.8239021128094808E-01   5.5300058235984019E-02
  -4.0689919791594544E-01  -3.4989646252514821E-02   9.1280269904864113E-01   6.2514090974118019E-02
  -3.5561905720213085E-01   6.2654188730758955E-01  -6.9352746852861670E-01   5.5545923706600053E-02
  -3.3722902974171500E-01  -2.8672855942165860E-01   8.9669577600847532E-01   5.2685649013998867E-02
  -7.7599783584025914E-02  -8.8442775026824627E-01   4.6018021268103339E-01   5.4059229088983089E-02
   2.4573310583657148E-01   9.6200140726873311E-01  -1.1903164750976740E-01   6.1735445280349861E-02
   9.0126206815982641E-01   3.8573668561617772E-01  -1.9731673488611711E-01   5.3665710629853196E-02
  -1.9527718199830712E-01  -3.0454195233469798E-01  -9.3226660428172074E-01   5.6824732544429839E-02
   8.8139166602621532E-01  -4.7237207800047382E-01   3.6538999776601781E-03   6.2103932224959175E-02
  -5.2211101978341032E-01  -5.7600919374125520E-01  -6.2897813296352076E-01   5.7054443462024719E-02
   8.0168207011915786E-01  -3.9692073688562325E-01   4.4694494860064777E-01   5.1163291876012664E-02
  -8.7066940559014032E-01   4.1226817682390413E-01   2.6827175875892357E-01   5.1134671297072022E-02
   6.5576008509141550E-02  -7.6686043547830848E-01   6.3845505684114378E-01   5.5856329360794410E-02
  -3.1713729938010932E-01  -8.2601860567351064E-01   4.6595836340072276E-01   5.6742756489953407E-02
   2.8152784233912768E-01  -4.7243359554501456E-01  -8.3519373308729090E-01   5.7109319561817422E-02
  -5.8241401925180120E-01   6.5172622281121741E-01   4.8584651967384298E-01   5.1139219829851816E-02
  -1.7070373217819556E-01   7.6967952476583789E-01  -6.1518587839503346E-01   5.2360041042597469E-02
   4.6402352203389050E-01  -7.2017409218089865E-01  -5.1578236490857456E-01   5.6351027522156034E-02
   6.7825238607118940E-01   6.1061566358306116E-01   4.0880583676820956E-01   6.8936195350432400E-02
   9.9488987132695765E-01  -3.5467240187578186E-02   9.4531575700957866E-02   6.3883971492118991E-02
  -9.0011651386417437E-01  -4.3550661477467738E-01   1.1146746453851930E-02   5.3390797016056197E-02
  -2.4295488509981479E-01  -5.2263933846526295E-01   8.1720318507377847E-01   5.8500511268186201E-02
  -4.8978817509112779E-01  -8.3050585676615806E-01   2.6526885497172947E-01   5.4383451507191997E-02
  -3.7760115708724835E-01   7.9989039294180628E-01   4.6646835417397189E-01   5.7889456412003301E-02
   2.7267951351671957E-01   7.7028729876777539E-01  -5.7645759624219463E-01   5.3689895817552599E-02
