   0.0000000000000000E+00   0.0000000000000000E+00   1.0000000000000000E+00   4.4272929519708341E-02
   5.5613996148677378E-01   0.0000000000000000E+00   8.3108864944570726E-01   5.1212499800025641E-02
  -3.2713513682900656E-01  -8.3265687352378723E-01  -4.4683904621850007E-01   4.9629078466125928E-02
   4.6122236571536143E-01   6.5045290728631872E-01  -6.0347737717888074E-01   5.6838992597569779E-02
  -9.0020916913537156E-01  -6.3019280444132697E-02   4.3087355697107661E-01   5.0471098030592687E-02
   8.5070479302068751E-01   1.6711997849702262E-01  -4.9836960974640476E-01   4.4962141514204585E-02
  -9.9407037547916168E-01   7.9172067698969978E-02   7.4537723945585456E-02   5.0389739989771351E-02
   6.6063992298446265E-01  -7.2010298704613813E-01  -2.1214754348404003E-01   5.0729021057540553E-02
  -7.0562116964336238E-01   1.9231384758067823E-01   6.8199277780622349E-01   4.6401993839003754E-02
  -1.5634396480605127E-01  -7.7500617561602025E-01  -6.1230873946543882E-01   5.1704226305724700E-02
  -9.8330541722712219E-01   9.4257380807973554E-02  -1.5564704499288040E-01   4.7942949044770024E-02
  -7.3713071795519198E-01   5.3598745226158222E-01   4.1152855996273371E-01   4.6132313382529108E-02
  -1.7887111760028515E-01   5.5631194572234612E-01  -8.1149377220964691E-01   3.6848467132176918E-02
  -3.7499143325249506E-01   1.1105497511128947E-01   9.2035222468915147E-01   4.7999871492343251E-02
  -5.4428402638384305E-02   9.4423163403267551E-01   3.2475247539967631E-01   4.7042673547969844E-02
   8.2011031734960475E-01   5.7219716571013918E-01  -3.0774876139725146E-03   5.1836814410437970E-02
  -7.8308455619604302E-01  -2.3345154008452952E-01   5.7643642865402577E-01   4.9034149421386512E-02
   3.3449979934813489E-01  -3.3493172152175709E-01   8.8086924464107028E-01   5.2147616529074287E-02
   4.0917905814378103E-01   4.7591749722302196E-01  -7.7850821075537997E-01   4.8922901436799204E-02
  -1.4919244501938546E-01   1.7242295781733862E-01   9.7365904605598867E-01   5.1905452886651612E-02
  -3.2007908271670810E-01   3.9768646447539630E-01  -8.5988072241462081E-01   5.0861153450933080E-02
   3.0192875478793426E-02  -9.6197671653831449E-02  -9.9490421561007753E-01   4.9072754007196479E-02
   1.5641142357188632E-01   9.3420682802240992E-01   3.2061358213981416E-01   4.9279302548766956E-02
   6.9489333637063772E-01   1.1334376177287524E-01   7.1012424457615672E-01   4.7337127443313402E-02
  -5.6060639648685706E-01   5.9591137034939869E-01   5.7498704933791566E-01   5.2647582368062177E-02
   4.5389015773239300E-01  -6.8539413103740463E-01  -5.6940197563157814E-01   5.1646856881561316E-02
   8.5058267591313931E-01  -3.2544932174949083E-02   5.2483324859060829E-01   5.3887561253829190E-02
  -1.5971581151440679E-01   9.8126947975529397E-01   1.0770825248359148E-01   4.6929637407908755E-02
  -7.4167368780956630E-01  -6.6982610986364141E-01  -3.5399482424163948E-02   3.8138989524807978E-02
   2.5346262767035052E-02   6.0850152746261336E-01  -7.9314781600872539E-01   5.1282833300836889E-02
  -9.6086464759287011E-02  -7.0536398456717215E-01   7.0230267019682077E-01   5.1450768476399302E-02
   1.4498032563201510E-02   5.7438312169277097E-01   8.1845820697593580E-01   5.0909498426205175E-02
  -6.7910309144689264E-01  -6.0835296284530713E-01   4.1076229596277427E-01   5.3927985004059753E-02
  -1.4202075713684578E-01  -9.8830026387854736E-01  -5.5611985757307431E-02   4.6816334163016515E-02
   9.0534275015157774E-01   3.9593219058436869E-01  -1.5359754297201753E-01   4.7863156548885603E-02
  -5.6580083062693846E-02   1.5551254961214460E-01  -9.8621221910588232E-01   5.1846556023720795E-02
   2.3923994995759727E-01  -6.8556864852405237E-01  -6.8757535914631979E-01   4.6769080635707505E-02
  -7.5769378454012095E-01  -2.4483790198943995E-02   6.5215080532554958E-01   5.2010067664878638E-02
  -5.9710802973416354E-01   8.0027153438032279E-01   5.5022468933600503E-02   5.5639547501184871E-02
   3.1810343610196811E-01   9.3641582602030997E-01   1.4810673421158719E-01   4.4954766720356937E-02
   7.7752296998242043E-01  -4.3180222827561092E-01  -4.5717050080460497E-01   5.0913448903053142E-02
  -1.1576440460169403E-01  -9.2730719805094672E-01   3.5594938273596961E-01   4.7909421987911740E-02
   3.9300386538685323E-01  -5.3872960363373811E-01  -7.4519687060509562E-01   5.2596768100292479E-02
   1.8242337393721124E-01  -1.3654267783787343E-01   9.7369287240393571E-01   5.6063025384991078E-02
   7.8458890973497217E-01   5.6219925933735259E-01  -2.6144260464090374E-01   4.9585178168584365E-02
  -7.0407479275423625E-01   4.3128073121912464E-01  -5.6415921253417149E-01   5.4190108631550204E-02
  -5.3685619122461467E-01   4.2362182763482723E-01  -7.2960946889080915E-01   4.4896565393418184E-02
   1.2353959627508441E-01  -3.0646530774695595E-01  -9.4383101416501080E-01   4.9767156302763080E-02
  -7.5442589045190633E-02   3.9565780136022814E-01  -9.1529411665373920E-01   5.6965161561152939E-02
  -8.2060365424220353E-01  -5.3866571999061561E-01  -1.9091591015767493E-01   4.8590466863286350E-02
   1.0752910036821390E-01   8.9607847290536941E-01  -4.3067489242999021E-01   5.0721532264726487E-02
  -4.7550840219042811E-01   8.6647436628659750E-01  -1.5203266759004532E-01   4.7022834842015344E-02
   7.1135674090376443E-01   1.7498747217943142E-01  -6.8069888478755942E-01   4.8617018787516359E-02
   7.4695986863231311E-01   3.5393194109163639E-01  -5.6283490983405055E-01   4.4502079458199759E-02
   1.1022286719269362E-01  -9.9179209489784376E-01  -6.4802469443441275E-02   5.4376699214149821E-02
  -5.0224276291471534E-01   2.6291139531793068E-01   8.2378990362335198E-01   4.9320805933687648E-02
  -2.4017926848346937E-01  -6.2440104051623990E-02   9.6871830394432407E-01   5.1347055504104810E-02
   2.6520182590689596E-01  -1.1906595472623504E-01  -9.5681309039998954E-01   5.0162165408329375E-02
   6.9861777301914482E-01   7.0303134907546480E-01   1.3296664784412106E-01   4.8269012033028548E-02
  -9.4493922689508789E-01   1.2466249890417600E-01   3.0257084929298807E-01   4.9796713506314258E-02
  -5.7469508649864851E-01   4.0858004869952848E-02   8.1734703828444725E-01   5.1037610721484094E-02
  -4.9787647152640754E-02  -2.0476776192344017E-01   9.7754353042095747E-01   4.9037054850500298E-02
   7.8692146749377709E-01  -4.4990811636318897E-02  -6.1541078221440486E-01   5.1170117485820103E-02
  -6.9747098041426891E-01  -6.9486457187881871E-01   1.7520690119862445E-01   5.6821166931668676E-02
  -8.6308484757428995E-01  -5.0412715960368901E-01   3.0665173040135433E-02   5.0541251738515651E-02
   1.1172722064529378E-01   2.8893116211102114E-01  -9.5080797836789976E-01   3.8755778110373292E-02
  -6.1867124589526465E-01   3.9922877566008899E-01   6.7665521071469427E-01   4.8229692421447349E-02
   1.2692905040379331E-01   4.0079379274705964E-01   9.0733309862421425E-01   4.2439560563348042E-02
   5.1053267189000681E-01   2.2236914802063219E-01   8.3060721941326089E-01   4.9621124872634645E-02
  -3.8508809252701148E-01  -6.9277155046640963E-01  -6.0973333503940452E-01   4.8694720513663209E-02
   6.5744829346313640E-01  -3.6833345041256442E-01   6.5733721234202509E-01   4.9354290105526184E-02
  -3.9121877596659322E-01   9.1675306539315268E-01   8.0695021057426465E-02   4.9901620765570449E-02
   1.4201790055400353E-01  -7.0298103207560123E-01   6.9688491479164316E-01   4.6264583407826158E-02
  -3.6917344448263667E-01  -2.2352395252537737E-01  -9.0207982492474485E-01   5.4427336156358512E-02
  -7.5989980081671344E-01   6.4994158896371558E-01  -1.1323588390595458E-02   3.7494170454320268E-02
   3.6263235348362381E-01  -8.9617945229038156E-01   2.5565634257620062E-01   5.2722240184521975E-02
   9.1493919828911298E-01  -4.6337400388082876E-02  -4.0092282144990152E-01   5.5640941334512143E-02
   3.6023280338837069E-02  -8.4502709835454368E-01   5.3350869376246334E-01   5.0337595312203431E-02
   9.8544751016121274E-02   1.8670158287923655E-01   9.7746173889189051E-01   5.3308581655296087E-02
  -8.5695314196193557E-01  -1.6025866417065202E-01  -4.8984535625011798E-01   4.6542755022470396E-02
  -2.8421141299094504E-01  -2.9967538935773276E-01   9.1072418093459113E-01   4.8943852244853589E-02
   8.3580350265069149E-01  -2.2869466076371653E-01  -4.9913050106660890E-01   3.8130835487316669E-02
  -2.4067525169842798E-02  -9.7169525954190962E-01  -2.3500867391647481E-01   4.4252019653156251E-02
  -2.7655485326625051E-01   9.5332224032534149E-01  -1.2121930224165757E-01   5.0729677491675326E-02
  -2.9174309446877444E-01   3.4901352586218563E-01   8.9054787945119997E-01   5.0137220405680045E-02
  -2.7194556757436494E-01   1.8428179612319240E-01  -9.4450295282453549E-01   4.5754338942819119E-02
   3.5821285720642732E-01   8.6688968906313732E-01   3.4667825995874723E-01   4.5296245340826581E-02
   1.3295656856044262E-01  -9.1982145804273542E-01  -3.6912198011059804E-01   4.5681800199831155E-02
   6.7289628215810735E-02   7.8048234008902781E-01  -6.2154599406941146E-01   4.9488153467613180E-02
   1.8372764824708935E-01   8.4768268104771387E-02  -9.7931531796051842E-01   4.9495743172217050E-02
   6.3105399764215963E-01   6.9501829761388345E-01  -3.4455829411254699E-01   5.1275656434207910E-02
   2.5286345528079086E-02  -5.6594734720288961E-01   8.2405351824007553E-01   4.9892230733856379E-02
   6.7159762481670739E-01   3.4034775668258232E-01   6.5811855684343907E-01   5.0577122929023428E-02
  -4.8914040686845687E-01  -6.9870667425291390E-01   5.2206383299649550E-01   5.2994172893958877E-02
  -3.4898588333097420E-01  -8.5892033638834206E-01   3.7478621769515068E-01   5.6565560529511271E-02
   5.5925540353479350E-01  -7.9675292889708995E-01   2.2895013411449216E-01   5.0066910543761782E-02
  -9.6969860896386208E-02   7.2193245640230694E-01   6.8513529647119089E-01   4.5688096346839177E-02
  -4.2585664436561740E-01   1.5861172962529261E-03  -9.0478925871253501E-01   4.7308307061407948E-02
  -6.3365342206768806E-01  -1.8390493063813128E-01   7.5144016208138122E-01   4.6123621959142484E-02
  -6.5145504924783059E-01  -4.3203317528302438E-01   6.2366149012455007E-01   5.7219850386761699E-02
  -3.2898228612908599E-01   8.8094485949295719E-01  -3.4015703718461312E-01   5.0706202954708867E-02
  -2.5772903336082393E-01  -4.1067102791465162E-01  -8.7459993836863407E-01   4.5286997975701348E-02
  -9.7340732276850125E-01  -1.1160943290695297E-01   2.0005378893399465E-01   4.6194783524186506E-02
   6.9579840538155979E-01  -2.5946429658359670E-01  -6.6973342298772724E-01   5.7431352312626930E-02
  -5.5862358139053842E-01  -1.5242465868785927E-01  -8.1529529480937021E-01   4.4429187498904134E-02
  -7.2285639864395525E-01  -5.5143669472237375E-01  -4.1640869185591569E-01   4.8208566267177426E-02
   4.2818946565216426E-01   5.2776498445556745E-02  -9.0214656387769949E-01   4.8955756621519279E-02
   2.7979298815006430E-01   5.1944803260735037E-01   8.0739682015871920E-01   4.8757214207616419E-02
  -5.7175165724009975E-01  -3.5168649781873955E-01  -7.4122644967323516E-01   4.9172124681264435E-02
   3.0019696651164569E-01  -8.3132766434343210E-01  -4.6773507009256798E-01   5.1968134809106310E-02
   4.9528605380786352E-01  -7.8392052660251625E-01  -3.7437993118577779E-01   4.6275672897036139E-02
   6.8485441984702806E-01  -6.3681244743360316E-01   3.5418121126002013E-01   5.0136588712585083E-02
  -3.5837706058813543E-02  -4.6904942217533927E-01  -8.8244450158716638E-01   4.9997011866309577E-02
   9.7444274629482094E-01   1.4585897350882801E-01   1.7084055151034349E-01   4.8230897688542855E-02
  -8.7067004034584236E-02  -8.9750667091098303E-01  -4.3232061306248867E-01   4.7162264422475956E-02
   7.1695160135606705E-01  -1.2571295521699603E-01   6.8569428625560293E-01   5.0224857765081214E-02
   6.1278553362255285E-01  -4.9065741624070202E-01  -6.1947493062344474E-01   4.8246864921910939E-02
   9.2453042915512604E-01   3.7473594402899630E-01   6.9400704743795698E-02   4.9734716221273993E-02
  -1.7219911885877417E-02  -9.8779007581048681E-01   1.5483617395478166E-01   5.0672272651446776E-02
  -2.3769298609141147E-01  -9.5891808736333477E-01   1.5484878459449369E-01   4.8837988207941220E-02
   2.6769517572758330E-01   7.9953887362988762E-01   5.3765870442765901E-01   4.5730253768100466E-02
  -3.1048344936876475E-01  -6.8616076689834395E-01   6.5786277416916529E-01   4.5515441144755390E-02
  -2.1176674780221325E-01  -6.0746897451142416E-01  -7.6559538238635731E-01   4.6840497939206660E-02
  -6.9838408635062414E-01   6.0103193907347849E-01  -3.8861327324961308E-01   4.5020433785717290E-02
   8.9977714737603502E-01   3.0361980562089252E-01   3.1339447776656248E-01   4.9853897975824166E-02
  -2.6421482953417312E-01  -9.3044354338869386E-01  -2.5390024895718377E-01   5.2130506906177593E-02
  -8.3427763187279282E-01  -4.8970596720522623E-01   2.5331580811374299E-01   4.9514406752463244E-02
  -9.0184430573305238E-01  -2.6894680678003952E-01   3.3814858175022526E-01   5.1432580843097719E-02
   6.0665506461640461E-01  -7.9492956152792615E-01   7.5249441383442352E-03   4.9304070240367359E-02
  -7.9011237505236309E-01   5.3449020572837424E-02  -6.1062724880971241E-01   5.3537281338298354E-02
  -5.5290547374073089E-01  -7.6755350711591683E-01   3.2427943323867189E-01   3.8963481000448005E-02
   8.8560292458674787E-01  -3.2894156314143758E-01   3.2787941076174065E-01   4.6873078220368693E-02
  -5.8335606218258595E-01  -8.1204195035226121E-01  -1.6839702578222766E-02   5.3725350922533108E-02
  -1.2999427635168272E-01  -2.5476314213949171E-01  -9.5822608476445445E-01   4.8096635319129106E-02
   3.0287670155150148E-01   9.0868070024070455E-01  -2.8734141481405979E-01   5.0628789334486237E-02
   4.6345880685288589E-01  -7.7311163280132184E-01   4.3301771046664310E-01   4.8300975847903870E-02
  -9.4275349889648420E-02   9.5162929180743667E-01  -2.9242751132077323E-01   4.8279324010968558E-02
   9.9774882626920220E-01  -4.2209224125412694E-02   5.2112005115519544E-02   5.3588720503466014E-02
   3.2032189955668499E-01   7.4623614225129353E-02   9.4436497015951204E-01   5.6920143631627420E-02
  -6.5767809943100790E-01   7.2959493352522510E-01  -1.8748533410146940E-01   5.1282819806318080E-02
  -1.9576994136911762E-01  -3.0855840467640542E-02  -9.8016429600621943E-01   5.1619873881440003E-02
   3.9438099172916887E-01  -1.2600446082808012E-01   9.1026727350495360E-01   3.7052079942088256E-02
  -4.3851306342482798E-01   4.8928618184410357E-01   7.5386028245437595E-01   4.5409396785021582E-02
  -7.8623736604570684E-01  -4.1854549221178807E-01   4.5458824795929499E-01   4.0889711634407888E-02
   9.4899411979482195E-01  -1.1013436060680790E-01   2.9543287428548063E-01   5.6287720995034078E-02
  -5.3532764664021907E-01   7.5567427147500367E-01  -3.7733368014711783E-01   5.2006542168418343E-02
  -1.5810500130357869E-01   7.2705312107376141E-01  -6.6812915495411360E-01   4.9828826586715617E-02
  -3.6106743339663531E-01   7.6249565964152665E-01  -5.3687119271590599E-01   4.7876608215088021E-02
  -5.3228722320255776E-02   9.9536092902165282E-01  -8.0145643033825244E-02   4.3807950011142109E-02
   9.7366754461131375E-01  -2.0676020126884453E-01  -9.6029848181917358E-02   4.4308105134496278E-02
  -8.7076543544826865E-01   4.8354132607067716E-01   8.9192726219116185E-02   5.3278987138297457E-02
  -9.4616095724616826E-01   2.8664777981514472E-01   1.5037451017397498E-01   4.1130306538291669E-02
   5.4211731503888707E-01  -2.4787421536642630E-01   8.0291169507705308E-01   5.0370853514706315E-02
  -2.2791979791475385E-01   5.5913575722389650E-01   7.9713221658151391E-01   5.0714362225057705E-02
   1.3775082721867966E-02  -6.6267253454694676E-01  -7.4878258463530755E-01   5.0923553520677486E-02
   9.8299722341099187E-01  -1.6026171851863402E-02  -1.8291971075325701E-01   4.3345622676619521E-02
   6.7988085289559485E-01   6.4081920141813100E-01   3.5652878840254604E-01   5.1987746663283198E-02
   8.3115907898827927E-01   5.0506790327273973E-01   2.3255321648825595E-01   4.6073736386019294E-02
   9.4316485319726481E-01   1.6871146866676768E-01  -2.8631538560420462E-01   5.0038573659612994E-02
  -9.2497442164436165E-01   2.6525377385788946E-01  -2.7214473126964335E-01   4.9411577816421177E-02
  -4.7492904975169221E-01  -5.5378989747371285E-01   6.8392919747442357E-01   4.2539496316950033E-02
   7.6081440285270618E-01  -4.6126496180002183E-01   4.5650419431534734E-01   4.8190067029604808E-02
   1.8442351145838390E-01  -5.0468262526221217E-01  -8.4337620086163251E-01   4.8556616137299917E-02
   2.9584560804683439E-01  -9.3013754237727610E-01  -2.1753052305311029E-01   5.4187174810465172E-02
  -8.3996578015614122E-01   2.4262930014173642E-01  -4.8537460881201468E-01   4.3705138390603481E-02
   7.7600776079458153E-01   4.3918592900503714E-01   4.5268938020519318E-01   5.1314298907354327E-02
   1.5344393849873854E-01   7.0195340122009488E-01   6.9549721800560497E-01   5.1036034210691330E-02
   6.2644463252297803E-01   7.2573192705213829E-03  -7.7943213540381872E-01   4.9013154794324078E-02
  -9.4281135167225418E-01  -3.1749491206190101E-01   1.0150731979883351E-01   4.8452362279485061E-02
   8.1362812224566951E-01  -2.5310561306281726E-01   5.2339930008272030E-01   4.4580084052588757E-02
  -4.7266108523586902E-01  -8.4484860507624546E-01  -2.5064383695669185E-01   4.5963342570829892E-02
  -4.5427677521069025E-01  -8.7571910604707383E-01   1.6355017214387035E-01   4.6599480768300090E-02
   6.8093247078785292E-01   7.2597162777427683E-01  -9.6416626644561667E-02   4.9001941214576314E-02
   2.0004340756059697E-01  -9.7106414153383049E-01   1.3044948493079522E-01   3.9798037467706230E-02
  -7.2175169875015576E-01  -1.7235594171410304E-01  -6.7034909913201881E-01   4.8903909649539443E-02
  -6.8006940655582930E-01   2.4550659249212989E-01  -6.9081988630156381E-01   4.8646005354156862E-02
   8.5499750688811904E-01   3.6900063364283819E-01  -3.6444175883985212E-01   4.8934085775404430E-02
  -6.5656900548901226E-01  -7.1280927607009383E-01  -2.4661726821047631E-01   5.2382006018936211E-02
  -4.1710842438237625E-01   7.8365794600301370E-01   4.6032682517488510E-01   4.7530680169333940E-02
  -7.7142618303366239E-01   3.5368717318655908E-01   5.2896788905699709E-01   4.6122134970126431E-02
   8.3866008817592287E-02  -8.0963095652656278E-01  -5.8091669523167475E-01   4.9785096522772249E-02
  -2.7518090399750141E-01  -5.1467920548466858E-01   8.1202265086436362E-01   5.4951861192179931E-02
  -4.7405136196662409E-01   2.3066890019652084E-01  -8.4974535285561660E-01   5.4099977751845464E-02
  -4.9664108809209377E-01  -3.6312614117306902E-01   7.8834449019160244E-01   4.9041836397760896E-02
   3.3077066850829082E-01   2.6828375122339602E-01  -9.0477322776709154E-01   5.3300662377493477E-02
  -1.9426628147408456E-01  -8.2271406671546465E-01   5.3423045243671172E-01   4.4072586198874326E-02
   9.8084903933588112E-01   1.8663951676142822E-01  -5.5685301623855689E-02   4.9007125019344055E-02
  -6.0921245687547891E-01   6.9909312848387230E-01   3.7433805589917628E-01   4.5819393615424672E-02
  -3.6764831003839271E-01   5.9549184098150593E-01  -7.1429978821946367E-01   5.3174355926473513E-02
   6.5673179828991177E-01  -6.1732833444235293E-01  -4.3313862978211599E-01   5.0703692862840563E-02
  -5.4268216239112367E-01   6.0996013077145043E-01  -5.7744671571649730E-01   4.9326905883302423E-02
  -1.8961064557832909E-01   8.4019405101116007E-01   5.0805684694611228E-01   5.1399818277330320E-02
   8.5162163657377192E-01  -4.9427884213580979E-01   1.7443914221382142E-01   5.7207702466026963E-02
   3.1364718741592141E-01   2.9969970732900526E-01   9.0100251234554864E-01   4.7374321655334474E-02
   8.0366835633519588E-02   9.9223327849973621E-01   9.4943629422512731E-02   5.7528387683030191E-02
  -4.4497941003915739E-01  -1.4781556050703093E-01   8.8325754155466782E-01   5.1707273336663099E-02
   4.9259655839956097E-01   4.3952679325952583E-01   7.5110906575537086E-01   5.0547788954732784E-02
   1.9033905988857169E-01   4.6652289963719626E-01  -8.6378667875514096E-01   4.7344833963833448E-02
   4.8524768283776724E-01   7.3552776710086762E-01   4.7279339052506799E-01   4.9482249640367079E-02
   4.5094939487861163E-01   7.8924190698626839E-01  -4.1682353042419837E-01   4.5765351290264648E-02
   8.0478772005623273E-01  -5.3635143577936634E-01  -2.5425157420181880E-01   4.5863464984213226E-02
   2.4091219236549115E-01   6.3672101483860110E-01  -7.3249413979400168E-01   4.7214204783243234E-02
   9.5131355003808657E-01  -2.8193633179093108E-01   1.2455695215525768E-01   4.6643527158700628E-02
  -9.9233943201240037E-01  -1.1502187565704238E-01  -4.5082366770641781E-02   5.2449360992707054E-02
  -9.1587723398089853E-01   4.5370143463946019E-02  -3.9888650310277423E-01   5.1973605169390904E-02
  -8.6633106236579759E-01   3.7064855496132298E-01   3.3479865454513335E-01   5.5047659248024958E-02
   5.4279300709476707E-01   8.0314550313744046E-01   2.4562787349795573E-01   4.6048171094039398E-02
   1.2086104636340637E-01   9.7198742520466065E-01  -2.0157641904735994E-01   4.5930113179614702E-02
  -9.4971509801222691E-01  -1.4255562306247979E-01  -2.7878150394331107E-01   5.1467648313260578E-02
   5.1044923466306233E-01   8.3506591610215235E-01  -2.0519867103947535E-01   4.4216724503583373E-02
   3.4861892244967078E-01  -3.2441746484897455E-01  -8.7932824099479187E-01   4.6754483952993091E-02
   7.9567255342754794E-01  -6.0398921685654674E-01  -4.5849903414306067E-02   5.0745353581271910E-02
  -5.4697729284309959E-01  -7.0983150474773735E-01  -4.4379620996758966E-01   5.1347417150455596E-02
  -4.1432236921362157E-01  -5.0279045187134077E-01  -7.5864269315417809E-01   4.9859313458009379E-02
   3.8462281385913787E-01  -6.7449715566807650E-01   6.3017368879917023E-01   5.5266542133071512E-02
   2.6878467844054831E-01  -5.3584378335463886E-01   8.0039130209904065E-01   4.8825589090410659E-02
   7.2489902725683457E-01  -6.7299872619656770E-01   1.4694936141369381E-01   3.9906400974331820E-02
  -8.5271010205796606E-01   1.3890875543320879E-01   5.0357704426660490E-01   4.6771935643749440E-02
   2.5591500933155715E-01  -8.2039354149615544E-01   5.1133349691783811E-01   4.6992048071098313E-02
   3.8208658106629735E-01  -9.2402753167565894E-01   1.3526465704566847E-02   5.3854362822587615E-02
   4.8988622136728530E-01  -8.5601378606480871E-01  -1.6508145922990571E-01   4.2059579853696487E-02
   1.1275619586145804E-01  -3.7478007309136418E-01   9.2023145844319191E-01   4.6805454430306250E-02
  -5.7942917200949910E-01  -5.3693432901287652E-01  -6.1315851209281806E-01   4.8069139051428653E-02
  -8.2724032677379586E-01   5.3311280474555511E-01  -1.7738145104692066E-01   5.6629429782181004E-02
  -1.0364257515309858E-01  -4.1588759299332496E-01   9.0349085585292616E-01   4.2890330096968583E-02
   5.3078119306086168E-01  -3.5947657835880706E-01  -7.6749456982074644E-01   4.1263013195654512E-02
   6.1000451510390805E-01   5.5617892718384460E-01   5.6441074804567055E-01   4.6739578286844922E-02
  -8.6063751754535218E-01  -3.7078126688742436E-01  -3.4903340172357477E-01   4.9845084698148687E-02
   5.0427428871709594E-01  -1.5599162661763779E-01  -8.4933742067805457E-01   5.1235364244371019E-02
  -9.4518955197421821E-01   3.2044422758600674E-01  -6.2707318915613567E-02   5.1182282967763974E-02
  -2.7134801790596170E-01   9.1531839896100635E-01   2.9759449205582750E-01   5.1478030570999022E-02
   4.0310929924023302E-01   6.3112573695700167E-01   6.6270898365461272E-01   5.0017802985048298E-02
   2.9724805048756589E-01   9.5288237138842628E-01  -6.0487872987159780E-02   5.0682805593788069E-02
   6.8322564205698386E-01   5.4382373354206725E-01  -4.8729710533943126E-01   4.7360978456091640E-02
  -3.7948443848335648E-01  -9.2421986449133939E-01  -4.2534727324644290E-02   5.0461049182601920E-02
   9.1007755191934514E-01  -2.9009751047714477E-01  -2.9597683001791637E-01   5.7393063774748984E-02
   5.0700441929039543E-01   8.6171206031059703E-01   1.9971077469053806E-02   5.7116758925115096E-02
   8.1210613114987335E-01   2.1016447167880301E-01   5.4434779929081589E-01   4.9564219139607548E-02
  -7.4064674367344798E-01   6.4129120359601001E-01   2.0046943227409745E-01   5.4187386566149946E-02
   4.7864272479894953E-01  -4.8166677816928604E-01   7.3409689878452493E-01   4.6736462192692869E-02
   2.7884277974484765E-01   7.8873171379248150E-01  -5.4785854729313241E-01   4.8152431001404991E-02
  -8.0747215031138601E-02   3.8685810434570218E-01   9.1859713387685069E-01   4.4935816133916492E-02
  -6.2822756241772541E-01   5.3181753792143977E-02  -7.7620991418705465E-01   4.6113489624105818E-02
  -1.3740562327136522E-01   8.6040028619990120E-01  -4.9074539447715199E-01   5.1808814836018930E-02
   5.3456963444080667E-01   2.5567616774287720E-01  -8.0552157213952888E-01   5.1863446588424713E-02
  -3.3833567234143124E-01   6.8781082250341087E-01   6.4221900101791851E-01   5.2049954658912804E-02
  -8.2566826124560979E-01   4.2963078399333092E-01  -3.6563549036838209E-01   4.2581358279296388E-02
   9.2189605166273018E-01   9.6936524417810705E-02   3.7511462269880087E-01   4.0280833810201999E-02
   1.3861862879362052E-01  -9.2771830289723737E-01   3.4658855465933413E-01   5.1328118347566560E-02
  -4.9324622354519274E-01   8.3167056723260497E-01   2.5501417716943288E-01   4.4204080889473837E-02
   5.9610110423793827E-01  -5.8564568992278784E-01   5.4925640588087123E-01   4.9116875833967634E-02
   4.6042621698081971E-02   8.4557169508292702E-01   5.3187271547030210E-01   5.3752900672836476E-02
   5.8919707851338305E-01   4.5254793144471214E-01  -6.6936325893822878E-01   4.8758373556160226E-02
  -7.4996828845034002E-01  -3.6785462923172254E-01  -5.4975498003352329E-01   5.1655278718337571E-02
   9.0861306475776153E-01  -4.0948387415613654E-01  -8.2129503575688680E-02   4.9487147035109968E-02
  -9.3509605455337982E-01  -3.2624515990632185E-01  -1.3841771706107966E-01   4.8485084341162965E-02
