   0.0000000000000000E+00   0.0000000000000000E+00   1.0000000000000000E+00   4.3672369859960351E-02
   9.9866332760306963E-01   0.0000000000000000E+00   5.1687117357848126E-02   4.3318781118168603E-02
   2.6861158255605643E-01   7.2281559356399069E-01  -6.3669885771647694E-01   4.3968873876940666E-02
   3.8392984363170103E-01  -1.9964692820800312E-01   9.0152037094346688E-01   4.1565696698274336E-02
  -6.6813083579415977E-01  -2.3609946143632911E-01   7.0559069620458636E-01   3.1413901853379644E-02
  -1.1932709300468680E-01  -5.2419532776643684E-01   8.4319647960774162E-01   4.4259490845176063E-02
  -8.8250078991409601E-01   3.0866026251293483E-01   3.5485377008909302E-01   5.0059066188307275E-02
  -4.9047150794733749E-01  -6.3120759067175145E-01  -6.0084496949731347E-01   3.4982698129522051E-02
   3.6226538940143777E-01   9.2393748644535715E-01  -1.2289551978351447E-01   3.3938091984718434E-02
   1.2253252979634863E-02   9.4924901816622710E-01   3.1428674693959184E-01   4.5134995509041324E-02
   6.0501602460442560E-02   8.0161712176876971E-01  -5.9476848116462255E-01   5.3153171229162881E-02
  -9.9192045647176456E-01   1.8561991813417964E-02  -1.2549605767817793E-01   4.4002536907793308E-02
   5.7638597795067694E-01   7.9938167188897768E-01   1.6961175392591361E-01   4.1395044407785785E-02
  -7.7841798733043079E-01   3.0628267561905246E-01   5.4795653077235559E-01   4.4164630560153845E-02
  -7.5327413364665467E-01  -4.9146073426978285E-01   4.3708629153736655E-01   4.3425699055114712E-02
  -1.6300095312295868E-01  -3.1733448834976867E-01   9.3419993137700334E-01   4.5945135747761582E-02
   2.2805408784337402E-01  -9.3217597150117850E-01  -2.8113927362387642E-01   4.5240858732924786E-02
   9.6403057452076108E-01   1.3380476176680267E-01   2.2965482167309327E-01   4.3896530101377102E-02
  -3.0440708496025421E-01  -4.1084940946937322E-01  -8.5938297013884792E-01   4.3318785119516141E-02
  -5.8110578180978880E-01   3.1020445893048540E-01   7.5238903767059150E-01   4.5937666783603789E-02
  -6.0224404842486380E-01   9.7878257439448468E-02  -7.9228905890302900E-01   4.1582729122236328E-02
   8.4941645371787846E-01   4.2764434831795474E-01  -3.0921190065237640E-01   4.3436135020354180E-02
  -3.1541945237728556E-01  -8.8804685125344686E-01  -3.3448969945403659E-01   3.6546216161620361E-02
  -8.6005860960694970E-01  -4.9671475384070706E-03  -5.1017106492459207E-01   3.5953662380900288E-02
  -5.7633161060782160E-02   4.2237530374816998E-01   9.0458693420244742E-01   4.4375173087539891E-02
  -3.6286126405950609E-01  -7.7879202725608056E-01  -5.1167829866772898E-01   5.1913283202618547E-02
   6.4092745620744731E-01   7.3708572843152531E-01  -2.1428164835565937E-01   4.4958428194378941E-02
  -5.5874458459493663E-01   1.0842185585151995E-01   8.2222210524866330E-01   4.1000374556450935E-02
   7.4888242315681434E-01   4.8981913924851685E-01   4.4637688908882839E-01   4.8930526170359698E-02
  -5.5919235164729812E-01  -1.1141617503402969E-01   8.2151710256083596E-01   4.9210340855755374E-02
  -1.0468957642723906E-01   6.0169539062265258E-01   7.9183505194638792E-01   4.1883201676577916E-02
   3.5915209375477665E-02   8.5757648878903562E-01   5.1310102671090485E-01   4.2683360754733206E-02
   2.3992403271783993E-01  -8.4243158531771396E-01  -4.8243702447417105E-01   4.4880898981522001E-02
   1.7684151221642028E-01  -7.0469274604576268E-01   6.8712095967703668E-01   4.1983813218932217E-02
   2.2692415725237178E-02  -9.1973297481537734E-01  -3.9188813366292345E-01   4.6653806990479971E-02
   8.3692092487111615E-01  -5.3552655840831597E-01  -1.1302508903876196E-01   4.2683360392781937E-02
   4.2596492109245973E-01  -7.3974680791167486E-01  -5.2089206769078550E-01   3.9551940739838627E-02
  -7.5663453209375646E-01  -5.5416397179932470E-01  -3.4699636482657791E-01   4.2547455195752741E-02
   6.6617132131070802E-02  -9.3019779737230834E-01   3.6096290040714364E-01   4.3672369414109573E-02
   7.5692550142351073E-01  -6.5969803584717743E-02  -6.5016287983070855E-01   3.3938093027931159E-02
   2.7288219597440384E-01  -3.9313634555623631E-01  -8.7805416741957014E-01   4.3735690339037072E-02
   2.4268753224780459E-02   4.9834980260980543E-01  -8.6663631464166250E-01   3.8036753404094639E-02
   8.4463254320843113E-01  -1.4419693811766329E-01   5.1556096631799874E-01   5.1913283692068930E-02
  -7.0568757717582295E-02  -1.1876809272189818E-01  -9.9041112200207024E-01   4.4732088786458383E-02
  -4.0265718819142755E-01  -8.7019485988507803E-03   9.1530949131337884E-01   4.1983814500313458E-02
   7.3962973675665502E-01  -5.8091925533867430E-01   3.3982447128192689E-01   4.2547455156642088E-02
  -6.9055734201142335E-01   7.1173168184154498E-01   1.2871895919841778E-01   4.3022553243903383E-02
  -8.0124330278536088E-01   5.4605198775477337E-01  -2.4461479188852717E-01   4.8930525410261136E-02
  -8.6038197148996182E-01  -5.0768404977141070E-01   4.4718773940551344E-02   3.1355980616001630E-02
  -1.4265914829415713E-01   7.5641634529672741E-01   6.3834370050618325E-01   4.4716212593699111E-02
  -9.2925314788165991E-01  -3.3722529322823242E-01   1.5088965756193646E-01   4.5585582363439725E-02
  -8.2355402722505282E-01   5.6677607875175191E-01   2.2883198993694069E-02   4.3072624545296962E-02
  -2.7692474983477040E-01   6.3600317596362119E-01  -7.2028650070172561E-01   4.4958429458126074E-02
   3.1244897269985125E-01   1.3563352328885325E-02  -9.4983770978647203E-01   3.6560360882220575E-02
   2.0756450753987234E-01  -8.9241675287081250E-02   9.7414213470195694E-01   4.2661846911560381E-02
   2.2347364602800214E-01  -3.4869103839878707E-01   9.1020552034764481E-01   4.9833644115444597E-02
  -6.2492307194112237E-01  -1.3612357182241385E-01  -7.6872721257282083E-01   4.5134994905317400E-02
   7.0243524746877756E-01   4.8902915664608617E-01  -5.1714138015004635E-01   5.3153169436132419E-02
   7.1547829642467490E-01  -6.5726993108361400E-01  -2.3682703612253885E-01   3.5953663841309499E-02
   2.6370575263908255E-01  -7.1306833257693096E-01  -6.4960975139002528E-01   4.8930524879776040E-02
  -3.7540243074068024E-01   9.1818250160976191E-01  -1.2654607355279057E-01   4.1995063262412557E-02
   2.8297003774488942E-01  -1.9512424078701597E-01  -9.3907107739294506E-01   4.3626429626499421E-02
  -7.0254354627973274E-01   2.4929988140331720E-01  -6.6654492325198084E-01   4.4304706807415712E-02
   3.5068591272637572E-01   2.5943461325060339E-01   8.9984058147139514E-01   4.3574390569662311E-02
  -6.5640579374017038E-01  -3.3842433254098742E-01  -6.7424061364510219E-01   4.5270950239301566E-02
  -6.7197327168487053E-01   5.7301612052864427E-01  -4.6915290445166517E-01   5.0031263150293003E-02
   7.1390852716932871E-01  -1.4851423611413738E-01   6.8430850974275774E-01   3.6546213697463718E-02
  -9.0589699130559377E-01   4.0476071113675811E-01   1.2457691545201561E-01   4.6653807400568547E-02
   6.7165709498758996E-01   1.9186000971665389E-01   7.1558820799699951E-01   4.6653806275802329E-02
   4.2269909326458439E-01  -8.4334017463478687E-01  -3.3181745945664946E-01   4.1897694058086427E-02
   9.5336857838595641E-01  -5.9519298353986105E-02   2.9588140676593663E-01   4.2747912716946219E-02
   9.8150575629050518E-01  -1.7566191604161383E-01  -7.6087723196272465E-02   4.1854539595541755E-02
  -3.2589243591842342E-01   7.7598375147479909E-01   5.4004012597051858E-01   4.3496056537352014E-02
  -5.4769577273416567E-01   8.3637084201236184E-01   2.2652928302052974E-02   4.3896527414718926E-02
  -3.3065871421859327E-01  -6.1840813352939818E-01  -7.1290686284815132E-01   4.2747912407033972E-02
  -4.7502923144992621E-01   6.2207148197467967E-01  -6.2239400750804012E-01   4.3325179688591797E-02
  -4.4070779065262692E-01  -8.9595355039038473E-01   5.5171358520020392E-02   4.0377076987574493E-02
   7.2025155322592961E-01   2.9404009082040314E-01  -6.2831371548452210E-01   4.1109010756690462E-02
  -6.5623169803457930E-01  -5.1807783802209952E-01  -5.4859394113041384E-01   4.3496056319678153E-02
   2.2575232190161145E-01   9.5059589899391880E-01   2.1308056216364437E-01   4.1582730370357090E-02
   7.8482417469278988E-01   3.5900179480771536E-02   6.1867777714334435E-01   4.3163120189148838E-02
  -5.4016718048144376E-01   8.1716249162625924E-01  -2.0115884124216725E-01   4.4018059134722857E-02
   4.6768097531307164E-01  -2.9004033939287673E-01  -8.3495575143541529E-01   4.3325181179128637E-02
  -4.2374130104710623E-02  -9.9906253575403436E-01  -8.8590490792030287E-03   4.7380221322313387E-02
  -7.1070044142618957E-01   1.5598654180081206E-01   6.8598329522929555E-01   4.0377075421297368E-02
   4.0936709343115555E-01  -9.0325474817080060E-01  -1.2864463736445106E-01   4.4002537531120493E-02
   3.5752630700594734E-01   5.4607661056909870E-01  -7.5761155956601804E-01   4.6839715989712438E-02
  -1.4081069058595574E-01  -9.0969706173042865E-01   3.9067071210385204E-01   4.6611716486251157E-02
   5.1451994502738322E-01   1.5511190474424463E-01   8.4333239186908439E-01   3.2475546967140638E-02
  -7.6699926435229679E-01   3.8774765045203434E-01  -5.1123760430152493E-01   4.0662921032796353E-02
   4.1032512838355819E-01  -8.0362306330560127E-01   4.3107222264991520E-01   3.1355978548675307E-02
   8.7141327136506401E-01  -1.1862513122448130E-01  -4.7599053428698772E-01   4.5542884558808793E-02
  -4.7432724854909578E-01  -2.7650347967083730E-01  -8.3579871201968423E-01   4.1854541831598313E-02
   2.0630716168677869E-01   9.4739549080616463E-01  -2.4470214350694172E-01   4.6042854449926826E-02
  -7.9383956538515736E-01  -2.6430926691405010E-01   5.4768545338767395E-01   4.6611713881967471E-02
  -9.3099079071525974E-01  -3.5822724509252141E-01  -7.0209603878657409E-02   4.4375175565848925E-02
   8.4518804271141672E-01   2.7756279903874938E-01  -4.5674507665372736E-01   4.4295337676177588E-02
   2.6439065208563108E-02  -8.2484069799561368E-01   5.6474666777326465E-01   4.3425698148289830E-02
   5.1549970397673119E-01   3.5296030235856390E-01   7.8081949268627610E-01   4.5240859882554467E-02
  -6.7109276799019488E-01  -7.0663491834783265E-01  -2.2428015722040628E-01   3.8669484041086089E-02
  -7.9892371287658106E-01   5.5050530502932932E-01   2.4220819585237651E-01   4.3163121606910310E-02
   3.4089790893771483E-01  -9.3655175466700075E-01   8.1605309337416613E-02   4.1828715221299548E-02
  -2.4775258294338837E-01  -9.6753548236641488E-01   4.9937440932312515E-02   4.1565699992027687E-02
  -4.8782717240612720E-01   7.7033619841456708E-01   4.1061757302194843E-01   3.4982694752517460E-02
  -2.6193721686472155E-01  -2.1450050287108113E-01  -9.4094549719376257E-01   4.5243718019098677E-02
   2.2358482330147171E-01   8.6336858900840489E-01  -4.5233229632968479E-01   4.1109010666805456E-02
   7.4745592268693181E-01  -2.6697934791725632E-01  -6.0830228622445936E-01   4.3757656626098793E-02
   4.0058976993352963E-01   3.4675948268975065E-01  -8.4810712612814338E-01   4.1918126012779488E-02
   4.0770304517396862E-01   7.7106414277314661E-01  -4.8911993895708780E-01   3.8036752668546419E-02
   6.2948680708234547E-02   7.1574673207829668E-01   6.9551713071378173E-01   4.5247300199060038E-02
   1.1636576044725475E-02   9.9201617061160618E-01  -1.2557271735150110E-01   4.2055678556152464E-02
  -1.4532357795955901E-01   8.7967785779502403E-01  -4.5282217723317126E-01   4.3436135433365299E-02
  -9.5270810813272444E-01   1.9955244954000628E-01  -2.2918569017447021E-01   4.1897694953905997E-02
  -3.3924676242887135E-01   3.3329920018516485E-01  -8.7967225563698345E-01   3.3938090028370186E-02
  -2.2525628895932485E-01   9.8151915535278710E-02   9.6934297633037438E-01   4.6502429763464085E-02
  -7.9203766856191917E-01  -3.7373138346573036E-01  -4.8270196249009664E-01   4.4716210899229418E-02
  -9.7363248454919641E-01   2.2779931741329164E-01  -1.2134909006549545E-02   4.5240858720775838E-02
  -7.0596090669466393E-01   7.0144878866325441E-01  -9.7922393259668343E-02   4.5970481870879416E-02
  -8.3845876643635790E-01   9.4535445642843036E-02   5.3670284748930665E-01   4.1565697030880404E-02
  -5.1568579194161578E-01   7.3835651182230099E-01  -4.3462377459033776E-01   4.3735694734231858E-02
   2.1442563553946749E-01   4.1478824538896388E-01  -8.8429200963858090E-01   4.3968875091296286E-02
   1.0102960193902217E-01   5.4062822614534988E-01   8.3517312015352551E-01   4.2827087115296462E-02
   1.3644169348350425E-01  -9.7956475751762042E-01   1.4777195305198800E-01   4.3756314203506025E-02
  -5.9506243989417981E-01  -8.0174845791238240E-01  -5.5678567351380472E-02   4.5937666381006208E-02
  -1.8865884912542956E-01  -7.9305600283374575E-01   5.7919773395277553E-01   4.5945135209910956E-02
  -4.5420232754678488E-01  -7.3291406996016110E-02  -8.8787871655515395E-01   4.4780121066133720E-02
   4.0139789912224301E-01   9.1252817776896044E-01   7.8562404226896127E-02   4.3757659949408136E-02
   8.7281849616656170E-01  -4.2485657105674690E-01   2.4017653253272905E-01   4.3496057381941080E-02
   5.7888781010168006E-01  -7.9312745002202023E-01  -1.8930861400699392E-01   4.2795620763898920E-02
  -9.4371151931120067E-01   7.6083578578464301E-03  -3.3068214528464077E-01   4.2795622061555729E-02
  -4.8663871953597528E-01  -4.6686362128913039E-01  -7.3839089631792305E-01   4.6430121748640402E-02
   2.7628833721996750E-01  -9.1097593411324613E-01   3.0624761579924841E-01   4.5585583294451215E-02
  -8.6800386671692653E-01   3.6878348137602219E-01  -3.3251771566135426E-01   3.9551939512044324E-02
   6.2606706738751061E-01  -1.7751944558094865E-01  -7.5929366754466940E-01   4.3731989249222644E-02
   9.4727358921229498E-01  -1.5107945785115449E-01  -2.8257343221940987E-01   4.4780118440753930E-02
  -8.8804746744364884E-01  -1.0122898396572208E-01   4.4846893802379348E-01   4.2661847338247289E-02
  -7.4249114607494561E-01  -5.2577936822290327E-02   6.6778923213827354E-01   4.9833643099704589E-02
  -2.7569077188470467E-02   1.0321618969595920E-01  -9.9427680460102454E-01   4.4295331155607735E-02
   2.8913690217453712E-02  -4.0119400322120881E-01   9.1553665699268957E-01   3.1413899360007340E-02
   7.1204466140510085E-01  -4.7256996521301184E-01  -5.1929762963359280E-01   4.4304708763059457E-02
  -2.5353720679150937E-01  -2.1909240582663014E-03  -9.6732315418588541E-01   4.2055679311980256E-02
  -5.0943987253070801E-01  -7.8022870000541244E-01   3.6292449898533996E-01   4.9210342746761153E-02
  -6.7746901363869005E-01  -6.6625943415223556E-01   3.1166344341703462E-01   4.1983813988708895E-02
  -8.9091312024615394E-01  -1.9425097893179998E-01  -4.1053668454512033E-01   4.5247302548081043E-02
   1.2137492676077621E-01  -5.5517189064792438E-01   8.2283187771757191E-01   4.9210342168888407E-02
   5.9220693596628244E-01  -4.0927579830990303E-01  -6.9410681160122535E-01   4.1395044384565791E-02
  -9.6178933972892366E-01  -1.3539681998007013E-01   2.3796841623014919E-01   4.3756313335647618E-02
   4.0874156844919111E-01   8.6208335446801189E-01   2.9957072649188418E-01   4.4304706305301575E-02
  -7.7371715565596366E-01  -1.7065811624443004E-01  -6.1011275220531828E-01   4.2683360483286385E-02
  -4.0448814707402727E-01  -7.1336790223532098E-01   5.7227229090442399E-01   4.4259490313035136E-02
   4.5246959436793732E-01   1.3902897177674011E-01  -8.8087582052138131E-01   4.2947428865166399E-02
   5.7345036314556896E-01   2.6624236185045750E-01  -7.7477073109695187E-01   3.8036751810532191E-02
   7.9324638594828131E-01   2.4800543130401164E-01   5.5610563495050229E-01   4.3072626671541209E-02
   2.2045945208430772E-01  -5.7215728520067514E-01  -7.8995801849116018E-01   3.3349430905697206E-02
  -1.8549137146161163E-01   9.8171990286447989E-01  -4.2649542002775922E-02   4.5243719262630497E-02
  -1.4672056274743338E-01   7.6932327861484495E-01  -6.2178353906193271E-01   3.6560365386192352E-02
  -2.1357243123489402E-01   2.9769657478020201E-01   9.3046416695139413E-01   3.1355981076682732E-02
  -5.1415024763873162E-01  -3.4779893812263895E-01   7.8401876348324437E-01   4.4259489053012677E-02
   4.6536223014411470E-02  -4.9311599777413075E-01  -8.6871801678494993E-01   4.4018060655597492E-02
  -5.9222808774627804E-01  -6.1601686682090086E-01   5.1941227543883421E-01   4.1904812761601633E-02
   8.1914799834719964E-01   1.0275092396468945E-01  -5.6430382280131583E-01   4.6042853269487151E-02
   9.8595762468487784E-01   5.5316180056673847E-02  -1.5756802515006398E-01   4.5243720926698616E-02
   8.6288871145355070E-02  -2.8631213740989442E-01  -9.5424294112570624E-01   4.4991540629860642E-02
   1.9803613273477528E-01  -9.7809072247048156E-01  -6.4189008004687728E-02   4.3574390765742609E-02
  -9.8840546023380415E-01  -1.5038545136364067E-01   2.0949038120064829E-02   4.1828716787317619E-02
  -5.0447933249859353E-01  -8.2155490860677442E-01  -2.6560898935444221E-01   4.6788472427502956E-02
   4.1975449485151719E-01  -6.8650233300673573E-01   5.9373454575951409E-01   4.9718939938948922E-02
  -1.5207365555281704E-01  -9.6406945572179427E-01  -2.1781571988974173E-01   5.0059068200055270E-02
  -1.9259769514144064E-01   2.2193896117490186E-01  -9.5585000148496632E-01   4.6042857681095696E-02
   4.9621963314271066E-01   6.2558554428956067E-01  -6.0200398874064600E-01   4.1918126273702673E-02
   8.9685691763582635E-01   9.3606197175818657E-02   4.3230261292183547E-01   4.3022554762820552E-02
   5.4507342192042873E-01  -5.8932440981336844E-01  -5.9631510522045232E-01   4.0662918292417877E-02
   7.3386862859060251E-01   5.9113503813100258E-01  -3.3465833721036513E-01   3.6560366161484503E-02
  -3.2864204376325556E-01  -8.4099012119840601E-01   4.2980230701777371E-01   3.1413900628275377E-02
   4.8762061762379724E-01  -7.2341044127610150E-02  -8.7005339296086514E-01   4.4958425680595786E-02
  -1.5489927508672529E-01  -5.7086560959087284E-01  -8.0629936770659078E-01   4.3896528324807251E-02
  -8.3777096176217451E-02  -9.7684078019454361E-01   1.9688445419889330E-01   4.2661846572321842E-02
   9.0875579373261388E-01  -2.4534664461404172E-01   3.3759136738672412E-01   3.4982695772570524E-02
  -9.9349801149727703E-01   3.9316581437273839E-02   1.0684525059656384E-01   4.3574390313878170E-02
  -4.6930602432298433E-01  -5.5126445919123412E-01   6.8982559503598483E-01   4.2963916414709730E-02
   9.2857202349937519E-01   3.4027146108893493E-01   1.4822054494123724E-01   4.4018057082081485E-02
   1.2337798845264598E-01  -4.3464181991066483E-02  -9.9140745248824231E-01   4.3436131715582346E-02
  -4.0203913650114673E-01   2.4989353014903752E-01   8.8086193941562953E-01   4.9718939685640286E-02
  -5.0341914934626856E-02  -6.9104808595846067E-01   7.2105355868608178E-01   4.1904813650536958E-02
   2.1308719939499356E-01   2.0010806643826186E-01  -9.5632139325664908E-01   5.3153168185873305E-02
  -9.6182691933535657E-01  -1.9230985677901536E-01  -1.9469436619350846E-01   4.2827085208453885E-02
  -3.3250761816179092E-01  -4.4214423265278863E-01   8.3303491007054990E-01   4.2963915908917504E-02
  -3.6741563970325201E-01  -2.3556151413726782E-01   8.9973136032863045E-01   4.1904815041037828E-02
   9.7861628769746289E-01   2.0569127828083249E-01  -1.1222711052137106E-03   4.1995064976844309E-02
   2.2642395644250488E-01   7.8724298309120497E-01   5.7356837214283649E-01   3.5953663795861006E-02
  -1.7378646303707219E-01   4.5388685599555929E-01  -8.7394793164097066E-01   5.0221680343641299E-02
   1.1314528143863971E-02   9.9475691149467078E-01   1.0163989613564980E-01   4.4780119546257024E-02
   6.9529622931696399E-01   7.1872314696992658E-01  -4.3761542138621569E-04   4.3325182365883385E-02
   2.3011254829449612E-01   8.8484293669066396E-01   4.0509405390113375E-01   4.4076661630586118E-02
   8.0859010346096340E-01  -3.7876490594762075E-01   4.5024347925037009E-01   4.6335745324318171E-02
  -6.6227008295825422E-02   6.4769969073718147E-01  -7.5901191953166602E-01   4.2947426612439807E-02
   8.0929664037005224E-01   5.7081066891211946E-01  -1.3861503577117773E-01   4.3626424753831303E-02
   5.2362854435642356E-01  -5.0512856410756823E-01   6.8604539300092906E-01   4.5937666429311203E-02
  -3.3914917820723693E-01  -9.0947305746300362E-01   2.4049239628365004E-01   4.9833641030984781E-02
   5.6070951237470643E-01   4.5658843825161028E-01  -6.9074730602983471E-01   4.3968874641926163E-02
   4.1147913373183433E-01  -5.2199770307278416E-01  -7.4713005594075561E-01   5.0031264540293083E-02
   4.1280640707839308E-01  -3.8815470995297864E-01   8.2397013988150504E-01   4.0377075411856306E-02
   6.5708324411591378E-01   8.2911424041852832E-02  -7.4924449018024716E-01   5.0221679784261761E-02
  -8.8249093299390253E-01  -3.7727291117881160E-01  -2.8084676190801278E-01   4.1883200473384523E-02
  -5.9005516813562861E-01  -7.9160858039225381E-01   1.5871595384773254E-01   4.1000373108774930E-02
  -9.0553705133449540E-01   4.0600463984921759E-01  -1.2313765094939197E-01   4.4880899278774846E-02
   5.3907463182460801E-01   8.3956957579674771E-01  -6.7241867312205609E-02   4.3731987081514196E-02
  -1.0655133876316198E-01  -3.6528405617044583E-01  -9.2477801147921141E-01   4.1995060163536868E-02
   5.9538457176364403E-01   6.0517954432732530E-01   5.2846469213523930E-01   3.9551940407657513E-02
  -2.6158584946996876E-01  -6.3080072022805335E-01   7.3052261752586700E-01   4.2963916425389188E-02
   5.8449708291815349E-01   6.9595445119890806E-01  -4.1714573222867299E-01   4.2947427104754254E-02
   9.1808247507086981E-01  -3.9542053344955911E-01   2.7697846382195199E-02   4.5270947684618887E-02
  -5.0753036563758282E-01   6.4728507056331405E-01   5.6871342992901716E-01   4.6335746595117157E-02
  -3.3495351258640999E-01   7.8101450265982350E-01  -5.2708869371392728E-01   4.3626426214465228E-02
   3.2990267893371285E-01  -5.6757590084088258E-01   7.5433534930892651E-01   4.1000373692756140E-02
  -1.6372392360638885E-01   8.8345542181910801E-01   4.3897721409812486E-01   4.5270948318639874E-02
   8.0431445943458932E-01  -5.8182766885578001E-01   1.2064333424724804E-01   4.4716211118531372E-02
   7.9573700157295634E-01  -5.0703896196847777E-01  -3.3123121135184350E-01   4.4076658948317763E-02
   6.5622455109586859E-01   4.2208724009076084E-01   6.2546918412627663E-01   4.4880897481245005E-02
   8.3442323242357900E-01   4.8499425435544978E-01   2.6176027665401631E-01   3.3349432102897722E-02
  -1.5693153581496832E-01   9.5317188732655662E-01  -2.5852629707069540E-01   4.4732080655910717E-02
   5.6711213652620671E-01  -2.4308440301656517E-01   7.8695222066829515E-01   4.4164628737429074E-02
   9.1638991703755099E-01   3.9369016942122311E-01  -7.2371060880707380E-02   4.4991539882812130E-02
  -8.6324547651483740E-01   2.0001027962957231E-01  -4.6346859151313770E-01   5.0801409244872735E-02
  -2.3509677052275046E-02   2.1497123285748780E-01   9.7633737208437825E-01   4.5585584736483522E-02
   4.8910790638684957E-02  -6.7645119835745779E-01  -7.3486155893464584E-01   4.5970479882014858E-02
  -8.7921531724991233E-01  -3.1094406281704181E-01   3.6096290074184582E-01   4.3672370926806447E-02
  -7.6777704131089077E-01   4.7252000820745880E-01   4.3271613868622686E-01   3.6546214761783741E-02
  -6.4180975745405994E-01   4.7362025233922819E-01   6.0312858646468292E-01   4.6788470709919272E-02
   4.7884692376666055E-01  -8.4276857906546513E-01   2.4585919901273318E-01   4.4375175770570436E-02
   1.8384930067999301E-01   1.3515325311963202E-01   9.7361852530170054E-01   4.3756312646511883E-02
  -6.6127719683059726E-01   6.4881617980143380E-01   3.7649705680090144E-01   5.1913283599446140E-02
  -1.6664920666485287E-01  -8.6247653452493295E-01  -4.7787264967963718E-01   4.3163119285603492E-02
   9.2943719158433140E-01   6.0300665480416748E-02  -3.6401969265748483E-01   4.2055678945685830E-02
   1.6337313748888369E-01   3.4748257357822707E-01   9.2334450721628833E-01   4.1828717592361597E-02
   1.4907773014164447E-01   6.2511645882339861E-01  -7.6616267416516006E-01   4.1918126672170021E-02
   1.5151123125597429E-02   3.0732448458548962E-01  -9.5148415890244653E-01   4.1109011065907221E-02
   4.0211289704759938E-02   9.2944917748428110E-01  -3.6675233967089200E-01   4.4295336066575954E-02
   3.0375628847612543E-02  -2.0715981114899384E-01   9.7783543289084455E-01   4.6611717326253208E-02
  -4.7864072667374788E-01   4.8964320409894828E-01   7.2880215933334211E-01   3.8669484848938671E-02
   6.0093993177472304E-01  -6.8561843288046944E-01  -4.1085102274805205E-01   5.0801409760286739E-02
   6.5601010113073989E-01  -7.3024377418837538E-01   1.9077415305421606E-01   4.1883199180018291E-02
   3.1502630695796773E-01   4.7607870961247265E-01   8.2104049119281992E-01   4.4002534053467767E-02
  -4.1290428984060278E-01   1.3247109241431940E-01  -9.0108903949930745E-01   4.5542883876391009E-02
   4.2503413868311508E-01   7.3415567913801060E-01   5.2949166163718661E-01   5.0801408434775296E-02
  -7.4130900488390931E-01  -6.6858977555837455E-01   5.8725388860616876E-02   4.9718941412142223E-02
   9.3568151747810386E-01   2.4725423355089048E-01  -2.5172493289508457E-01   4.4732079099096093E-02
   7.1966328948542344E-01   6.5030489910646007E-01   2.4328643193806840E-01   5.0031261158297404E-02
  -2.9622869795332320E-01   4.5923998658989635E-01   8.3746474148216556E-01   4.8879235972954795E-02
   2.7610176670236925E-01   6.5000744587880134E-01   7.0799585784519081E-01   4.2795622692933781E-02
   7.0614794556522433E-01  -7.0755517853323741E-01  -2.6846755945765439E-02   4.5247302213271813E-02
  -7.4852420274816342E-01   4.5775721792509198E-02  -6.6152558619799517E-01   4.4076662360752427E-02
   5.8290879522417800E-01  -6.9560325605848269E-01   4.1994457564199363E-01   4.8879236892396873E-02
   6.6075240215043251E-01  -5.2986561365617159E-01   5.3164715227037762E-01   3.8669481438691754E-02
   1.9296546946838553E-01   9.8119959117670809E-01  -3.4190448237274000E-03   4.5542883917623599E-02
  -3.4221475459351662E-01   8.8822782680917296E-01   3.0649696478163237E-01   4.6430124221070938E-02
  -9.5642319811801712E-01   2.1785824830357465E-01   1.9440280282907966E-01   3.2475547965701028E-02
   2.2715572125830125E-01  -8.2502772060165714E-01   5.1742587733747438E-01   4.6502429534441125E-02
  -2.0505598656921404E-01  -1.0704533735489840E-01   9.7287889180653017E-01   4.3425695248842286E-02
   3.8376654935434672E-01   1.5194149270028923E-02   9.2330513559961211E-01   4.7380222813376482E-02
  -6.1718334920563355E-01   4.5210310611615431E-01  -6.4396233966237668E-01   4.1395044125638591E-02
  -5.7869902736535747E-01  -6.9257936625580924E-01  -4.3062890887989704E-01   4.6335743970022660E-02
  -6.5584224654453198E-01  -4.2844260480012268E-01   6.2153671013022817E-01   4.5945135808938104E-02
  -3.1575667489227301E-01   6.2683179317343640E-01   7.1230585097130125E-01   4.2547452742232634E-02
  -1.7185364507436508E-01   9.6433207648830041E-01   2.0132056757921419E-01   4.1854541746837901E-02
   9.6880788514138984E-01  -2.0760139771447234E-01   1.3532531675508805E-01   4.6430122015627315E-02
   8.4668703610085351E-01  -3.3030977021115099E-01  -4.1715287198077488E-01   4.1582730932244214E-02
  -3.6186902680945283E-01   8.7137854615775225E-01  -3.3128573276249251E-01   4.4991538109115092E-02
   8.7674894706339419E-01   3.1056483269347365E-01   3.6723394249075673E-01   4.5970478961220093E-02
   6.8747401633774654E-01  -3.5284784005869478E-01   6.3472661723482302E-01   4.6788473304266648E-02
   2.7866837880437271E-02  -8.1850953570762854E-01  -5.7381667743472544E-01   4.3072625522452829E-02
  -8.1181720060320845E-01  -5.6571783416952934E-01  -1.4462421964286244E-01   4.8879234165953713E-02
   4.2607512104338294E-01   8.5215330157391342E-01  -3.0380049678126823E-01   5.0221681784610581E-02
   8.3068837175230036E-01   5.5270013952257652E-01   6.6928206365002909E-02   4.3735694348386484E-02
  -8.1847738884093992E-01  -5.2034465624027355E-01   2.4359023518669227E-01   4.6502427849785439E-02
  -5.2429023698062868E-01   3.0839374244896564E-01  -7.9373361213011337E-01   4.3757660007004171E-02
  -4.1203483008477297E-01   4.8822621290469028E-01  -7.6932598021239098E-01   4.3731989049154886E-02
  -9.3560417842987906E-01   7.6284402502212147E-02   3.4471076461206058E-01   4.7380222998096304E-02
  -6.6354190121424743E-01   6.8488702118814916E-01  -3.0106795502179517E-01   3.3349429486949819E-02
  -5.3241044269951878E-01   8.1584847633886816E-01   2.2567761111827109E-01   4.2747915249036978E-02
  -3.5329447807121594E-01   9.3162572715474318E-01   8.5185188077407474E-02   4.3318781007657101E-02
   4.6778489440204120E-01   5.4874818219221044E-01   6.9285837305326385E-01   4.1897694918288355E-02
   5.7033919233845153E-01   7.3373447040160675E-01   3.6925185527928845E-01   4.0662921577774779E-02
  -3.5307370222636116E-01  -9.2521727506780671E-01  -1.3896745918477959E-01   4.4164626540130100E-02
   9.1796469349954463E-01  -3.4682579994983568E-01  -1.9249074257595815E-01   4.5134996511917639E-02
   5.8858926088553804E-01  -2.5777272760852971E-02   8.0802117186323076E-01   5.0059067132712113E-02
  -1.5883941390995628E-01  -7.3284843967546988E-01  -6.6159141851596814E-01   4.3022555744593393E-02
   4.4769143446980503E-02  -9.7954272029062288E-01  -1.9619322852909611E-01   3.2475547228326115E-02
   5.3753100705471617E-01  -8.4206714981085202E-01   4.4534611979571074E-02   4.2827086592311349E-02
