   0.0000000000000000E+00   0.0000000000000000E+00   1.0000000000000000E+00   3.7987853106088200E-02
   9.2094550046382721E-01   0.0000000000000000E+00   3.8969139735877011E-01   3.8204029479944306E-02
   7.8228628301935252E-02  -7.9181822914843182E-01   6.0572615405167962E-01   3.7861840186402426E-02
   2.6000557944462348E-01  -5.5952047198618393E-01  -7.8697772527945382E-01   4.1144748241153461E-02
  -1.6308682173445500E-01  -1.1343012535443590E-01   9.8006953592009544E-01   4.0271711227041100E-02
  -2.4256215053529768E-01   7.8545565448718424E-02   9.6695097976889847E-01   4.0753736699952760E-02
   9.0318305753899181E-01   1.7742813803048558E-01  -3.9087033708066556E-01   3.7857615586457686E-02
   7.9244783071410731E-01  -6.0991440329184971E-01   5.5548405604816215E-03   3.8752489757394039E-02
  -2.1689137495834840E-02   9.8069972445446094E-01   1.9431323107197568E-01   3.3447563836007887E-02
   2.6297685850173997E-01   2.5991268447918254E-01   9.2913323497729898E-01   3.4704537372870989E-02
  -3.1887304661151394E-01  -8.4976987324950350E-01  -4.1977510962682602E-01   4.2314088320673937E-02
   8.9689838842325055E-01  -4.4221626895580206E-01   4.2488015469962112E-03   4.0048507432359139E-02
  -3.3816752388513608E-01   8.7861784563754650E-01   3.3715487111508930E-01   3.6106936711287183E-02
   4.7312156900586597E-01   4.9163363159886745E-01   7.3106248243384550E-01   3.7777020329525505E-02
   9.2726019972477562E-01  -3.3207303885990855E-01  -1.7296247821049166E-01   3.9119885944699937E-02
  -9.1456736528848807E-01  -3.9946598327132804E-01   6.3193849054668183E-02   4.3011476840004680E-02
  -3.3535961090087234E-01  -2.5080273311571659E-01   9.0809246249382677E-01   3.8573769175487484E-02
  -4.7876299831605049E-01   8.7243701309010646E-01  -9.8181717411333266E-02   4.5282724395979716E-02
   2.0864286681844044E-01  -6.5178385619128365E-01   7.2914056184949869E-01   4.1280737625183947E-02
  -5.5735481401998088E-01  -7.7097735239486118E-01   3.0813882160961569E-01   3.7243926067643018E-02
  -7.5758139880556569E-01   6.2718293840289307E-01  -1.8086455141932917E-01   3.9274643031719950E-02
   4.7372951945744441E-02   5.2485658231896774E-01   8.4987138522272829E-01   3.7476617083725098E-02
  -2.8844911533735340E-01  -9.4807857747283943E-01   1.3395565982135804E-01   3.6198542388468069E-02
  -9.3369041603807794E-01   5.5520993645410374E-02   3.5375079683764272E-01   3.0682723209102191E-02
   6.9686509355458037E-01  -1.6267757959761288E-01   6.9850915991232955E-01   3.7252716305983533E-02
   8.8128905972904298E-01   4.5646617884663669E-01   1.2234468019104776E-01   3.9122206696721741E-02
  -2.7785842387271886E-01   2.7344489804037048E-01   9.2088141691461018E-01   3.8092491280050726E-02
  -8.7350765883442953E-01   2.1819261743510049E-01   4.3517393264580297E-01   3.7972498933744138E-02
  -3.0041963602418029E-01   3.1910565929393586E-01  -8.9884349054642527E-01   4.0326708406150046E-02
   4.8883832460362537E-02   9.8680460934764848E-01  -1.5436007869336614E-01   4.0290218800403128E-02
  -1.0973007593598094E-01   4.1942044075461577E-01   9.0113584120946370E-01   4.0236110459160823E-02
  -6.3087113181369600E-01  -7.3433258138235890E-01  -2.5051402149266506E-01   4.1955293101201185E-02
   3.8840716074375585E-01  -8.1920898472347367E-01   4.2194373657077735E-01   4.0478401680402775E-02
  -6.7221888201252699E-01  -2.7560183732085112E-01  -6.8714292685816058E-01   4.3165636210093412E-02
   5.8311337395743798E-01  -7.2866519637947435E-01  -3.5920164907365776E-01   3.8903738432247823E-02
   4.0653324284633391E-01   8.8884516825502775E-01  -2.1138824312277906E-01   4.1101314484573467E-02
  -9.1551991575175382E-01  -2.6586792803746850E-01  -3.0188992812441597E-01   3.4517780588848778E-02
   6.9780566686068814E-01  -2.6683746087289952E-01  -6.6472928382313209E-01   3.8069177213793189E-02
   5.0989780281631533E-01   7.6914612698634812E-01  -3.8525117264583945E-01   3.7869556717974317E-02
   1.7088505194566058E-01  -9.7801725827469567E-01  -1.1950121981961594E-01   3.8928790266410606E-02
   4.4677629675292864E-01  -5.8877294721474591E-01  -6.7360029489883768E-01   3.9786594583611790E-02
  -6.0801120752374169E-01   7.4513240437848686E-01  -2.7404392252092870E-01   3.9384679745332986E-02
  -7.7985885374062409E-01   3.7766996469009828E-01   4.9918490162798363E-01   3.8949786891406956E-02
   3.6240724808670998E-01  -9.2365851599475448E-01  -1.2456296546159184E-01   3.9702716371491142E-02
   5.5981292402303335E-01  -5.3014759293150381E-01   6.3683044824012142E-01   3.1504837812187642E-02
  -1.7746037077408276E-01  -5.3912024087252774E-01  -8.2332082609774452E-01   3.7884308761071050E-02
   5.0262198705292231E-01  -5.3108922702165104E-02  -8.6287344405792651E-01   3.7483676337512359E-02
  -6.3487480781436049E-02   8.6724201352442591E-01  -4.9382246785877024E-01   3.4361684945695887E-02
  -9.8598399880952154E-02   9.9494787897574816E-01   1.8896392845620852E-02   3.6954461732223511E-02
  -3.6798516533535030E-01   7.7976534579206919E-01   5.0651053650925126E-01   4.3806090657613587E-02
  -5.7035536997023763E-01  -4.4416445894993508E-01  -6.9095056650372956E-01   3.1614165133929397E-02
   4.3618498259707978E-01  -7.3910201706360485E-01  -5.1329413529602687E-01   3.8198758495128632E-02
  -8.9970696134468433E-01  -4.0495066815832840E-01  -1.6291820053645929E-01   3.7790776493117239E-02
  -8.4639498936685058E-01  -3.1636808673991563E-01   4.2840022836970330E-01   3.8023291087449226E-02
  -9.8320890132199902E-01  -1.1743161205146239E-02   1.8210533909278336E-01   4.1115310909635596E-02
   9.1394944347380278E-01  -3.4255764943671671E-01   2.1760209462759667E-01   4.1057093357554457E-02
   2.2015278015905161E-01   1.4957203565907235E-01  -9.6392995572139028E-01   3.9964991182059881E-02
  -4.9819730582135672E-01   5.9383629605021699E-01  -6.3178944116351019E-01   3.9906826235497137E-02
  -4.3153587235459651E-01  -5.5060920882436414E-01   7.1456720469733649E-01   3.8220534055774614E-02
  -1.7812034805648371E-01   7.4833084295504228E-01   6.3896329400868800E-01   3.9144022601168678E-02
   7.7823649441883677E-01   5.3437535787276857E-01   3.2983470959410898E-01   4.2967787597225379E-02
   7.3018785525956868E-01   6.7407372095004323E-01  -1.1158097846852985E-01   3.7947381152594603E-02
  -4.8685813710398120E-01   4.9494016597592773E-01   7.1972452121583438E-01   3.8260139783601818E-02
  -4.9499165839469068E-01   6.4303830123599281E-01   5.8436718017287923E-01   3.4463697194054865E-02
   4.7992664247688363E-01   8.7714531990518818E-01  -1.6926476576376026E-02   3.9782229027808648E-02
   7.2761704971873619E-01  -5.7974080301851600E-01  -3.6670700876046598E-01   3.8509721505554255E-02
   7.3332350276926678E-01   4.3597165530520376E-02   6.7848060211322005E-01   4.0045381952703245E-02
  -7.1382576902816152E-01   2.7626801774632885E-01  -6.4352836288843384E-01   4.2979946554063763E-02
  -3.8175134272127202E-01   7.4703696764620666E-01  -5.4424413758943357E-01   3.6776857951741890E-02
   3.9278761302957182E-01  -9.3645295450246130E-02   9.1484886713083231E-01   3.8326294555920874E-02
  -1.9427659374957915E-01  -9.7869747234185915E-01  -6.6391737081635389E-02   3.9532233370879472E-02
  -7.8159342446248283E-01  -5.8222964783111175E-01  -2.2387576024096214E-01   3.7038265448099809E-02
  -8.5195685779679255E-01   2.2671634114348897E-02   5.2312093196468527E-01   4.0693649776334126E-02
   9.6532472778988953E-02   3.1831745768757908E-01  -9.4305645527215915E-01   3.9438976998714245E-02
   7.3462930723552339E-01   2.5472710652668260E-01   6.2883533786771161E-01   3.8688758836185401E-02
  -3.6410345083687420E-01  -8.8061069159821308E-01   3.0323833354573910E-01   3.9680129161331830E-02
  -8.1856493322986718E-01   5.4652220850927761E-01   1.7681890649058056E-01   3.8294900240417586E-02
  -7.1702267758602449E-01  -5.0861406249373919E-01   4.7664474743878475E-01   3.8088028199506776E-02
  -4.0298495761275772E-01   4.6466688323471005E-01  -7.8847182039866474E-01   3.5776643987364735E-02
  -6.1597495849970727E-02  -4.0416324633164455E-01  -9.1261044198479304E-01   3.9032127586189497E-02
   7.9553803547279899E-01   3.7549711180098874E-01   4.7552197966570934E-01   4.4001822326712662E-02
   4.6596819694981981E-01  -4.2589357218827759E-01   7.7555677071381587E-01   4.0215196242639930E-02
   8.3598024746020840E-01  -2.4310848674614078E-01  -4.9197082182622393E-01   4.0887314936013243E-02
  -7.2167386182085202E-01  -3.4183830962260408E-01   6.0194136528314654E-01   4.1131155128222767E-02
  -7.1441241653354286E-01  -4.3599213733529316E-01  -5.4728946206235926E-01   3.9213141082859298E-02
   8.1900623467970152E-01  -4.4230068755623932E-01   3.6551181833568064E-01   3.8921107575537501E-02
  -3.0538137602300139E-01   6.3917359738335992E-01  -7.0583236507425244E-01   4.2333797524308556E-02
   4.9379197675920405E-02  -8.1193402062386930E-01  -5.8165697880317797E-01   4.6656274272250488E-02
   9.5967005259873801E-01   1.9805292097490026E-01  -1.9952050179980380E-01   3.2201201513365771E-02
   9.5268075875269495E-02  -5.4081605922472588E-01   8.3572841509886544E-01   3.1158857322519457E-02
  -1.8685716609202110E-01  -8.0127236413590416E-01  -5.6837223538110839E-01   4.0298185870231009E-02
   1.8771602612435509E-01   7.5979793184688837E-01   6.2247071922884176E-01   3.9609001995538296E-02
  -6.5383670442776580E-01  -2.0024403521303284E-01   7.2965737870910363E-01   3.8785832154910133E-02
   2.1812937806677696E-01  -8.9746782932716833E-03   9.7587859366507938E-01   4.3109474533306730E-02
  -5.8013245955954308E-01   4.1748260636209275E-01  -6.9939588413895394E-01   3.5449805485497365E-02
  -9.5208021227533681E-01   2.0804214240036338E-01   2.2419129416464107E-01   4.0378587339342741E-02
   8.4242542471655941E-01   1.3598525482939214E-01   5.2137070713659188E-01   3.8607639721267412E-02
   5.4869158331814613E-01  -8.1998256770838082E-01  -1.6299121157349736E-01   4.0175502325951955E-02
  -1.0616564249929392E-01  -3.6152416632992201E-02  -9.9369102799829427E-01   4.1334850203758985E-02
  -7.3815543098576572E-01   8.6005136719168273E-04   6.7463013571724195E-01   3.7449690938072066E-02
  -4.0305751037673003E-01   9.0377451874202971E-01   1.4400091180796312E-01   3.7716446108225403E-02
  -3.6053152637850240E-01  -7.0518683977653395E-01   6.1051497892612935E-01   3.9995821563303021E-02
  -4.9910099395607074E-01  -1.8926374824190482E-01   8.4562251119130404E-01   3.3641136809984075E-02
  -2.0770396838521252E-01   4.9342411726550015E-01  -8.4462518433787927E-01   3.9606134829340549E-02
   1.8141673235987141E-01  -8.7442334964099615E-01   4.4996863759876291E-01   4.3028391042872149E-02
  -2.9911050858108897E-01   9.5371430151868814E-01  -3.1015072708008806E-02   4.0321876340916862E-02
  -3.3609660716294809E-03  -9.9805062371424728E-01  -6.2318989165962443E-02   3.0222952490077030E-02
  -2.6493241178084350E-01  -9.3302931023623045E-01  -2.4344839992920377E-01   3.7586512906844795E-02
   6.5569839830985499E-01  -7.6152875950293532E-02  -7.5117264988708818E-01   4.1029348397657159E-02
   9.6246353926555521E-01   2.1811919282319860E-02  -2.7053313246558685E-01   4.0593437196595854E-02
  -8.4057393242150073E-01   1.9313045312216443E-01  -5.0609889568174502E-01   3.9469947626352880E-02
   6.7601792488659109E-01  -7.1579321554516486E-01   1.7504238861356009E-01   4.5412758207612879E-02
   4.1134027024275070E-01  -4.2875364232365678E-01  -8.0434414044662414E-01   3.8028757860324278E-02
   1.1822590542688933E-01   6.3810794732570741E-01  -7.6081593230279054E-01   4.0401180318811329E-02
   7.0199373004408300E-01  -4.9682699325398651E-01   5.1026242439846409E-01   3.9161179780044701E-02
   8.1772808636390017E-02  -9.1061327623760082E-01  -4.0508847046977205E-01   3.5649106006544708E-02
  -9.7576928100961719E-01  -2.0038940756499097E-01   8.7854399854114610E-02   3.7642866400072598E-02
   3.4901973245865147E-01   8.8268975043236501E-01   3.1471261626464919E-01   4.0827268698153469E-02
  -5.6430174684601137E-01  -5.9676466311084874E-01  -5.7046952185785979E-01   4.1410304664451915E-02
  -6.2161183684645093E-01   1.7443859140997921E-01   7.6365561748689021E-01   3.8308158674729831E-02
   1.3431787170025730E-01   8.7837043957600897E-01  -4.5872004558440879E-01   4.0494053357188448E-02
   9.9179095996203354E-01   1.2617439761703055E-01  -2.0753629166182183E-02   4.4449581282275465E-02
  -4.7565819745869051E-01  -8.7109169332194475E-01   1.2226422623096331E-01   3.9493064557544110E-02
   7.8333168594395647E-01  -9.4905188152570278E-02  -6.1431626631395976E-01   3.1252089870822770E-02
   7.8808343147345798E-01  -3.0130912227719641E-01   5.3678423772458616E-01   4.0005389580838288E-02
  -7.4057994049847009E-01   6.7008762511351358E-01   5.0238694260636735E-02   3.8290584170904068E-02
  -4.4156200732988537E-01   8.2374161740892120E-01  -3.5563006260907812E-01   3.9297456626976963E-02
   1.1964261749044011E-01  -6.8567534567380228E-01  -7.1800763534599543E-01   2.9845748758582475E-02
   8.5369350579750289E-01  -3.7971029868038801E-01  -3.5640915705859650E-01   3.8302909473834706E-02
  -5.1260847006818988E-01  -3.7532557417220235E-01   7.7224560198595906E-01   4.5203557450475546E-02
  -5.1277278372091394E-01   2.8722279849217734E-01  -8.0905323452874657E-01   3.9470566515782188E-02
   4.3162967746495546E-01   3.0901028952579290E-01   8.4747180631492629E-01   4.0648399855985593E-02
  -8.7828667443820478E-01  -5.2820809536976129E-02  -4.7520782778079020E-01   4.3367435412271078E-02
   5.9626338280684407E-01   1.7182794364315753E-01   7.8418437634723563E-01   3.8185605446158984E-02
   4.2275271824527784E-01   7.1494038270543072E-01  -5.5690249451159861E-01   3.9974284548073653E-02
   1.5989671895762596E-01   9.5053805432666678E-01   2.6629015480009861E-01   3.5335072683640285E-02
   1.3600098159687301E-01  -9.8687592342492660E-01   8.7061155338563462E-02   4.3146895441857164E-02
  -2.4222084939050940E-01  -6.2212612992916325E-01   7.4450529788571824E-01   3.8373342729517535E-02
   3.2970003276849508E-01   8.4396405220542956E-01  -4.2311058480903565E-01   3.7792839259322730E-02
  -1.9113423143013230E-01   8.6910614769548413E-01   4.5620413151738121E-01   3.7887327358325708E-02
   7.3972746422083694E-01  -4.2900686733123780E-01  -5.1841719344563417E-01   3.8817183220897408E-02
  -9.2902589594218607E-01   3.5826652074411358E-01   9.2498566382003968E-02   3.7471731826037144E-02
   7.7032294761713471E-01   4.8464257740343903E-01  -4.1439610102195780E-01   3.6624534871503957E-02
   6.6164509473371744E-01  -7.4963310918965220E-01  -1.6612351473074347E-02   3.1167645514497412E-02
   2.0767888428129372E-01   4.8088064776886492E-01  -8.5183524441353917E-01   3.9382896383539138E-02
  -8.3300593657277826E-01  -2.5506948413870320E-01  -4.9095892689279443E-01   4.1063907840227331E-02
   1.0721239996883682E-01   1.5562931800293506E-01   9.8198015085380596E-01   3.7520648609070459E-02
  -9.2017637908287657E-01  -3.0782359829643590E-01   2.4190920550851431E-01   3.6444035489265327E-02
   5.5938306323564921E-01  -7.5811453370775163E-01   3.3519090433092006E-01   3.3664959090815496E-02
   3.3435931492647115E-01   6.1806377529204317E-01  -7.1147805180036840E-01   3.8986035171048873E-02
  -6.6457528445075029E-01   4.9938151025058719E-01  -5.5583972376670507E-01   3.6961719168856390E-02
   5.9365482196314527E-01  -4.4082739544940281E-01  -6.7323484742042447E-01   4.0384349357682562E-02
  -2.4618218474827204E-01   8.8127095487319468E-01  -4.0343008813108536E-01   4.6052007164528330E-02
  -1.3317282296625967E-01  -7.7001308135632084E-01   6.2397504258050364E-01   4.1463616138422674E-02
   2.9401975826460290E-01  -7.5483269519677653E-01   5.8632753987169552E-01   3.6375264849560133E-02
  -8.3983071428090010E-01  -5.4095218188025748E-01  -4.5333301991161123E-02   3.4214920284817491E-02
  -9.6953612792006094E-01  -2.1568029099249832E-01  -1.1611076063469074E-01   4.1697417185040581E-02
   8.3591141901459167E-01  -5.1103300768947814E-01  -2.0024326358920925E-01   3.8420860531772316E-02
  -6.5132102768785982E-01   5.2325119292619319E-01   5.4953535645392825E-01   3.8730721338230399E-02
  -2.1340094322101799E-01   9.5725830884469544E-01   1.9523464748904979E-01   4.4007099412060739E-02
  -3.3293465136146185E-01   9.1557100813109801E-01  -2.2557536876314019E-01   3.2087239235917892E-02
   9.1950145737304218E-01   1.8976894027842190E-01   3.4424528928433586E-01   4.1059728101212487E-02
  -1.5235268571653963E-02  -6.7000387353492225E-01   7.4220125036256137E-01   3.7298620642415811E-02
  -9.8702479561237694E-01   1.5869114698616479E-01   2.4478004709555989E-02   3.8753936567646029E-02
   6.4335099902287620E-01   7.6410024333008053E-01   4.7437434576280237E-02   4.2246533937119234E-02
   5.7582584613526552E-01  -1.3932842700509297E-02   8.1745365056184589E-01   3.9724456538647903E-02
  -5.6627171796892046E-01  -6.5287202516035609E-01   5.0308494331627793E-01   4.5050706185661164E-02
   3.1463415495304287E-01   9.4207331187033318E-01   1.1620337171806307E-01   4.3265820108118138E-02
   3.3976644642423488E-01  -9.3723748623398215E-01   7.8387858001439489E-02   3.7466215775211511E-02
   8.7987247330993252E-03   1.3700526403304196E-01  -9.9053124133987182E-01   3.8302417601545553E-02
  -1.0033358633044779E-01  -5.0950545159861349E-01   8.5459778038874141E-01   4.2423235214074335E-02
  -5.9746529091402047E-01  -4.9528965455898719E-01   6.3065314098945393E-01   3.3767096200930608E-02
  -2.5773414379979122E-01  -6.6571790257734209E-01  -7.0028050473207734E-01   3.2314350499237574E-02
   2.1854222734039607E-01   9.3715871651259945E-01  -2.7197947520641321E-01   3.9796940639822903E-02
  -3.7618314754090849E-01  -5.5899927680667609E-02   9.2485752286041940E-01   3.6334540102148626E-02
  -5.0361062791128263E-01  -3.0430343325540358E-01  -8.0856400857555961E-01   4.1906410885062168E-02
   3.9388968200260086E-01  -6.1080816497137204E-01   6.8685100568914876E-01   3.8969172550710355E-02
  -1.4874342581374301E-01   9.7107634626706289E-01  -1.8677827228508888E-01   4.0152282750901964E-02
  -1.0980587688204241E-02   8.3723910802889403E-01   5.4672671663364287E-01   3.6041762466090832E-02
   8.0320222452142093E-01   2.9537742134547579E-01  -5.1731843721554930E-01   3.8891758474532931E-02
   7.9268959610276183E-01   9.9877394975470803E-02  -6.0138815269620513E-01   4.6078120793457690E-02
  -2.1795029786368926E-01   1.4186641452140205E-01  -9.6559390433658549E-01   3.8602411451824490E-02
   7.7512638321511708E-01   6.2232743302421269E-01   1.0903052851997747E-01   3.6095983003239311E-02
  -5.9945848582498015E-01   1.1113435190761067E-01  -7.9265293767101958E-01   3.9447894253796786E-02
   4.0225681133887460E-01   1.0769789631949346E-01   9.0917029255241104E-01   4.4133047559699960E-02
   9.8119178819881067E-01   6.5609455660654871E-02   1.8154358732583432E-01   3.5820958339084310E-02
  -5.6193413431797081E-01   6.9030297806857401E-01  -4.5575413016007937E-01   3.8350422309107630E-02
   7.9228903173359555E-02   3.4531796014612581E-01   9.3513543794600408E-01   3.8871582326817545E-02
  -7.2449245609385233E-01   5.7304977177518896E-01  -3.8304652476102845E-01   3.9748352996929128E-02
  -2.4631383663348223E-01  -8.4435645436725650E-01   4.7580633859927630E-01   3.7938477147084710E-02
  -7.9806618472886450E-01   3.9428965870186285E-01  -4.5565999367190714E-01   3.9444934916221203E-02
   9.9700170505297229E-01  -6.2818268302477457E-02   4.5182577272039861E-02   3.3657081620676301E-02
   6.0321244009730046E-01  -5.9710581165243006E-01  -5.2877159700834290E-01   4.0430200782274319E-02
  -4.9076493584401204E-01  -7.2082434162377433E-02  -8.6830518853180258E-01   4.1345594837566421E-02
  -3.1943462775398479E-02  -9.6710474372356536E-01  -2.5236487444431290E-01   4.5985811286676474E-02
   2.2469921702699187E-01   7.6039034126756686E-01  -6.0935768705617388E-01   3.9575660277218794E-02
  -6.9721736745885305E-01  -5.9487335175047171E-01  -4.0001704700038231E-01   3.8187726613893628E-02
   3.5952182247850466E-01   7.8276247488105212E-01   5.0796354896766446E-01   3.7652286610637513E-02
   4.1492834637895201E-01   1.3344594630845145E-01  -9.0001480364773467E-01   3.7247383933621960E-02
   5.2529702539915827E-01  -6.7452989420408284E-01   5.1872194568171581E-01   4.4507867406574561E-02
  -7.5746767475894056E-01   5.3654505596506538E-01   3.7197059643838592E-01   3.7733979311858742E-02
   2.4488576636342975E-01  -9.3274093714324095E-01   2.6462294989237840E-01   3.6558386669847404E-02
   5.0895109236729734E-01   8.4211178598734512E-01   1.7837187412632817E-01   3.6242961838119933E-02
   9.5074764346548885E-01   2.6974313135645111E-01   1.5270088909641605E-01   3.7977457498130404E-02
   5.4380447058055363E-01  -2.1661182251112922E-01   8.1077494788937016E-01   4.0266732736276287E-02
   8.8469137221935518E-01  -2.6264235956486428E-02  -4.6543674739996241E-01   3.8238844036017267E-02
  -7.0961451318431727E-01  -6.3340189868160621E-01   3.0862481660540632E-01   3.8665956660836759E-02
   9.6628513259916388E-01  -2.5614823996890661E-01   2.6098307965221412E-02   3.7932838053852071E-02
   2.0876543971486318E-01  -2.2947960008192529E-01   9.5066087766716229E-01   4.1757351380582496E-02
  -1.7362885680235430E-01  -2.3756973416461586E-01  -9.5572676089689014E-01   3.6727328259638292E-02
   6.5010076086938202E-01   4.8024809610369825E-01   5.8883848966063991E-01   4.0967475629379404E-02
  -9.7883013600313457E-01   1.1548759205507761E-01  -1.6897982404241300E-01   4.1347834811231853E-02
   4.0699124726142583E-03   7.0161324021894238E-01   7.1254634723780725E-01   4.0073594732983259E-02
   9.4260634009591441E-01   3.2845869824083466E-01  -6.0068054412654445E-02   4.0417021413810028E-02
  -6.4483141257350498E-01  -7.5267909094350917E-01   1.3291589602041944E-01   4.1076615032709620E-02
   4.2669108689574173E-01  -8.4344778948256937E-01  -3.2639016955278838E-01   3.8761364293535493E-02
  -6.4851756999528618E-01  -8.4147845226129049E-02  -7.5653426991195082E-01   3.7615165722414030E-02
   5.0057679981732228E-02  -5.4438091359542788E-01  -8.3734320895786442E-01   4.0050169532204744E-02
  -4.2555251771817959E-02  -8.8504152379633147E-01   4.6356288861696528E-01   3.7672121298467762E-02
  -7.6017804598067675E-01   2.0843930152755145E-01   6.1537175429792565E-01   3.8517746919482567E-02
   1.9868239352450899E-04   4.8987167249544958E-01  -8.7179453141885296E-01   3.9167278255947799E-02
   2.6730229260075026E-01  -4.5268957674543024E-01   8.5065952735299816E-01   4.4728492166563560E-02
  -9.9894958326659679E-01  -3.7011020873281177E-02  -2.7016928496967169E-02   3.7658173289660852E-02
   2.0048547051649840E-01  -2.0465588811561095E-01  -9.5808222171762942E-01   3.1913811237078126E-02
  -1.6455276075305085E-02   9.4299547234868921E-01  -3.3239850032627726E-01   3.6155684409530293E-02
   3.7652189040316530E-01  -2.8967288518788002E-01   8.7995504750763036E-01   3.1505941376028911E-02
   7.1582571488823205E-01  -6.7233290745320664E-01  -1.8857891573627583E-01   3.9428148859356713E-02
   9.8448484461163836E-01  -1.1727853537279608E-01  -1.3051948464045453E-01   3.9653168982133655E-02
   6.6731084896660375E-01   6.9722734746123720E-01   2.6185923089254998E-01   4.0040255045581050E-02
   2.1055031770169856E-02  -1.9475893800795178E-01   9.8062512801945462E-01   3.6991244914899161E-02
   6.4422677359521447E-01   6.1843820961839188E-01   4.5000671669109362E-01   3.3266568371909817E-02
   5.2201883075519015E-01   5.2213100653222621E-01  -6.7444462512101646E-01   3.9287804134839031E-02
   6.0709609279276390E-01   6.0472168178678566E-01  -5.1550559811967264E-01   3.8789983838005817E-02
  -6.7523829463857634E-01   6.9301640128264461E-01   2.5255002080150301E-01   3.8759422803923566E-02
  -3.8349855907800760E-01  -9.2116346568016655E-01  -6.6232353734385061E-02   4.0301701344010201E-02
   9.3373564361664858E-01  -1.7135935689484870E-01  -3.1428286406418477E-01   3.6590210962777085E-02
  -9.3842956494952236E-01   3.2788284145773527E-01  -1.0882460156716304E-01   4.0074311479107249E-02
  -5.8551660948919925E-01   6.8786583924631559E-01   4.2896490207269213E-01   3.9458310387973462E-02
   5.1029443446612061E-02  -9.5687303975642610E-01   2.8598947828342549E-01   3.8761531032953534E-02
   6.7715505121873142E-01   4.3391644778408329E-01  -5.9428743294082888E-01   3.9824073356103264E-02
   5.0341624795223616E-01   6.4267470517315627E-01   5.7753034953003936E-01   4.0466192672279017E-02
  -1.5648438979786343E-01  -3.2194333213097481E-01   9.3373718285500189E-01   3.8689663864528803E-02
   1.0566123421780964E-01  -3.8081893790375481E-02  -9.9367271923350486E-01   3.6980711241714336E-02
  -1.1418381213883186E-01  -9.0155235595306209E-01  -4.1733129108770059E-01   3.5254522768264329E-02
   1.8690703191467649E-01  -3.9182718427827030E-01  -9.0085360579919342E-01   4.3986250533458157E-02
   6.6893895245254739E-01   6.6780610752966698E-01  -3.2642867618786706E-01   4.2219794989088361E-02
  -5.2442967468500780E-01  -7.3392882713792406E-01  -4.3165031333908245E-01   3.6814038167135381E-02
   1.1716859003649624E-01   9.9205921812184367E-01   4.5716837689581648E-02   4.0857145244572947E-02
  -3.0142700286580503E-01  -4.4153332955525668E-01   8.4509767532231858E-01   3.7646421594123196E-02
  -4.3209880868108925E-01  -7.7968431237879709E-01   4.5319200408522846E-01   3.1521387000450498E-02
   6.4626293473761586E-01  -3.5919810953806456E-01   6.7329112372628578E-01   3.8512010836307721E-02
  -9.9600044411975421E-02   6.3975037634167577E-01  -7.6210188762646211E-01   3.7359686912663940E-02
   6.3571855261217873E-02  -3.7523234918972150E-01   9.2474823781406030E-01   3.7544816842719264E-02
   8.0787090107439265E-01   5.4018386146178603E-01  -2.3568199552253217E-01   3.3348990489170589E-02
  -4.0318875583381492E-01  -5.3588200933498288E-01  -7.4180138800104824E-01   4.5042159289606420E-02
  -3.6207745046166417E-01  -2.1220101254361427E-01  -9.0767320668985593E-01   3.2125699526664464E-02
   5.4062969719016891E-01  -2.6645645691565196E-01  -7.9794767189586037E-01   3.9020353005092939E-02
  -4.2405887666692780E-01   1.4106514891452293E-01  -8.9458073580963439E-01   3.6301582300501711E-02
  -9.5799169446493408E-01  -7.4644247374510284E-02  -2.7691180846994818E-01   4.0019549350362240E-02
  -3.0856301278435029E-01  -3.3156147305256253E-02  -9.5062586596269156E-01   3.8387887508633241E-02
  -9.3108556941660935E-02   2.0604376934184385E-01   9.7410305498938178E-01   3.8843634331881293E-02
  -6.3431612249987825E-01   3.5988920033120446E-01   6.8419501622102272E-01   4.0714166088734229E-02
   4.0159604025818387E-01   4.5238834970217363E-01  -7.9628223733968281E-01   3.3602573384608507E-02
  -9.2758937073507681E-01   9.3812417083634098E-02  -3.6163128971402707E-01   3.1858929749704230E-02
   3.7216820220265232E-01  -2.5186418736452442E-01  -8.9333938701506578E-01   4.0356203065270763E-02
  -5.8637453934780205E-01  -1.4546985955304306E-02   8.0990943000082982E-01   4.0177814497468098E-02
   1.8233590441398890E-01   8.7024738644663219E-01   4.5762769184604499E-01   3.8896579704906732E-02
  -5.7967734201476037E-01   8.1060785230550607E-01   8.3000535753436626E-02   3.9301254524290602E-02
  -8.0600944367411972E-01  -1.6897431694735498E-01   5.6727106123996033E-01   3.9390456009266703E-02
   8.2783097824496838E-01  -5.2942450862547278E-01   1.8548736109141144E-01   3.8389046899383902E-02
   9.6254650065778442E-01  -1.4197387567796786E-01   2.3097110792571169E-01   4.0789273371596550E-02
  -4.5835831498010879E-01  -8.4750258856782849E-01  -2.6766960503468695E-01   3.9682193947761255E-02
  -3.9597578568717564E-01  -7.1143923025057063E-01  -5.8056644650711550E-01   3.8447904436955550E-02
  -5.6163097149223482E-01  -8.2452652036321278E-01  -6.8750775111418871E-02   3.8950745947030544E-02
  -4.4898073278230885E-01   1.2998611876824304E-01   8.8403614774387424E-01   4.0210055025263331E-02
   8.7634673387804618E-01   3.7406445966148020E-01   3.0346693730857374E-01   3.0140892180022449E-02
  -7.9703420795052872E-01  -5.8938556824643937E-01   1.3176161542533948E-01   3.7689614684624466E-02
  -6.4212722931843133E-01   7.6105817519052276E-01  -9.1994974555713309E-02   3.2051147138326920E-02
  -1.9102709107175302E-02   9.2750399163579313E-01   3.7332483443301396E-01   4.1969606060198296E-02
   3.1985178645031315E-01   3.1325229884444532E-01  -8.9418556909246387E-01   3.7073449859111895E-02
  -7.1577934612171443E-01  -6.9645968548846788E-01  -5.1027778267089223E-02   3.8202262319915995E-02
  -9.0704606795729016E-01   2.8139959292217838E-01  -3.1317997973441928E-01   4.0098565097005742E-02
   2.7200232501884209E-01   4.6338225321299031E-01   8.4338106606183451E-01   4.7732163026998666E-02
  -3.4003024826113312E-01   6.3730812494567903E-01   6.9153292339967080E-01   3.7753060229084938E-02
   1.9215811883707672E-02   7.6528675746469412E-01  -6.4340261999996881E-01   3.9198164254114375E-02
  -1.5168701637008899E-01  -9.4205075790985546E-01   2.9921801180110678E-01   4.0278904555363936E-02
  -7.0427967029937672E-02  -6.9172218199047978E-01  -7.1872131205520792E-01   3.9021156952935832E-02
  -1.0419249370975949E-01   3.1317513132762049E-01  -9.4396253176303002E-01   3.7444965551170521E-02
  -8.7965684622196054E-02  -9.8975114509223232E-01   1.1249315142515687E-01   3.8238566986014760E-02
   2.6688932237136899E-01   9.6053204055269851E-01  -7.8411023943196269E-02   3.5010862005576974E-02
   1.3617291364081984E-02  -2.3089971521661794E-01  -9.7288225952002562E-01   3.9314325389506743E-02
   8.5458268142220283E-01   5.1645061481999370E-01  -5.4472039298050942E-02   3.9182611391604798E-02
  -8.2805758318934135E-01  -4.7610269062720504E-01   2.9605213544266636E-01   3.9479281449070251E-02
   2.4368646278855572E-01  -9.2634162447659722E-01  -2.8724223682401021E-01   3.7008279038878413E-02
   6.0752692748649117E-01   1.1291804251441595E-01  -7.8623186659759367E-01   3.9180117918461592E-02
   5.7896667484813200E-01   7.9434949249470392E-01  -1.8386536701810847E-01   3.7528684511121666E-02
   5.9468344314043850E-01   3.4859600436167257E-01   7.2445319255125761E-01   3.3121557454847057E-02
  -5.1604114838147916E-01   8.0736875995112207E-01   2.8610700556279944E-01   3.8266344451021211E-02
   1.7952379870519930E-01   6.2261431386516790E-01   7.6165781153262077E-01   3.1798120733148285E-02
   5.1807713919830247E-01  -8.5403292665648766E-01   4.7157587158982758E-02   4.1473498111626287E-02
   2.5572196836821792E-01  -8.4347003320034747E-01  -4.7240298261853599E-01   3.8169835114847195E-02
   3.1845017139961999E-01  -4.2887044764592019E-02  -9.4696894866036256E-01   4.0786877818529765E-02
  -8.7473319217703053E-01   3.8665031775381812E-01   2.9213588325410078E-01   3.9512869659624962E-02
   3.5019040431241559E-01   6.3641827292276218E-01   6.8726884304289210E-01   3.6137113216470435E-02
  -3.0544503674402454E-01  -3.8904564434154753E-01  -8.6910690720262469E-01   4.2076018174941252E-02
  -3.0269586968199577E-01   4.6229235543553297E-01   8.3346324968970701E-01   3.9798474789368153E-02
   8.8353919552549857E-01   3.6731414634582209E-01  -2.9058356433975198E-01   4.6250702899844498E-02
  -8.5113619857613560E-01   4.6281272762736112E-01  -2.4773282103808353E-01   3.7609329237239523E-02
  -8.5793477870400156E-01   5.1281690179328807E-01  -3.1092454474500335E-02   4.1858110015917668E-02
  -9.2683758162412992E-01  -1.3676135540718719E-01   3.4966902773383172E-01   4.3796505038125470E-02
  -7.5462839715086618E-01   7.8422389710645328E-02  -6.5144908550521911E-01   4.1446882871618520E-02
   8.9249100863993042E-01  -2.1360094529262232E-01   3.9728382255885751E-01   3.7375681203664781E-02
  -1.5897329740157084E-01   5.9801043069871866E-01   7.8556413836732943E-01   3.8632131036412138E-02
  -7.7647790424226892E-01  -1.2081425775345548E-01  -6.1845450871265814E-01   3.0895839633262380E-02
  -8.2209524392120023E-01  -4.2920394200239302E-01  -3.7409007751041558E-01   4.0736940741032983E-02
   6.8697448219799470E-01   2.5548773248124168E-01  -6.8028823256057471E-01   3.3885829915095517E-02
   5.3002076389333376E-01   3.0056125089020340E-01  -7.9293185350649340E-01   4.5009082829751507E-02
  -4.6131553168633008E-01   3.2458798670520221E-01   8.2573035496560382E-01   3.9758165679619814E-02
   6.9743438258947243E-01  -6.2356711692998514E-01   3.5319871554928914E-01   3.9323101197575898E-02
  -1.8837821619622076E-01   7.7465774025969738E-01  -6.0367129558930434E-01   3.7982917283027264E-02
   5.1561757490929229E-01   7.7011206072274251E-01   3.7558744704000854E-01   4.0698065085118653E-02
   8.2591748922876071E-01  -9.5430189229850643E-02   5.5565581070444567E-01   3.9700868945314290E-02
   4.4181577365365480E-01  -8.6655747108200706E-01   2.3211413456051950E-01   3.7737161384266344E-02
   2.8168815073840903E-01  -7.2305933891795293E-01  -6.3074319507792413E-01   4.0216224953951007E-02
