   0.0000000000000000E+00   0.0000000000000000E+00   1.0000000000000000E+00   3.3596964682670140E-02
   9.9873008883445066E-01   0.0000000000000000E+00   5.0380647641038329E-02   3.6465125367536184E-02
  -7.5418636360522306E-01  -6.5390199122212635E-01  -6.0125824964557104E-02   3.2647061963035168E-02
  -9.4932843831418924E-01   2.5011879348588079E-01  -1.9030529512630440E-01   2.9395519386181018E-02
  -5.6641979027144575E-01   7.3523174515255282E-01   3.7229410700249196E-01   3.5391816733272989E-02
   2.9485073608449390E-01   1.7146577264199603E-01   9.4003326124276878E-01   3.9539770890181781E-02
  -8.8415847400542286E-01   4.6386103884112497E-01   5.5648265827735157E-02   3.3416651821612455E-02
  -6.0452582297248671E-01  -7.9213620910199811E-01  -8.4075891841557393E-02   3.6806754343737821E-02
   5.6155819935495232E-01   5.1482571248773840E-01   6.4777069592465830E-01   3.7047085667392378E-02
  -2.6026317903493345E-01  -8.9445249684953953E-01   3.6361766805018511E-01   2.8923247220946052E-02
   4.2349711694459752E-01   5.2649025362551746E-01  -7.3719617794516008E-01   3.4296388342515040E-02
   5.2366196351263782E-01   8.5166111788435010E-01   2.1248252965073484E-02   3.2278948152890776E-02
  -4.7774269761885932E-01  -6.7274814718474544E-01   5.6495295851189890E-01   3.7672024132920660E-02
   8.9293198720303550E-01   4.4651009417651410E-02   4.4797182231433101E-01   3.3495843799962092E-02
  -4.1281768204539455E-01   9.0499635793484785E-01  -1.0277720328617740E-01   3.3864112671331914E-02
   7.5771037720913163E-01   5.4753785600196351E-01  -3.5507362689218209E-01   4.2561005372309459E-02
   1.8202146019573412E-01  -7.2992272097589827E-01  -6.5884824461430691E-01   3.2373337194518763E-02
   1.1065866816892335E-01   9.3861484317087509E-01  -3.2673664523342611E-01   3.9790397119473892E-02
  -5.3848298124397349E-02   2.3196625896870077E-01   9.7123221501820644E-01   4.0579317322006751E-02
  -6.0239115676243661E-01  -2.2009893000919715E-01  -7.6725573002957760E-01   3.6502170895745735E-02
   2.2582578674242825E-02   6.2357040035812172E-01   7.8144096574062036E-01   4.0974649090183703E-02
   3.3848340048874527E-01   8.8083757465694052E-01  -3.3098965945487539E-01   3.4923435176070007E-02
  -5.3939869643618907E-01   6.0143216581194813E-01  -5.8934573571859258E-01   3.3882565169921075E-02
  -7.9029129493441407E-01   9.4578330974967741E-02   6.0538798176118122E-01   3.4329606796259883E-02
  -6.7507573836566407E-01   6.0592518297735944E-01  -4.2086508539424709E-01   3.5337412685394671E-02
   4.3559996014010415E-01  -3.0166152788887639E-01  -8.4808784764179261E-01   3.7137150525182613E-02
   1.9378687137712022E-01  -9.1953995820404887E-01  -3.4189605693538407E-01   2.9087054002001879E-02
  -1.7109957237608421E-01  -9.3647796594225329E-01  -3.0616001639237753E-01   2.7809933636905288E-02
   7.6821086820678168E-01  -4.3557061280791540E-01  -4.6918045912753010E-01   3.2611095003801611E-02
   9.2336440841501250E-01   3.8054142237045267E-01   5.0856613460462467E-02   3.4501646621606791E-02
  -3.1894940760057299E-01  -6.4901232667995953E-01  -6.9069115761584001E-01   3.8128458616578706E-02
   8.4403680016894320E-01  -5.3596180683514234E-01   1.8623146205218020E-02   3.6406314153591647E-02
  -2.8381698039940514E-01  -2.6802859767948254E-01   9.2065660941685187E-01   3.4187704836767260E-02
   8.8014900197293197E-01  -3.6322079296759923E-01  -3.0562786175681062E-01   3.7812205899304180E-02
  -9.2782670151244683E-01  -7.1314373625912557E-02  -3.6613094935402115E-01   3.3565443072362199E-02
  -6.3513636878324817E-01  -5.2579366002401553E-01  -5.6581164721785262E-01   3.5442014656241123E-02
   9.2699803035250720E-01  -1.4620866710829760E-01  -3.4539495854020101E-01   4.0704073225344492E-02
  -5.0659532097417772E-01  -8.5764641624619315E-01   8.8339150251355817E-02   3.3811894416278542E-02
   3.4475937218608390E-01   9.3844974352572325E-01   2.1285069094597917E-02   3.7741415470872938E-02
  -1.3049998606434620E-01   7.1291711225374498E-01   6.8899850848386208E-01   3.3383136574213976E-02
   2.7824735643157856E-01   8.8947913184190507E-01   3.6249866573079829E-01   3.9197353131795203E-02
   6.5688845742021930E-01   5.6395591946711096E-01   5.0045107194019475E-01   2.3604419497498643E-02
  -3.8037857429482095E-01   5.6932402358270648E-01  -7.2882254108187218E-01   3.3329760893888900E-02
   8.7514916083608582E-01  -4.5915488097788141E-01  -1.5261304518972989E-01   3.0137206704997350E-02
   3.3650193393092675E-01  -1.3713875521408755E-01  -9.3164339222638012E-01   3.8417190452314272E-02
  -8.3706246560040256E-01   4.8630070206998112E-01   2.5067519990860316E-01   3.4957702452238477E-02
   3.7194366633304651E-01  -9.1966705235681409E-01   1.2597786267459987E-01   3.6914081535568938E-02
  -3.7989186790429343E-01   4.0108697188039048E-01  -8.3355348339983912E-01   3.6448418574320373E-02
   8.6030907983130031E-02  -3.8827550895545591E-01  -9.1751883469331563E-01   4.1407993668882907E-02
   9.6755630036703710E-01   5.4348741877387327E-02   2.4674079491725104E-01   4.0469607478766826E-02
   7.6559346303896189E-01   6.2409236109830992E-01  -1.5612614826077817E-01   3.5405339897509415E-02
   1.2127932702539725E-01   4.9103092999582811E-01   8.6265865243658161E-01   2.7244670629131912E-02
  -5.9989521605799991E-01   1.2317023922731287E-01  -7.9054084139873008E-01   4.1648038730098662E-02
  -2.4026987439754647E-01  -9.9556723238964313E-02  -9.6558730641765766E-01   3.8603620269701606E-02
   7.3813498632689791E-01  -4.1531306425636786E-01   5.3166888249941468E-01   3.0824056079997621E-02
   6.3339957003265414E-01  -4.6681747149901067E-01  -6.1715997357712648E-01   3.5779426067518880E-02
   1.9703160543643713E-01  -1.9570733269399283E-02   9.8020178170539864E-01   3.7521709711476751E-02
  -2.3774682947762668E-01   9.6866547249976449E-01  -7.1858523921275549E-02   3.5471237967636093E-02
   1.5373143079764561E-01  -5.6665480460442090E-01  -8.0948686190921854E-01   3.6808238616121147E-02
  -6.0635033496707944E-01  -6.6931191893045536E-01  -4.2937259631110862E-01   3.7085547988379734E-02
   6.9966025417797581E-01  -1.2680200431637662E-01  -7.0313354380584058E-01   3.4618430236220887E-02
  -9.8649603977567625E-01   1.2724029367347147E-01   1.0312842078106272E-01   3.5382573812180524E-02
   3.5558710490596077E-01  -8.4316675486816823E-01  -4.0327116721838605E-01   3.1296373333646170E-02
   6.0491483700632624E-01   7.8399857813366979E-01  -1.3937097780382314E-01   3.8243881987448698E-02
   2.5812518548179523E-01  -6.0981572693740213E-01   7.4933047969490509E-01   3.3950717916680237E-02
   7.1722768310271725E-01   4.0765396485028020E-01   5.6515723080657380E-01   4.2290963573319269E-02
   8.6929342244246967E-01   4.0768586152446912E-01  -2.7950167085602388E-01   3.2705469306316863E-02
   5.2129255315417584E-01  -6.5868659766976334E-01   5.4257353425709231E-01   3.1222401949829028E-02
  -1.4794690291834218E-01  -4.1389836651346616E-01  -8.9822038282058329E-01   3.9684039689071699E-02
  -8.8104405125258917E-01   1.0548985637114998E-01  -4.6112175176976757E-01   3.7093787762811962E-02
   6.3732382433192933E-01  -7.4420060988820759E-01   1.9995948384846320E-01   2.7831184345272674E-02
  -7.4905655099073422E-01  -2.1290192981937829E-01  -6.2736516614891071E-01   3.3950402026798811E-02
  -8.0828619872095028E-02  -9.8545886056912284E-01  -1.4945758038780958E-01   3.6738774977303259E-02
  -5.6455281991898011E-01   8.1257374029350852E-01  -1.4492767198484037E-01   2.7364214090203975E-02
   6.2242059138525442E-01   1.1646773747856988E-01   7.7396890993518150E-01   4.3038777199333413E-02
  -5.1190161470362589E-01   5.4801230387161776E-01   6.6154308375882990E-01   3.4900690499074098E-02
   7.0801062545995971E-01   2.4461504357359467E-01   6.6248353541298286E-01   2.5404101696775893E-02
  -4.1499747351070697E-01   2.9114560692758356E-02  -9.0935660735236183E-01   3.8110799010462157E-02
  -1.6650308706107490E-01  -6.1604073589150241E-01   7.6991592639806345E-01   3.7723140512569406E-02
  -1.4337157016971112E-01  -9.8907383075683021E-01   3.4315451025462233E-02   3.0445712336065451E-02
   5.8696765380922872E-01   7.8318390289830297E-01   2.0516322190556173E-01   3.8263683275412144E-02
   8.3763777753381258E-01  -1.1014885638200970E-01  -5.3500484398363203E-01   3.6455695621826720E-02
  -5.5136673259255788E-01  -5.4489450429106867E-02  -8.3248160699329591E-01   2.6554343724383828E-02
  -6.6133174842719366E-01  -5.8083581357634113E-01   4.7462624894683278E-01   4.0896119167608269E-02
   4.0124186179381542E-03  -9.8422912068950356E-01   1.7685287242112003E-01   3.5878561459901781E-02
  -3.0173476703425166E-01  -7.9194354633009611E-01  -5.3083099927274099E-01   3.6349610899279833E-02
   9.1152623700566888E-01   2.2573533744809588E-01  -3.4374914789345916E-01   4.0222900519967224E-02
   1.1803289552859326E-01   3.2165329012282475E-01   9.3947187106708955E-01   3.5643258002523978E-02
   3.6034430216830335E-01   2.0570855966341392E-01  -9.0985491831172851E-01   3.2464274792229304E-02
  -8.2192515199481501E-01   5.6350219807236552E-01  -8.3092221572855962E-02   3.0954331447822340E-02
   8.4097749922755582E-01  -2.8107747951918678E-01   4.6233353360978215E-01   3.1346310978086098E-02
   1.4538161374887017E-01   1.7919582113208920E-01  -9.7301235556007750E-01   3.2947509919370210E-02
  -6.8120785959943983E-01  -7.2661139153863283E-01   8.9396519542102037E-02   3.4068004641949598E-02
  -2.5157183874119377E-01   1.0042126054476216E-01  -9.6261476218837191E-01   2.9714617343937854E-02
  -1.8275514679853488E-01   8.1075338886339558E-01  -5.5612903068008048E-01   3.5401118455696893E-02
  -5.3671084101056276E-01   3.8121620320926762E-01   7.5273878573675521E-01   3.5118155913995079E-02
   8.5365134969523843E-01   3.6519978018784615E-01   3.7136032867586505E-01   3.2789877655451613E-02
  -9.7731412661294889E-04  -6.7984119618754412E-01  -7.3335870678910399E-01   3.9964169788299827E-02
  -7.6444744099579242E-01  -8.9595435958230851E-02   6.3842992396224582E-01   3.3851131855833771E-02
  -3.7683887668229107E-02   7.4625248962309855E-01  -6.6459547571551782E-01   3.4411745156540494E-02
   6.1478106041697948E-01  -7.8045738291488397E-01  -1.1371244965360842E-01   3.7243168626996672E-02
  -9.1847773751440673E-02   9.4265892022682802E-01   3.2087091886566332E-01   3.5989651491763661E-02
  -8.2341346835321811E-01  -4.3403808030194879E-02  -5.6577943545431361E-01   3.5374245452946389E-02
   4.1731074446332812E-01   3.6689504513171327E-01  -8.3140830427249206E-01   3.3166741127546486E-02
  -2.1018290972954760E-01  -4.4450714991195052E-01   8.7076778657388071E-01   3.5680198931777837E-02
   2.2173347561009397E-01   7.1868398681040392E-01   6.5903535026292114E-01   3.4827676359856409E-02
  -6.2030605677312635E-01   5.9817227161899264E-01   5.0735621549040761E-01   3.6282188997909590E-02
  -1.8444414421491918E-01   5.4839222116112553E-02   9.8131188588670710E-01   3.5438048736989644E-02
   6.5144221946878611E-01  -7.0172577927345685E-01  -2.8845097572489111E-01   3.2703772958606354E-02
   9.2293134566056451E-02   9.3009279807537588E-01   3.5554094599678642E-01   3.2616609853290379E-02
   9.4876971684930673E-01  -2.7933192589308215E-01  -1.4768107382649930E-01   3.5087170597174215E-02
  -6.6517055675492677E-01   5.5357544237676084E-02   7.4463660447382951E-01   3.6731287026033836E-02
  -6.8029994088006331E-01  -6.9049540470208796E-01  -2.4578056579779099E-01   3.6026453591778544E-02
   5.3555299270922080E-01   2.0973654274642847E-01  -8.1804252617878798E-01   4.0240287790532391E-02
   1.2145651104882240E-01   6.5138472857362330E-01  -7.4896345124773242E-01   3.5848332633030826E-02
   9.7364597730096669E-01  -1.3490381519455019E-01   1.8388711627408806E-01   3.1849409950620106E-02
  -2.1888363248019286E-01   6.8467035838353815E-01  -6.9520964879900306E-01   3.4548770697961512E-02
  -7.9244722275024486E-01   2.9832489645852104E-01  -5.3200531511295690E-01   3.5497070812758746E-02
  -4.6321954411927110E-01  -2.3363310369841494E-01   8.5489369327547404E-01   3.5700205207882800E-02
   2.6076624323607697E-01   5.1151879959339083E-01  -8.1874873071723257E-01   3.1785995694874098E-02
   7.1038393970459559E-01   3.6507143560148271E-01  -6.0172876374463761E-01   3.2965289510501101E-02
  -5.6259126714114184E-01  -3.5427227618695540E-01   7.4698207506059874E-01   3.4587190940035381E-02
   4.9896040042630991E-01  -8.2259069877603305E-01  -2.7273258165018328E-01   3.7876041237954982E-02
   1.4805517078754979E-01   9.8876059813038015E-01   2.0788121317769072E-02   3.5217346955963320E-02
   6.0253424994608408E-01  -2.4587806196191466E-01   7.5927363729275025E-01   3.7881454083222325E-02
   6.2033819084423500E-02  -1.8621257711229247E-01   9.8054917337938718E-01   3.4514925524476032E-02
  -6.8279795421938356E-01   2.5521233797828521E-01   6.8458280452950459E-01   3.6231687364415634E-02
  -9.4758147571839508E-01   1.4190648778939342E-01   2.8627241501518646E-01   3.6055527451700828E-02
  -3.2331945112905726E-02  -4.8565395315549810E-01   8.7355302249471566E-01   3.2879738427242419E-02
   7.7045091079635117E-01   5.2611440659341894E-01   3.6001253482056361E-01   3.9122504768350703E-02
   1.0283579712191850E-01  -4.0637115457552352E-03  -9.9469004472688506E-01   2.7314525644323217E-02
  -9.9754018901222760E-01  -6.7193862941854103E-02   1.9963869574818279E-02   3.2732723463238557E-02
  -9.2784414632226699E-01  -1.5170388837408186E-01   3.4072154376805618E-01   2.9708851368312236E-02
   3.7272977713255910E-01  -7.0527874539326242E-02   9.2525581984210063E-01   3.6044125666960185E-02
  -1.5300040361101530E-01  -7.5742038859117108E-01  -6.3474816379511160E-01   3.2090088877321920E-02
  -2.0496699731087399E-01  -9.5739068064399681E-01   2.0344929252614369E-01   3.6888430255473863E-02
   2.3273208251150130E-01  -8.4307292557572601E-01   4.8483380650594689E-01   3.2234536659169843E-02
  -6.4803253736877133E-01   7.4196942643050292E-01   1.7185808317848341E-01   3.4729801810175793E-02
   5.0961700917457104E-01  -6.1177408787637110E-01  -6.0499832178527510E-01   3.2753915080706077E-02
  -3.2828368146149506E-01  -9.4255814240233668E-01   6.1757369415675809E-02   3.7403789115422201E-02
  -8.8445493627392632E-01   4.2237760665224532E-01  -1.9833462405592740E-01   4.0072153311922749E-02
  -5.4376144851836940E-01   1.9602320896275495E-01   8.1602597302607264E-01   3.4816880751801249E-02
   6.6144809305186615E-01  -5.9518934395721059E-01  -4.5632890006861845E-01   3.6029364831391976E-02
   9.8611070449008444E-01   1.0872111316799437E-01  -1.2556033625943194E-01   3.4258120946217522E-02
  -5.1944850478318871E-01  -8.1513811099318651E-01  -2.5636519047048715E-01   3.5048677023924903E-02
   5.4816081799168809E-01  -6.0266882613446144E-02   8.3419878954523820E-01   3.3400760482273792E-02
   2.5556819322485369E-01  -3.0722991216967892E-01  -9.1667588583969799E-01   2.6938229106016944E-02
  -6.7926944888987002E-01   4.6701557601633263E-01  -5.6611789192975088E-01   3.4679802209211416E-02
  -9.6230306147811397E-01  -2.1548914504450178E-01   1.6594350315043639E-01   3.5185597739153036E-02
   3.0876642419490005E-01  -4.5937450881233488E-01  -8.3284953979894904E-01   3.3844167407074179E-02
   1.8917880916299818E-01  -8.4299120462526424E-01  -5.0356450141775859E-01   3.7114186325537326E-02
   8.1216085853023507E-02   9.8485310784197981E-01  -1.5319367928445424E-01   2.8041042951847575E-02
  -4.7161510708590119E-01  -6.6807184344907666E-01  -5.7555121645159124E-01   3.2447393684561385E-02
  -8.7572622847096717E-01   1.6474303880375941E-01   4.5383180136887535E-01   2.7467370801955568E-02
  -8.4374352384696411E-01  -2.0587816150886295E-01   4.9569249397185553E-01   3.2441597543432574E-02
   8.0978710572302432E-01  -4.6397644152688046E-01   3.5912491575046767E-01   3.6027041366359480E-02
  -2.6345233026064587E-01  -7.2804354532433581E-01   6.3288661369301157E-01   3.5759093136877417E-02
  -8.8249135189837097E-02  -3.0928468282579286E-01   9.4686592245554734E-01   3.4325395067075699E-02
  -7.6161763417638228E-01   4.8901991446196593E-01   4.2520360131492527E-01   3.4277002299729915E-02
  -6.9886533013508111E-01   7.1127682063271793E-01  -7.5316231755158291E-02   3.9835393817175033E-02
  -7.7705184685573778E-01   6.2220013990745695E-01   9.5170442876073160E-02   3.6441118825083336E-02
   9.8140230855001622E-01   1.8804175179832716E-01   3.8598035614715762E-02   3.3661654149800135E-02
  -9.2820935865873916E-01  -2.3847034770446557E-01  -2.8558585357829544E-01   3.3679805511044116E-02
  -3.8725623819478256E-01  -4.2516580195912405E-01   8.1808718778849041E-01   3.5213036950361558E-02
   5.1343934832203332E-01  -7.3007050522796133E-01  -4.5097349477639481E-01   3.6115522713323939E-02
  -9.6420011253977264E-01  -2.6454189631206244E-01  -1.8322883886226140E-02   3.9562173381851577E-02
  -8.8471007151715372E-01  -4.6570807599167913E-01  -2.0101674364117352E-02   3.3919429006750636E-02
  -4.8805376144199472E-01   8.4533857304834043E-01   2.1726993086692028E-01   3.3557418165055836E-02
  -5.2133308916616885E-01  -2.0001397782533989E-02   8.5311883945157624E-01   3.5579329903732150E-02
  -3.6127056117788098E-01   9.2867052253210573E-01   8.3991917504987618E-02   3.5411785559488118E-02
   7.7969063170292436E-01   4.0785410851096530E-02  -6.2483523355873735E-01   3.5687378961044178E-02
  -7.8985414824409705E-01   3.0617503010405200E-01   5.3140123771249800E-01   3.5272277838205279E-02
   4.3045458417753899E-01   8.8804188733496722E-01  -1.6152540759611630E-01   3.4243790076137621E-02
   5.1407827949276896E-01   6.8657524508623417E-01   5.1413807035516434E-01   3.9636314523457567E-02
   9.1855811486626173E-02   4.8266967963403475E-01  -8.7097215240104635E-01   3.4695465046748292E-02
   3.1480217467441828E-01  -8.9476064373352670E-01   3.1670645911604311E-01   3.6040722609083011E-02
   4.2794493984703967E-01   2.7662520147877951E-01   8.6043107008413990E-01   3.3471650756795678E-02
  -3.2913568620876509E-01   8.3889369479287854E-01  -4.3350555809659239E-01   3.3455143384096412E-02
  -4.8799155871400348E-01  -5.2091043556277769E-01  -7.0036887191370418E-01   3.6558894691766563E-02
   5.7230777212301990E-01   4.0996716909471437E-01  -7.1020471290470297E-01   3.6446489925930753E-02
  -5.0282563689324106E-01  -5.2909910534218926E-01   6.8353530677573726E-01   3.3733868055665756E-02
   3.2463676157871281E-01  -6.0711697222474780E-01  -7.2527233165779927E-01   3.4281349208139624E-02
   3.2682980839982969E-01  -9.2176181660466056E-01  -2.0865624790790953E-01   3.8402452337661138E-02
  -6.7366064513446364E-01   4.3365367821289222E-01   5.9843614744552962E-01   3.3149035656687688E-02
   9.4038079037866868E-01   2.7514853936855860E-01   1.9994311783639629E-01   3.6060435129493852E-02
  -6.3578874469112438E-01   7.1905082857104440E-01  -2.8060395231603351E-01   3.4799014821243758E-02
  -8.1267363377973822E-01  -5.4722296092779023E-01  -2.0027130596432973E-01   3.8892236564789662E-02
  -8.7614261518571510E-01   3.2321127989262388E-01   3.5764309920045738E-01   3.5430272375898463E-02
  -1.9805345043286656E-01   2.8812038249447514E-01  -9.3688925490843004E-01   4.0127391611583256E-02
   9.3189003415567945E-01  -3.5953477466114773E-01   4.8121825097187560E-02   3.9911562848131314E-02
   4.8441356073050183E-01  -4.7047092839256796E-01  -7.3756396855990171E-01   3.6275951791514589E-02
   4.1381925273376332E-01  -7.9094164941891209E-01   4.5073820925384229E-01   3.5847143017018572E-02
   5.7798134395811109E-01   6.7530841632047184E-01  -4.5814420097073362E-01   3.4443995350936402E-02
   5.9966051422404653E-01  -2.9833288041636825E-01  -7.4256633383356742E-01   3.2518809794145182E-02
  -3.8751701034294217E-01   9.5950887354988125E-02   9.1685549238179202E-01   3.5852442902870116E-02
   8.7262224603121776E-01   4.7585402275346888E-01  -1.0996983568585503E-01   3.0495326718676007E-02
  -1.8927516955592755E-01   5.5558663166716915E-01   8.0962855983611667E-01   3.3969244394851259E-02
  -3.9074464040130973E-01   2.9945435911553431E-01   8.7042846507013766E-01   3.4932767506536297E-02
   4.8666116268757244E-01   6.3099903989321273E-01  -6.0415322922700980E-01   2.9679399978233988E-02
   3.9543333086454900E-01   6.3689716556033300E-01   6.6181151496674779E-01   3.3519823208600021E-02
  -7.7439297165646516E-01   5.7892433178455036E-01  -2.5526876721777229E-01   3.3504327490088900E-02
  -2.9388062356964645E-01   9.1967839386877976E-01   2.6043392816846537E-01   3.6169619047488756E-02
  -7.1550703100092158E-01   6.2988565584907600E-01   3.0214855476044473E-01   3.4975509662316426E-02
  -5.7640288639655432E-02  -7.6954000690228800E-02  -9.9536710760568407E-01   3.4920613248384237E-02
   2.8000591555814757E-01   3.9983583378629106E-01   8.7277029811564101E-01   3.4776439724714358E-02
  -8.1166826523441812E-01  -5.7103375928322943E-01   1.2294337302275812E-01   3.9361236134543267E-02
   7.3787326288220222E-01  -2.9281991528753877E-01  -6.0811145782214222E-01   3.8035090828774023E-02
   4.3617019631756530E-01   4.5594130866225990E-01   7.7580479690424866E-01   3.3709529486476466E-02
  -9.1480248921426863E-01  -3.6822303011979484E-01  -1.6597652188419445E-01   3.1015319784451671E-02
   5.7666562280268740E-01   3.2951589281697706E-01   7.4758012002635485E-01   3.6916678630766273E-02
  -2.3410456880565648E-01   5.1200248705190523E-01  -8.2646748521462178E-01   3.4332799290287514E-02
  -9.3175143733678513E-01   3.2084156140430923E-01   1.6999985734252773E-01   3.3987183260907909E-02
  -7.5653066671611552E-02  -9.3160372329869485E-01   3.5551528270833818E-01   3.2554516214265665E-02
   3.8950433941226080E-01   7.7327915830506332E-01  -5.0032560689018410E-01   4.1980867581976433E-02
  -9.0031198268453884E-02   4.3434868219249036E-01  -8.9623412433135651E-01   2.9004451907841794E-02
  -9.5249867974047450E-01   3.0409747750566258E-01  -1.6461751648778079E-02   3.7193339047545022E-02
  -3.8142026408411648E-01   7.1430829330042877E-01  -5.8675569385241708E-01   3.7280600100533822E-02
   6.9944593207498044E-01  -8.8685382862085155E-02   7.0916168182606096E-01   3.2584848366907359E-02
  -4.1867498598589030E-01  -8.6656219495445121E-01   2.7162698390520478E-01   4.0146819077838857E-02
   8.5626956904155537E-01   4.7393965326855900E-01   2.0538653849039647E-01   3.3020100249654382E-02
   3.6128983861741770E-01  -7.3078733147142926E-01  -5.7915414931835504E-01   3.7098573882726006E-02
  -9.0720913980661279E-02  -2.5049588367062600E-01  -9.6385762850671348E-01   3.0953243362417359E-02
  -9.9130624722959979E-01   9.5846625133419003E-02  -9.0140715850839132E-02   3.6419198041841847E-02
   1.2329563459341494E-01  -3.5165581107138925E-01   9.2797434071742017E-01   3.6460311526716790E-02
   4.0255349043998505E-02   7.6017233938078678E-01   6.4847322328195460E-01   3.0987003237438570E-02
  -5.7805824520640118E-02  -7.5591620602954803E-01   6.5211132187179732E-01   3.1180541475770104E-02
   7.3685623109281594E-01   6.4870377436869457E-01   1.9033209876292676E-01   3.1220062396723293E-02
   3.0744233717163633E-01   6.7058971261482618E-01  -6.7512120885779225E-01   3.7113786369709127E-02
  -1.5965563184500699E-01  -8.4012194700094582E-01   5.1836781669728644E-01   3.7190369745552542E-02
  -8.5777771201923656E-01  -2.1632696788188523E-01  -4.6628321836634194E-01   3.3686632139861081E-02
   1.2065251656454749E-01  -1.9648423351446687E-01  -9.7305545382926350E-01   4.1373830880110009E-02
   7.2246279282634091E-01  -6.8966013711850084E-01   4.9156975611341913E-02   3.4180387873769895E-02
  -9.0327715839393381E-01  -3.9963427391846026E-01   1.5614999914647800E-01   3.3803960546538509E-02
  -7.2082800082991962E-01  -2.7147664622467475E-01   6.3773617097836341E-01   3.7719687623875586E-02
   9.4436681663219790E-01   2.9785686680626067E-01  -1.3947258705683405E-01   3.7247506566448693E-02
   8.0935117121283433E-01   3.8233969820902814E-01  -4.4583296965325782E-01   3.0177584606556688E-02
   5.1389166488390811E-01   7.9577860610486279E-01  -3.2039314416611155E-01   3.2338737750899508E-02
  -5.4629727032181190E-01   4.5342168547616434E-01  -7.0425000360588674E-01   3.5680180558484964E-02
   2.2038587129362756E-01   3.4461498269362609E-01  -9.1250785280852255E-01   3.7867777646380522E-02
  -2.7367977648104293E-01  -9.5026631963699923E-01  -1.4863815697471101E-01   3.7787759888950764E-02
  -2.6764247592057621E-01   9.2700104194228636E-01  -2.6274811763553893E-01   3.4698331458104534E-02
   2.5632726403898908E-01   5.7979758913256667E-01   7.7338935171513059E-01   3.7489394371475421E-02
  -5.7811191262903429E-02   8.5575244150867906E-01   5.1414552902529342E-01   4.1819438398972339E-02
   1.1402466767066485E-01  -9.7475778022678376E-01  -1.9195219469948156E-01   3.2954164789514779E-02
   7.7449873766683028E-01   7.3493704114778370E-02   6.2829163674839394E-01   3.6485945749508896E-02
  -5.4928215361965229E-01  -7.3039663693769130E-01   4.0596781703118667E-01   3.1584762578678322E-02
   1.5998883703992663E-01   7.7342781590335611E-01  -6.1336203469857517E-01   3.3825214344734204E-02
  -4.6668292445469194E-01  -3.5266987601083679E-01  -8.1106781872844475E-01   3.8247337551134483E-02
  -6.3158113326798588E-02   1.1330429126616405E-01  -9.9155090151825859E-01   3.9123536004677305E-02
   3.5182614852853029E-01   7.8416529343803498E-01   5.1117820158807738E-01   3.2933547852404148E-02
   6.8168121913440904E-01   7.3124034028590987E-01   2.4459767332752631E-02   3.4712236859528338E-02
   3.4438761572677929E-01  -7.0682921189028729E-01   6.1789128117540208E-01   3.5603835008047952E-02
  -3.1724220590828089E-01   6.5116110072796375E-01   6.8945384449518769E-01   3.6044443727694210E-02
   9.8332812527154160E-01  -8.2473628866239856E-02  -1.6206140376903155E-01   3.3569444065677291E-02
   4.1711996129508204E-01   8.8839530637494164E-01   1.9174127750738181E-01   3.5449580724298455E-02
   4.8795430111895035E-01  -8.3289655031893250E-01   2.6112054014638266E-01   3.0907284288992249E-02
   8.6470242517239839E-01  -4.6640278131888637E-01   1.8643540832947946E-01   2.6344664058154965E-02
   2.1014134122215359E-02   9.8421032195436488E-01   1.7575109765113485E-01   3.6820101389499799E-02
   6.2417560514125769E-01   3.8021705843364088E-02  -7.8035835603349923E-01   3.6174554802867895E-02
  -8.0571371910535898E-01  -4.9978104118130559E-01   3.1787468241610685E-01   3.1444058398013008E-02
  -3.2996408260104130E-01  -4.8230850669636486E-01  -8.1148148996854878E-01   3.1241739804537633E-02
  -8.8907683363634859E-01  -1.2970977348427643E-02   4.5757418812449541E-01   4.1138976137624547E-02
  -8.4888684065054373E-01  -4.0404026905556733E-01  -3.4079699639498466E-01   3.3467316339232979E-02
   6.6185976832785176E-01   6.8952095073474852E-01  -2.9411308295764552E-01   2.8959778536953294E-02
   2.2305392870389071E-01   9.5615204247268579E-01   1.8978992745947074E-01   3.2945195505375584E-02
  -8.7824844610354606E-01  -3.3412073311805920E-01   3.4211548140555851E-01   3.7386330370974856E-02
   5.3751717702239929E-01  -1.2892873488679621E-01  -8.3333826608788399E-01   3.7609931674681185E-02
   8.4850285528803865E-01  -2.6901305067119625E-01  -4.5571359770871655E-01   2.6110308583023780E-02
  -5.1482471145868089E-01   7.3161192613297512E-01  -4.4687750671910535E-01   3.4908230496341667E-02
   1.9042451995492296E-01  -9.7041722367046610E-01   1.4842140749784682E-01   3.1969641097017205E-02
  -6.2414983979128528E-01  -1.5543671106232430E-01   7.6568688531451325E-01   3.4141750003184032E-02
  -7.3867527359061373E-01  -5.4717899864381411E-01  -3.9364194851283929E-01   3.1637483717141043E-02
   3.1239504673050042E-01  -4.2237072368815358E-01   8.5088912706027315E-01   4.2174382702525452E-02
   3.0224031785056624E-02   8.6522144019594442E-01  -5.0047813871128434E-01   3.7339999358654840E-02
   6.0371837261574103E-01  -4.7218703867567803E-01   6.4231108278846873E-01   3.9367628243225766E-02
  -2.2169699249973833E-01   8.7634309745612668E-01   4.2763678403239939E-01   2.6223666559183449E-02
  -4.3989384767344272E-01  -8.9372059588576107E-01  -8.8073260804027544E-02   3.2919583452978802E-02
   8.2159698159962371E-01   2.3655543169324442E-01   5.1867130975484885E-01   3.6906806937788734E-02
   7.5378127664431024E-01  -6.1133913034846898E-01   2.4099430425894183E-01   4.1068218770284232E-02
   4.4446656698853530E-01   2.8068027528067688E-02  -8.9535560346719762E-01   3.0518101499515015E-02
   8.8482376860471916E-01   6.8662322549668699E-02  -4.6083878306217638E-01   3.2042475418316183E-02
  -9.7595683394202694E-01  -2.7885282796642001E-02   2.1617277646643211E-01   3.4493216195841247E-02
  -5.8210817940917678E-01  -7.7836039737569153E-01   2.3517048977728731E-01   3.1082845648227150E-02
  -5.1137083050736436E-02   9.9834422873817825E-01  -2.6340077491040276E-02   3.5055409845639187E-02
   9.8262336993325547E-01  -1.8551819300338676E-01   5.8577235997389101E-03   3.3120904036409131E-02
   3.9481470719166736E-02  -6.4368063629799312E-01   7.6427511533796668E-01   3.7962099843226475E-02
   1.4850254876948341E-01  -7.5527995372426204E-01   6.3835662799977548E-01   3.7258693712003867E-02
  -5.2487093023158450E-01   2.9049538323286579E-01  -8.0007683313430693E-01   2.8680795542261762E-02
  -7.6984153763287004E-01  -4.0750334077339465E-01   4.9120773018508261E-01   3.5213740595902849E-02
   2.1920365389079647E-01   8.5844583809312684E-01  -4.6370303124037581E-01   2.9392594420468896E-02
  -4.1846450466387405E-01  -1.6998385643889255E-01  -8.9218436821465356E-01   3.4496149487159377E-02
  -5.5424883101367132E-01   8.3146344488918551E-01   3.8428806031245263E-02   3.7392070964683208E-02
   4.6104203066302726E-01   9.7694717442249778E-02   8.8198412012121352E-01   3.1295614421132205E-02
   2.6986257915877418E-01   3.9149039331808936E-02  -9.6210266660537371E-01   3.7273884893568483E-02
   4.4581243655986444E-01  -8.9208105371095012E-01  -7.3774419811461173E-02   2.9350620532076465E-02
   5.4472110614342454E-02  -9.9841223647492789E-01  -1.4345564553253180E-02   3.6325809714692196E-02
  -3.9998143857954392E-01   8.2255992936671322E-01   4.0424004179703212E-01   3.7714261949475544E-02
  -3.8441969707783169E-01   2.1827550097907773E-01  -8.9698233102493212E-01   3.5435747706004958E-02
  -2.8589449275906488E-01  -2.9687822500095141E-01  -9.1111341694122884E-01   3.3989923668301913E-02
   7.6895338009996452E-03   2.9802884439368160E-01  -9.5452589225190216E-01   3.3972660968653185E-02
  -3.7782472064699836E-01   4.9091855016082872E-01   7.8501430405821750E-01   3.4297553511488581E-02
   8.3065458368096471E-01  -9.6825744143420688E-02   5.4830442081099048E-01   3.6035432923515480E-02
   5.9521381545512186E-01  -7.0987724833562202E-01   3.7655651127925215E-01   3.7711348375765862E-02
  -8.8708349980852343E-01   2.8357805273948697E-01  -3.6423392534460887E-01   3.5165745168696034E-02
   9.5459658442667016E-01   4.3423032716910210E-02  -2.9471986908011720E-01   3.2797801691786405E-02
   2.5827134044609834E-01  -9.6554441240702200E-01  -3.1935910410608019E-02   3.6565529631353141E-02
  -1.7444083355791992E-01  -5.9031938773233081E-01  -7.8809480143885233E-01   3.3887078680817994E-02
  -5.3233949366315602E-02   4.4792145265508711E-01   8.9248670515936581E-01   3.6665428761832026E-02
  -7.0600712238307261E-01  -6.4800007836510564E-01   2.8574436404448988E-01   3.5333670494967073E-02
   6.4119721406162426E-01   6.7870740794203126E-01   3.5808153692171948E-01   3.4385822784357213E-02
  -2.6655782569986485E-01   7.7847289160824821E-01   5.6826655945009916E-01   3.5535578819929503E-02
  -2.3884660673422115E-01   2.1735711868210736E-01   9.4641860791605338E-01   2.9543975295332639E-02
   2.5708291386322148E-01  -2.1425101026627562E-01   9.4234010845313989E-01   3.2676768927697850E-02
   8.0629966793091725E-01   2.2104440739922734E-01  -5.4865309208279953E-01   3.5341992617827435E-02
  -3.7311984104509168E-01  -8.0023993532472044E-01   4.6946525976899815E-01   3.5806426454303688E-02
   1.5580967153143845E-01   8.3979018978449602E-01   5.2007286354796997E-01   3.4948606333210596E-02
   4.4288908433459948E-01  -5.5722773598564421E-01   7.0238629629682636E-01   3.5956924025437397E-02
  -3.4628757079571439E-01  -5.9529430179938618E-01   7.2505835113981307E-01   3.2028777005258164E-02
   9.2057341927902367E-01  -1.3331062345666089E-01   3.6711422934901793E-01   3.4752042358117871E-02
   6.8104834578870896E-01   2.0139375641610746E-01  -7.0399837043495541E-01   3.1171066513996392E-02
  -2.2608729857524312E-01   3.8993092789798303E-01   8.9265805597191967E-01   3.3499417056988751E-02
  -7.6626173768246728E-01  -3.8079441745874071E-01  -5.1753121741215171E-01   3.8066139186309509E-02
  -7.9614709776044758E-01   4.4865037633521618E-01  -4.0603280476075465E-01   3.4571229043702453E-02
   1.2033815097529194E-01  -9.3634334235147225E-01   3.2981794167983253E-01   3.6419895597583336E-02
   2.4684583467565834E-02  -8.1320601985011204E-01  -5.8145218257271320E-01   3.3338495728647972E-02
  -9.5495716101304957E-01   9.0454274656198059E-02  -2.8262138069565349E-01   3.3808635170356615E-02
  -7.6875485613023926E-01   1.2770852442443256E-01  -6.2666299074184141E-01   3.3088741494369529E-02
  -1.6311640280898906E-02  -5.2590194145880966E-01  -8.5038878071221120E-01   2.4444784757114610E-02
   7.7762023161419193E-01  -5.4948344617883195E-01  -3.0557276999059519E-01   3.6057793371165631E-02
   9.1371625870931030E-01   1.9412719789222215E-01   3.5698351447759439E-01   2.8731882509427851E-02
  -1.4440601419813068E-01  -1.2506335851163365E-01   9.8158344496084488E-01   3.6227260476244875E-02
   5.4884438352899920E-01  -8.3353965119312860E-01   6.3099069387039490E-02   3.8399433403163452E-02
  -3.5007873648968579E-01  -9.0361832424433430E-02   9.3235165978223246E-01   3.5247589126572775E-02
   6.4443552205453062E-01   5.2681315688403076E-01  -5.5422987617791434E-01   3.8416859276483489E-02
  -6.3417821048829399E-01  -3.7496017381997419E-01  -6.7618256809145851E-01   3.1531673182097126E-02
  -6.9419696672340389E-01  -3.9652855301699299E-02  -7.1869202198051960E-01   3.5217645989139518E-02
  -4.5920093541704067E-01   6.9865103366667415E-01   5.4865402037039947E-01   3.3315885199323860E-02
   6.7404863384866517E-01  -5.6962370226994494E-01   4.7030551455307145E-01   3.3382554837033300E-02
   8.1491387026816965E-01   5.7872895887398989E-01   3.1435270082833435E-02   3.9516990508579139E-02
   1.4599897189648189E-01  -5.1196451986702209E-01   8.4650849411125221E-01   2.7875259062903054E-02
  -4.5203858914172583E-01   8.4304356414292218E-01  -2.9144238347219978E-01   3.7772282047934502E-02
  -3.4936752819385432E-01  -8.7775227203552717E-01  -3.2786167690077205E-01   3.9259294806150165E-02
   4.2980605444224879E-02  -8.6276772893371127E-01   5.0377029831681605E-01   3.6709099112934850E-02
  -6.3411218903029444E-02   5.9618736665765625E-01  -8.0033720465503872E-01   3.5594955518653828E-02
  -4.5858943248386010E-01  -7.7844081621191971E-01  -4.2863227604725624E-01   2.9077260235196614E-02
   1.0620707058475453E-02  -9.2942451750877719E-01  -3.6885941337473635E-01   4.0252030551752859E-02
   4.3648663011373285E-01  -2.4890089888027051E-01   8.6459687963151399E-01   3.5860798170394745E-02
  -9.8147242506703520E-01  -9.9435528359370159E-02  -1.6378172832439544E-01   3.8399089820544528E-02
   4.6761202925554803E-01   8.0855941287020343E-01   3.5717035984877072E-01   3.1272852727685216E-02
   2.5640091309603398E-01   9.5237050280852084E-01  -1.6507270260029425E-01   3.4478887415236276E-02
   7.3500978184923511E-01  -2.6055327326014743E-01   6.2599729422687016E-01   3.5600482537094642E-02
   9.1484996657073534E-01  -3.0197208096637990E-01   2.6807163405022640E-01   4.0787458109236451E-02
   7.6417359497543113E-01  -6.3228756809526744E-01  -1.2747999048673541E-01   3.6149934787215278E-02
  -1.7131146885916656E-01   9.7803202724247277E-01   1.1876756428121939E-01   3.2928809059408008E-02
   4.9361997390227987E-01  -3.9703173173725208E-01   7.7376037980658542E-01   2.8640048881042186E-02
   1.1471912719835228E-01   1.4725756827124437E-01   9.8242288778391557E-01   2.8411778361361346E-02
  -1.2971795514059851E-01   9.0558859631329386E-01  -4.0383480080530418E-01   3.5121807640003965E-02
  -6.4514243991995545E-01  -4.5726727378754370E-01   6.1212569994816767E-01   2.8132118237863043E-02
  -6.7256673239327211E-01   2.8496125701958696E-01  -6.8297223404444009E-01   3.5883931508616502E-02
  -8.3094683334327701E-02   9.6906608241265992E-01  -2.3239234393358887E-01   3.5965292827006569E-02
  -1.3731080088612701E-01  -8.7070273104064117E-01  -4.7225257873131765E-01   3.6693968878408123E-02
