   0.0000000000000000E+00   0.0000000000000000E+00   1.0000000000000000E+00   3.3424208566029727E-02
   9.7720482049315968E-01   0.0000000000000000E+00   2.1229870184466883E-01   3.4100357039974520E-02
   6.0300202747520543E-01  -3.7440030920362108E-01   7.0442385204436703E-01   3.2477875901132993E-02
   4.2226924849430362E-01  -7.8919755430532436E-01  -4.4593262053201563E-01   3.0527517502583494E-02
   8.4040808706946794E-01   5.0997554019071467E-01   1.8340991138819715E-01   3.2498159355333613E-02
   4.1045909582019852E-01   6.2706599418614068E-01   6.6205103246941021E-01   3.1229984242869224E-02
   8.1166641936409948E-02   7.1324782871505485E-01   6.9619646011023821E-01   2.8863800659441674E-02
  -7.2678147102252852E-01   6.0459607359455249E-01   3.2596361940004929E-01   3.2169845860646661E-02
   4.7283770829612308E-02  -5.7808954022468936E-01  -8.1460219033522118E-01   3.1052654628643723E-02
   7.7733411770832692E-01   2.4873916165022378E-01   5.7782393417732427E-01   3.1404514476674005E-02
   1.1485204551974808E-01   5.7557455812646232E-01   8.0964370909521505E-01   2.9901020124702091E-02
  -9.5883661205705479E-01  -3.7482005697106099E-02  -2.8147371214355230E-01   3.0350578630589617E-02
  -1.9021873882520505E-01  -7.2989012109296425E-01  -6.5656472836320292E-01   2.6657926837277710E-02
   1.7610875189040475E-01   4.2911532813311925E-01   8.8591520060828017E-01   3.0924695171339413E-02
   7.9502875321116706E-01   6.0457455690905348E-01   4.9182178741072428E-02   2.4423062606771828E-02
  -8.7042916786462374E-01  -3.3179429862895322E-01  -3.6368338857833433E-01   3.0032787333031807E-02
   3.8983775426785665E-01  -8.6826475311963520E-01   3.0682705851585740E-01   2.9038691885491090E-02
   7.6233506373360402E-01  -2.5071544777632674E-01  -5.9664647392622525E-01   2.6925037508981080E-02
  -8.4527593073584696E-01   2.4311033641088548E-01   4.7582135854628653E-01   3.2599682622341070E-02
  -5.6103685327452366E-01  -3.6533404846246888E-01  -7.4281133695026690E-01   3.2698660709563043E-02
  -2.3833058514696388E-01   6.3566186827112645E-01   7.3425644117676416E-01   3.0128471212882717E-02
  -4.8683745150600259E-01   6.2073856579893140E-01  -6.1455099767311915E-01   3.8040143316954392E-02
  -6.1378043048266057E-01  -7.8136489481387352E-01  -1.1288261296153698E-01   3.1178756996685978E-02
  -8.0227513378114974E-01   4.3102670706483960E-01   4.1300192192443763E-01   3.2448027047374647E-02
  -7.4334133444537942E-01  -6.6215773926954311E-01  -9.4819770250777715E-02   3.0634350327067676E-02
   7.1382690351829056E-01  -6.9800406125436271E-01  -5.6934016948610679E-02   3.5868982043716850E-02
   7.7045450642072008E-01  -3.9731294249732634E-01  -4.9854014809252902E-01   3.1503609102262837E-02
   9.4037273753200505E-01  -3.3863742471777715E-01  -3.1997016846488932E-02   3.5502352512102035E-02
  -8.5763369723404707E-01   5.1326998135980108E-01   3.1911872454755325E-02   3.2999388141889260E-02
  -1.0188052087803369E-01  -9.1514528309259333E-01  -3.9003778060464560E-01   2.5526102470285425E-02
  -4.2996394256532433E-01   7.4647583301487543E-01   5.0784332113204992E-01   3.0829235755312276E-02
   3.5468136335664892E-01   7.7927995378391230E-01   5.1664676919343301E-01   3.7986956836747838E-02
  -6.9030601430629427E-02   1.6841360733845331E-01   9.8329630983207430E-01   3.3005961164808308E-02
  -6.8275303253294694E-01  -4.9003384691319809E-01   5.4195491089805329E-01   3.2429476922049484E-02
   2.8328786436345403E-01   3.1050236394917258E-02  -9.5853214277050362E-01   2.3536944400156363E-02
  -1.3433805865922230E-01  -7.3057089941067321E-01   6.6949193193790721E-01   3.3538405452138104E-02
   3.4639752691779710E-01  -1.5354833709247412E-01   9.2543593053294088E-01   2.9982618338299893E-02
   7.8782221556286469E-01   5.3531718803713044E-01  -3.0458441335307817E-01   3.0213940018452607E-02
   7.8681109201019285E-02  -4.0688309881618334E-01  -9.1008539541772535E-01   3.3613550346616576E-02
  -4.6354222666743165E-01  -1.0846563901475596E-01   8.7941105818003002E-01   3.0193979347404753E-02
  -9.7473551372960685E-01   2.2216288736940876E-01  -2.3115573753789324E-02   3.2601721629980429E-02
  -7.6622800281388014E-01  -3.1213783630779001E-01   5.6166237086789401E-01   3.2341647868115601E-02
  -8.0933221921457079E-01  -5.3987453725859921E-01   2.3133707649452004E-01   3.2874181249653724E-02
   1.1373252096983801E-01   9.9155687787505915E-01  -6.2288615432603169E-02   3.3627652987113920E-02
  -8.0304477271774601E-01  -5.2747141757355251E-01  -2.7729586483330503E-01   3.7642147592055903E-02
   2.2192878702928475E-01  -5.3769201768390848E-01  -8.1340943417612123E-01   3.1093907050581015E-02
  -1.6274930594185996E-01  -9.5779831480319703E-01  -2.3692836802628516E-01   3.0376011869136196E-02
   6.6010069146597292E-01   6.3584698689336569E-01  -3.9995710568106241E-01   3.0894866190931100E-02
   2.0232999454708791E-01   8.8417982949268303E-01   4.2105653115094341E-01   3.0871903691573225E-02
   8.8652125387159212E-01   4.6268742774064586E-01   6.4081564002809505E-04   3.0783007044081132E-02
  -9.9803008128984380E-01   5.7724111029702243E-02   2.4574048230164886E-02   3.0096820523011058E-02
  -2.1177586056170221E-01   9.6972935186552611E-01   1.2155644373630374E-01   3.0601551192538014E-02
  -7.7499551898126579E-01   5.3416199937376909E-01  -3.3771719527435370E-01   3.0477988022313891E-02
   5.3647750843596009E-01   2.7121095663814624E-01   7.9914735808971171E-01   3.5284272412728299E-02
   8.0122654824687469E-01   5.8405076468403542E-01  -1.3007967810689022E-01   3.4269698386310452E-02
   4.0263179415577106E-01  -2.8411167222304962E-01  -8.7015412200456037E-01   2.8293407479333914E-02
  -3.2014344910514447E-01   2.2117874872647234E-01  -9.2118843517863044E-01   3.3482616521503154E-02
  -2.0511857694072546E-01   8.6906821685415724E-01  -4.5016308583417536E-01   3.3792569171133957E-02
   4.1983897067508308E-01   8.0153841424843221E-01  -4.2575980222021350E-01   3.2348169218636870E-02
  -8.6654353837186040E-02  -8.3448074976530399E-01  -5.4418094530422127E-01   3.4403909974101352E-02
   3.3706123673729111E-01   2.6918418057345681E-02   9.4109782778328501E-01   3.6396169794306958E-02
   1.6601002301837743E-01   8.0155178843572425E-01   5.7441744638627554E-01   3.0315198340981805E-02
  -1.6884949550687293E-01   3.3022168086258609E-01  -9.2867835624362591E-01   2.8124101323874256E-02
  -8.1342213101104068E-01  -4.1665926174558522E-01   4.0588113578125470E-01   3.0599402301506191E-02
  -6.4561255781581063E-01   7.5387708043071368E-01  -1.2187605503867391E-01   3.1991426478465778E-02
  -9.7677147357397622E-01   1.1651904971058160E-01  -1.7983547888741497E-01   3.3572040376882856E-02
  -7.0575140175067119E-01  -1.8444231117643731E-01   6.8402923385982337E-01   2.9980359198179469E-02
  -6.4023890550412083E-01   7.6567689217423664E-01   6.1911555216194331E-02   3.1078164683293043E-02
  -3.1338530808174827E-01  -3.0002063028203522E-01  -9.0098683124875798E-01   3.1292946385104674E-02
   7.6545324834690831E-01   5.4093512048353993E-01   3.4852621138534827E-01   3.1462361726142336E-02
  -4.8814550318866833E-01  -5.2593142273454072E-01  -6.9649846108739073E-01   2.5917690263913284E-02
  -8.9616518543226106E-01  -1.4504475535318563E-01  -4.1934470231981686E-01   3.6227516359660869E-02
   5.4630241428355743E-01  -8.0606526928735213E-01   2.2762349131112271E-01   3.2187287685151804E-02
   6.4427495093412208E-01   1.5130390327725844E-02   7.6464426950534658E-01   3.4633548593006850E-02
  -2.8911817249182970E-01  -1.2675827518979327E-01   9.4886406929859727E-01   3.3208489770543394E-02
  -3.3949874891402433E-01   4.0141847543358002E-01  -8.5064905047051713E-01   3.1694400405113780E-02
   3.2033609567859580E-01  -8.1917444425467422E-01   4.7574995079919792E-01   3.2822814035656224E-02
   1.9049125045493740E-01  -6.4551457143732307E-02   9.7956428726282958E-01   2.8770586863009302E-02
   1.3762033819011141E-01   1.2803559105358108E-01  -9.8217489783642886E-01   3.3439190150594377E-02
  -2.4438002107377672E-01   1.2648372237357279E-02  -9.6959704206424106E-01   3.2441124480827476E-02
  -8.4209145293546381E-01   4.8217813178103092E-01   2.4163243599565515E-01   3.1233850980899218E-02
   5.1912737084474391E-01   6.7277379839161195E-01  -5.2714532060670542E-01   3.2675271703268440E-02
   3.9409745200071908E-01   1.9242506402548888E-01   8.9869894462012549E-01   2.8035542269571482E-02
  -8.0542826479960325E-01  -5.8982558439371874E-01   5.8233068410554258E-02   2.9069420484047142E-02
   1.2730490111729850E-01  -9.8630613915564104E-01  -1.0485066530741640E-01   3.1620666791310951E-02
   5.8713311859697627E-01   3.4265167871973338E-01  -7.3339247890685212E-01   3.2225602671692299E-02
  -5.6117663148488272E-01  -2.5276715342239293E-01   7.8815579324523188E-01   3.3410192994179777E-02
  -8.5373163334589143E-01   5.6098998418930339E-02   5.1768252877699980E-01   3.1379774603285994E-02
  -3.9465794155061928E-01  -2.7360560395464199E-01   8.7714598708290498E-01   3.0695603748278026E-02
  -6.4549708382787551E-01   6.9904856609555832E-01  -3.0767615606259197E-01   3.2599841672599696E-02
  -6.3647563756947089E-01  -3.7852582501657634E-01   6.7202452527869525E-01   3.1024490228160805E-02
  -5.4457851738948201E-01   6.2380065377563020E-01   5.6063087923068426E-01   2.6380699814458594E-02
   8.6846160603649540E-01  -2.4087873100293277E-01   4.3330344539471141E-01   3.3119335330762575E-02
  -5.1781105158897648E-01   5.7222937173406744E-02   8.5357908263591291E-01   2.5508113666064193E-02
   7.8165017289046776E-01  -5.6713498008493266E-01   2.5957835345876763E-01   3.3773790245820207E-02
  -2.5986235744238719E-03   4.2484294429479776E-01  -9.0526334281160742E-01   3.3815573129270588E-02
  -4.5400038204515240E-01  -8.8333628018934735E-01  -1.1662190705053068E-01   3.0281904686659002E-02
  -1.7516339505334432E-01  -9.8245748426939130E-01   6.3992785815627488E-02   3.2629957576958550E-02
   7.2323936643548591E-01   2.2077581500896359E-01  -6.5435682799610539E-01   3.1494947572041209E-02
  -6.8696163542585475E-01  -7.2179412154644300E-01   8.4243442201952607E-02   3.4351718127474151E-02
  -7.3857610478424611E-01   3.6588340445294931E-01   5.6624612297802956E-01   2.8927084111881899E-02
  -2.5653517620878005E-01   7.6311174490277711E-01   5.9316959476946298E-01   3.1703860496747227E-02
  -7.6476463362166242E-01  -4.4693270826212163E-01  -4.6409719827532880E-01   3.2857941827295791E-02
   8.0458550996611215E-01  -9.1899427823810295E-02  -5.8668275270219734E-01   3.1356891614952733E-02
   3.6013475459928634E-01  -6.0052315531135800E-01  -7.1391518996628891E-01   3.0530088822503804E-02
  -3.6335421676058277E-01   6.0112349327042382E-02   9.2970974966420953E-01   3.2571132482578537E-02
  -1.9106032547525353E-01   3.0569203669681668E-02   9.8110217399427455E-01   2.9178611112276557E-02
   2.9700712871278774E-01  -9.4286596283988206E-01  -1.5096536560353037E-01   2.8460760475648072E-02
  -2.1625876012188953E-01  -3.0440031870211510E-01   9.2767052052148013E-01   2.9360287991318623E-02
   9.3878575321656718E-01  -3.1375690006856804E-01   1.4226003380066098E-01   2.3504018369733765E-02
   1.5285395817466245E-01   3.1449148859127862E-01  -9.3687286814913157E-01   2.8187403448944126E-02
  -3.7353257334458267E-01   7.6965581583897080E-01  -5.1778696564882960E-01   3.0404119015637354E-02
  -4.9978854067255138E-01   8.5509737649099566E-01   1.3791262208593579E-01   3.1433808843193418E-02
   7.9318223037173121E-01  -5.6355816584261617E-01  -2.3079025788501592E-01   3.3070900482450085E-02
  -2.0942510002851153E-02  -1.5546485688555926E-01  -9.8761940521049567E-01   3.0659643315215028E-02
  -3.6598883411774574E-01  -1.0586135404209708E-01  -9.2457857806760106E-01   3.1886806091386263E-02
   6.7332741545593552E-01  -4.6875384619229780E-01   5.7175171471133996E-01   3.0187829121380063E-02
   5.7367775812968515E-01  -6.3681520811847214E-01   5.1513126534537354E-01   3.1323928661300159E-02
   4.8166936034913554E-01   4.4587686861752899E-01   7.5444578687449856E-01   3.0673499348280719E-02
   2.4373703495680296E-01   2.5896315276044621E-01   9.3462845200798163E-01   2.9624903431495557E-02
   8.7290159855230733E-01  -2.2833573467635073E-01  -4.3116770694781578E-01   3.7758240222052714E-02
   6.9381167866369306E-01   7.1983309304700338E-01  -2.1579450971984721E-02   3.2072924917212675E-02
   5.8097380281612984E-01  -8.0140379705305111E-01  -1.4220194974161428E-01   3.0779698526748102E-02
  -2.2065953472178341E-01   9.7096571305687646E-01  -9.2384813710465429E-02   3.2567663267374973E-02
   5.5926488070698887E-01   7.9480601722758015E-01   2.3559751311639289E-01   3.2252081336913893E-02
   5.3204430415993231E-01  -7.8889472430173217E-01  -3.0752881552769553E-01   2.9455647655528398E-02
  -8.1791645579684768E-01   2.2425766718934463E-03  -5.7533263612156924E-01   3.2834571754778782E-02
  -9.6772033919067173E-01   1.8058983011073992E-01   1.7579720810429639E-01   3.2454610361873506E-02
  -1.6792647095156860E-01  -8.9954917306232911E-01   4.0325176453009108E-01   3.3112197039044528E-02
  -1.3998411293771733E-02  -7.2742346008133971E-01  -6.8604602921709396E-01   3.3541863954671375E-02
   8.7348145299863659E-01  -3.8576930663297321E-01   2.9700537592324089E-01   3.7250706359716736E-02
  -4.6859559124128589E-02   9.8512753309426948E-01  -1.6531160049522024E-01   3.3842104319901880E-02
  -7.2761865095288866E-01  -5.6519738375753050E-01   3.8874543878885736E-01   2.6696071136751471E-02
  -6.7998232797445581E-01  -6.8535675319627751E-01  -2.6059576836682589E-01   3.3270482919431740E-02
   9.4372747983999509E-01   2.4081502471020854E-01  -2.2668605530264369E-01   3.0164355977086594E-02
   1.4856478110819368E-01  -6.0585059511095469E-01   7.8158400842006514E-01   3.1294560394755621E-02
  -4.5919589433142675E-01   8.2500073392695387E-01   3.2941299253239613E-01   3.0480909280316024E-02
  -7.7542353121486424E-02  -4.7175123145127662E-01  -8.7831540980253031E-01   2.5508001412406109E-02
  -5.9535956368915750E-02   9.8001705804465331E-01   1.8979472026571507E-01   3.0243366671496878E-02
   7.1166547390365488E-01   4.4888086264287947E-02  -7.0108295726327281E-01   2.8918277688741120E-02
  -2.1275267603114720E-01   9.3666275692813787E-01  -2.7820707867587799E-01   2.9465279133714052E-02
  -5.9510672768268531E-01  -6.5345205877541276E-01   4.6781234437430212E-01   3.0574008812504596E-02
  -3.4521045392276761E-01   5.5144799212620023E-01  -7.5943061202615416E-01   2.9412129285749109E-02
  -3.0518062393152254E-01  -4.3555528119913491E-01   8.4685086278299852E-01   3.2997803377329111E-02
  -1.6199902857923813E-01   1.6163987878373911E-01  -9.7346230760423448E-01   2.6952184840693287E-02
   5.2943846123262172E-01   6.6602370885134698E-01   5.2545916588782590E-01   3.0105494131707910E-02
   3.4611202836469381E-01  -3.2057233614649458E-01   8.8172549079566504E-01   2.7343357035449704E-02
  -2.4656919233629075E-01  -4.6488535230998548E-01  -8.5034419066531530E-01   3.1673963876030790E-02
   7.8307929212734332E-01   7.4829776055494647E-02   6.1740369844763920E-01   3.2155965413499334E-02
   6.7096864769696038E-01  -1.5261814096447081E-01  -7.2560924529409156E-01   3.7645831403013869E-02
   5.1108470901844267E-01  -7.7865015912524500E-02   8.5599617960857514E-01   3.3913860267094619E-02
  -4.9363532109475327E-01   4.4703846825405273E-01  -7.4597639216583129E-01   3.2816543954140922E-02
  -1.1167191153320246E-01  -3.1554785197813357E-01  -9.4231573121035534E-01   3.5350969818792354E-02
   4.9567082085613849E-01  -1.4608670774680834E-01  -8.5613615223952574E-01   2.8054683958228704E-02
  -7.6144403207385806E-01   6.4789668749599025E-01  -2.0805488478488434E-02   2.9195155674112051E-02
   8.1262455674352001E-01   2.8395780826892110E-01  -5.0892955593137676E-01   3.0872227087395973E-02
   9.4673431240724319E-01  -1.2371171734161625E-01  -2.9730380539638687E-01   2.6360671432006208E-02
  -6.9978232281124741E-01  -3.2970690374868789E-01  -6.3371764872169098E-01   3.0915514435457418E-02
  -7.5090029010278449E-01   2.7047164801849210E-03   6.6041005355181860E-01   3.1621988762819026E-02
   1.9971533936553246E-01  -9.0762779135906495E-01   3.6922293478977703E-01   2.9485601106612584E-02
  -9.1997694209705791E-01  -6.7881573206472385E-02   3.8604989059545253E-01   3.0746508105672321E-02
  -4.3119418789160715E-01   8.1460308834181542E-02  -8.9857430990048730E-01   3.1901884411054024E-02
  -2.5309294335419036E-01  -9.3981372457155671E-01   2.2955200964324125E-01   3.2842458728498424E-02
   8.2318038357982779E-01   8.4254605996413065E-02  -5.6149373768347290E-01   3.2298728438232964E-02
   8.6226797772996874E-01   3.5785640377896754E-01  -3.5837512309848569E-01   3.3984625590504626E-02
  -4.6392148575431484E-01   2.2132718095211103E-01   8.5778268461615638E-01   3.4153574084246978E-02
   5.5795200479484350E-01  -3.0974301191043407E-01  -7.6990182940298792E-01   3.4863490101245178E-02
   3.2417533931040702E-01   1.9821174086597503E-01  -9.2499862441295661E-01   3.5875802490031487E-02
   4.4427144961415354E-01   8.6324302721123142E-01  -2.3965465784943056E-01   3.0763644005972845E-02
  -7.6675182202983709E-02  -9.7315991930733130E-01   2.1698084682268121E-01   3.0002953723267027E-02
   4.4365673210294307E-01  -8.9345432181192556E-01  -7.0057682628883952E-02   3.3063489602277278E-02
  -9.5546073693376225E-01  -1.6683857895691174E-01   2.4343308885529539E-01   3.2173789466384645E-02
  -9.4813091032967964E-01  -2.2323115150826664E-01  -2.2630870481204712E-01   3.1136062187131114E-02
   4.8730149661584789E-01  -7.6630197165074598E-01   4.1871056786297389E-01   3.2434575569808208E-02
  -7.3600415951821673E-01   4.6797552791898358E-01  -4.8917970362723757E-01   2.8769713965953261E-02
  -3.4127630643867590E-02   8.4390799610161781E-01  -5.3540134379957216E-01   2.9810902794964810E-02
  -8.9779394915636920E-01  -3.5834188947723868E-01   2.5604123711639297E-01   3.3785474539345794E-02
   5.7378385587707434E-01  -8.1825031845574081E-01   3.5192372496259096E-02   3.0945698565327828E-02
  -2.5385358287044308E-01  -8.5437641106097341E-01  -4.5343059743075304E-01   3.5959588768177930E-02
  -4.7245139360531842E-01   2.6541785108291016E-01  -8.4044217231581299E-01   2.9435360076062714E-02
   4.9465745834631134E-01   7.7206255722207020E-01   3.9904060775575809E-01   2.7399024994900282E-02
   9.8777215833548162E-01   1.2345938166235039E-01  -9.5204749339590009E-02   3.0649565687872968E-02
  -1.7254737785279723E-01   6.4975548522762904E-01  -7.4030075767402294E-01   3.2396559915691867E-02
  -5.0890717277908201E-01  -6.4359857505744288E-01  -5.7165930734838088E-01   3.5865148735565828E-02
  -9.9194138289316065E-01  -1.1651569423315419E-01   4.9763298738831807E-02   3.3579593157472067E-02
   9.6155079477866927E-01   5.7849709264530746E-02  -2.6846504464924074E-01   3.4828803638257777E-02
   3.8484623317286485E-01  -4.4664601820433338E-01  -8.0771326052929897E-01   3.1408433128340162E-02
  -3.9878089444023672E-01   6.3845647612851443E-01   6.5829106504570189E-01   3.3148732424280682E-02
  -6.2308710874537975E-01  -6.0927977375966282E-02   7.7977576038768798E-01   3.2166934256286987E-02
  -2.5903396052295746E-01  -7.9964838367433168E-01   5.4172305635150852E-01   3.2160596012522564E-02
   4.7935298911318930E-01  -6.4884012122575764E-01  -5.9095448971642028E-01   3.1734187078030875E-02
  -4.2517917713737549E-01  -8.8063399755205420E-01   2.0906082771354603E-01   3.2622473509258944E-02
   5.8496128798432653E-01   1.6247942735236975E-01  -7.9461986336043963E-01   3.4479244781311093E-02
   3.1646827518909410E-01  -7.3536742681241937E-01  -5.9923499429032078E-01   3.2873359942204922E-02
   9.8751181479271377E-01  -9.4910747903656176E-02  -1.2574722890453593E-01   3.3914673278178764E-02
  -5.2474298743762624E-02  -9.9557031139623148E-01  -7.8014120758752136E-02   2.9990039712786984E-02
  -5.2977546220958302E-01  -8.4719936091861054E-01   3.9889879665405164E-02   3.3912096396160911E-02
   2.7370797688205712E-01   9.6125429494890060E-01   3.2773828482850841E-02   2.9313120455031111E-02
  -7.4379591997557081E-01   3.2532139992013053E-01  -5.8389520993214238E-01   3.0997160038626625E-02
   6.4071640250021903E-01  -1.9578424344903208E-01   7.4239546172122272E-01   2.8194799952281851E-02
  -9.7573298708511906E-01   7.7862986143221748E-03   2.1882529896663984E-01   3.1325170606713519E-02
   7.9469556476417722E-01  -3.9149357908971058E-01   4.6388763388958098E-01   2.7310802382387104E-02
   6.7710011431985703E-01   5.3492492167101879E-01   5.0536201218858050E-01   3.2316303622609163E-02
   2.8610480144241034E-02   8.7931183900450520E-01   4.7538629577684607E-01   3.5022059987284017E-02
   6.9778037951035072E-02   2.8412306609856798E-01   9.5624531827897207E-01   3.1146212103751387E-02
   2.8770456945364273E-01   9.4455152223877760E-01  -1.5826718722433330E-01   3.2653637046766563E-02
   6.4320329857894007E-01  -6.8459296157820084E-01   3.4296062989031099E-01   3.0024666002719144E-02
  -4.4090746346584204E-01  -7.3561453687707221E-01   5.1426827803710377E-01   3.1018901257807822E-02
   1.4413938546060876E-01   7.8258096838694211E-01  -6.0563261592948736E-01   3.1636876733141612E-02
  -3.3874667215480203E-01  -8.5891261505497915E-01   3.8408307929856038E-01   2.9083373426529174E-02
  -6.1385738245945917E-01   3.0723118658168662E-01  -7.2717818448550151E-01   3.3615242274425702E-02
   2.5659797681013034E-01  -9.4646597072489857E-01   1.9585618335075148E-01   3.3215724991764989E-02
  -8.1417199239182451E-01  -2.7350243488247274E-01  -5.1217222193133977E-01   2.7399272427665861E-02
   8.9992446900108173E-01  -2.6797578542047668E-02  -4.3522159858789617E-01   3.1571225894915051E-02
   8.9810232260697215E-01   1.7070040214859480E-01  -4.0530678606984871E-01   3.0032538465829148E-02
   7.8399971994530321E-01  -6.1445017859446995E-01   8.8291659577278771E-02   2.5003864092568686E-02
   6.3231874137429144E-01  -5.4450743964230516E-01  -5.5107590900075944E-01   3.1093771479518061E-02
   9.5068039998682625E-01  -1.8580582215272210E-01   2.4836057161924678E-01   3.3753109557198959E-02
  -9.2414184939064956E-01   1.2924054162267453E-01   3.5952569394399001E-01   3.2224753570633355E-02
  -6.8175860319806647E-01  -6.7884114734669136E-01   2.7272679302637170E-01   3.4608866728434670E-02
  -9.0360590428276310E-01   3.3638963825486394E-02  -4.2704190644253818E-01   2.7010728779442700E-02
   4.2819835749630588E-01   9.0260130782707967E-01  -4.4238509765941005E-02   3.2043660777843547E-02
   7.2921964006359374E-01  -5.5786414945284565E-01  -3.9626545055149060E-01   3.1687380381723890E-02
  -4.8821903899089393E-01   3.8652420419114626E-01   7.8245843949772115E-01   2.9665779400477894E-02
  -4.1582468597828867E-01  -8.0374230141027478E-01  -4.2554452581929984E-01   2.6738116569171435E-02
  -5.0745224769351073E-01  -8.1645743657017995E-01  -2.7548043592976743E-01   3.1308659101600353E-02
   4.4559217210238362E-01   5.9929723960764915E-01  -6.6504919724764102E-01   2.5574773790413818E-02
  -2.6039518943930968E-01  -9.6038124616214446E-01  -9.9308646838594096E-02   3.1491903863860692E-02
   4.3008963449104511E-01  -4.4140381936949113E-01   7.8751861854141891E-01   2.8993479496127738E-02
  -6.8459293221168247E-01  -5.9342418468482378E-01  -4.2329688659020732E-01   2.7980736117036544E-02
   3.8334829400930727E-01  -8.7868562249873107E-01  -2.8452708534368230E-01   3.3784193161739426E-02
  -2.2131668762266629E-03   7.2321465935402038E-01  -6.9061976397133770E-01   3.3775736585421980E-02
   5.1830188034097437E-01  -5.3999034406556125E-01   6.6315427251203553E-01   3.3134510691346790E-02
  -3.3126480690759669E-01   9.1335546777257921E-01   2.3673913321292241E-01   3.3005390915464443E-02
  -8.2869502505799896E-01  -1.3038023770451006E-01   5.4430281007931409E-01   3.3469114353111173E-02
  -8.9617084716266113E-01  -4.3699148092441877E-01   7.6917217157420321E-02   3.3832657745867229E-02
   8.5124439939758111E-01  -7.2648215532751496E-02   5.1971647008167662E-01   3.0904999327366624E-02
  -3.7932172111378168E-01   8.5029622297644333E-01  -3.6484430252269639E-01   3.1788533717677482E-02
   1.9451701251594021E-02  -9.6511049418071053E-01  -2.6111944650041580E-01   3.4378531732332060E-02
  -6.1412056288567162E-02   6.3524943956263744E-01   7.6986148681289723E-01   3.2372446573788482E-02
   5.3658553506530886E-02  -9.9594859779950386E-01   7.2160586034128320E-02   3.6910800198198812E-02
  -6.9941078442100739E-01  -1.2727480416259000E-02  -7.1460658118845010E-01   3.0659826973220729E-02
  -2.1379285379206995E-01  -5.9362254220413701E-01   7.7582529802432986E-01   3.1290780150068462E-02
  -5.6969804008503484E-02  -8.3683232308446857E-01   5.4448701037975579E-01   2.8697898773108034E-02
   9.9958424077408061E-01  -1.6859082134543261E-03   2.8783733420122281E-02   2.9241428998328693E-02
  -6.1943229897792715E-01   7.4860469161487728E-01   2.3642047854429706E-01   3.2124531956469191E-02
   2.7492187689895302E-01   9.0283826980051316E-01  -3.3060704799803151E-01   3.2224821608398830E-02
   7.4782065062229516E-01  -9.2513109797508707E-02   6.5742345487398088E-01   2.7582395830169073E-02
   8.5125464336384961E-01  -3.9740942497009701E-01  -3.4268247853723448E-01   3.2702945019635625E-02
   7.0101354904606649E-01   3.8452133880289460E-01  -6.0060248422652042E-01   2.5129782172042309E-02
  -2.5823300337472865E-01   2.0908687961043961E-01   9.4318523776765967E-01   3.2236530857935403E-02
   8.8818942960286832E-01   4.1862237756454714E-01  -1.8940655253696194E-01   3.1400141367233689E-02
  -3.3225323044802648E-01   3.5956299866648828E-01   8.7196458692243545E-01   3.1795983016682765E-02
   8.7665740151451245E-01  -4.6796960214596534E-01   1.1169714337067844E-01   3.2477328161190954E-02
   5.9881091342540599E-01   5.2150905185001281E-01  -6.0782711259134494E-01   3.5786722662664534E-02
  -6.3174273957373427E-01   1.4418966953369141E-01   7.6164982124046867E-01   3.3018758776552679E-02
  -3.2611140936750060E-01  -6.1752868883216844E-01  -7.1575810659018399E-01   3.8410098616206296E-02
   1.0377167491920906E-01   8.9677472278219330E-01  -4.3014710979312926E-01   3.4914432804545798E-02
  -1.1215115101010812E-01  -4.6194016003859550E-01   8.7979168436092010E-01   3.2714166135054489E-02
   5.1863421527649178E-01   9.5570252357515990E-02   8.4963808625135115E-01   2.6972518886749270E-02
  -4.0715264484922988E-01  -4.2357355931330946E-01  -8.0920464880210065E-01   3.1120167793709776E-02
   4.1575213663220527E-01  -9.0112375351873179E-01   1.2298838046770053E-01   3.1219103414665334E-02
   4.1487896953478671E-01   8.9698560333408892E-01   1.5261804627610143E-01   3.3919408420004919E-02
   3.0376864373974834E-01   5.3729732670174525E-01   7.8678853181758556E-01   3.4859362055836777E-02
   8.9496510152844059E-01   8.7840741591112720E-02   4.3740309916930320E-01   3.3827855974108373E-02
   2.5279534889077250E-01   6.8672599257340003E-01   6.8154377900709430E-01   3.0282715618670423E-02
  -1.3166722506284347E-01   9.3012866066539352E-01   3.4281834322721387E-01   3.4676698578091005E-02
   5.2875245259184620E-01  -4.8429642499164851E-01  -6.9704936454918016E-01   3.1367746224871013E-02
   2.4672303101832078E-01  -4.6528903248089221E-01   8.5007873883430811E-01   3.2356784184508358E-02
   4.4805937763238032E-01   4.5917861653537430E-01  -7.6707091734229093E-01   3.3250526652937826E-02
   3.6296532003331396E-01   3.6778831689102386E-01   8.5614714296759863E-01   2.9846944875574589E-02
  -4.8848723349622531E-01  -4.1784695904096524E-01   7.6601836892559056E-01   3.0517864492205850E-02
   9.2784313198552723E-01  -6.7987896338756330E-02   3.6672164972730763E-01   2.6226126893437373E-02
  -1.1581513674929697E-01  -1.5990378254689517E-01   9.8031506895841253E-01   3.2086312886466732E-02
  -3.8511238656607332E-01  -5.5184840700565747E-01   7.3969709030028063E-01   2.6224364374007045E-02
  -3.6493657316148233E-02  -6.2000026134020469E-01   7.8375244108951225E-01   3.0221911877618108E-02
   1.3153358314890626E-01  -2.4342323447385214E-01  -9.6095996036374877E-01   3.1301921602827320E-02
  -5.9450326361333836E-01   1.2367375923034422E-01  -7.9452543749770798E-01   3.2746870161683045E-02
   1.6659155442021747E-01   4.9720338450871102E-01  -8.5149048639954791E-01   3.4991737202304404E-02
   2.4670055670341293E-01  -3.6034878690433465E-01  -8.9960412799119620E-01   2.9552900534787575E-02
  -6.7721618843469162E-02   9.9758599573885451E-01   1.5361101748828074E-02   2.7923168735275378E-02
  -9.2300982745212962E-01   3.8030547661625311E-01  -5.8485920378109899E-02   2.3758582189355981E-02
   9.4211798807040487E-01   1.8770648336363553E-01   2.7781283745973599E-01   3.5689203810063490E-02
  -5.2530611796552673E-01  -5.7260959599002037E-01   6.2942174494382827E-01   3.8242331625449121E-02
   5.5972221104488051E-01   5.3523717862314228E-01   6.3263908279726823E-01   2.7123906611311818E-02
  -9.0086376674825512E-01   3.1335449347441981E-01   3.0042209502554100E-01   3.0648124201482502E-02
  -3.6366756266187243E-01   5.1250247229876144E-01   7.7787345998898205E-01   3.0595608819645003E-02
   8.7010483457425156E-01   3.8871662969400038E-01   3.0301313280095905E-01   2.9920909064683826E-02
  -7.5895183485436996E-03   4.5926627278207812E-01   8.8826622692529237E-01   3.2676956975644522E-02
  -6.2671343684365794E-01  -1.8903485309046608E-01  -7.5597360562170177E-01   2.9771213985648920E-02
   9.5233846841622771E-01   3.0182681455517594E-01  -4.4181620501166660E-02   3.2674149744532852E-02
  -8.4585477946788376E-01   3.5888210401499369E-01  -3.9463062155528305E-01   3.5615804859290585E-02
  -3.2518636256607438E-01   6.8338663670978778E-01  -6.5363333327449737E-01   2.6352857968766727E-02
   2.5145249081386817E-01  -8.4855043687015179E-01  -4.6554677632970058E-01   3.2209050729606931E-02
   3.2900176849632769E-01   7.2382615043771201E-01  -6.0649281963499905E-01   3.8032179182148023E-02
   1.3095278411064694E-01  -6.1795801184183529E-02  -9.8946078613034238E-01   3.1975889800605212E-02
  -3.3424360021633399E-01  -9.0407704575080121E-01  -2.6631919018524934E-01   3.4456541345663831E-02
  -5.2219914461218541E-01   7.3986997106331218E-01  -4.2414676620843803E-01   3.0635411990849470E-02
   6.4897048372566992E-01   3.8326225107211868E-01   6.5722702177862588E-01   3.4781218976341330E-02
  -9.2721604316964967E-01   3.0508349232491669E-01  -2.1724288710945369E-01   3.2401636263764279E-02
   3.0662858603437332E-01   5.6865661789283823E-01  -7.6328799358645715E-01   3.0041477647584002E-02
  -8.9866675955365149E-01  -3.9085422983393955E-01  -1.9907542865521481E-01   2.7619966384142800E-02
   6.2000464392303715E-02  -7.4063583791101361E-01   6.6903998237548512E-01   3.3813114081905384E-02
  -7.5812683316821818E-01   6.2302552123751944E-01  -1.9256922058586081E-01   2.7032740583705305E-02
  -7.2760825336404639E-01   1.6773340202460871E-01  -6.6517045595980324E-01   3.0509796984495021E-02
   1.5763646526010615E-01   6.5237428397564825E-01  -7.4132215562976364E-01   3.1124713431583197E-02
  -5.6496846416803858E-01  -7.1578483327684896E-01  -4.1044208720164316E-01   3.1293769166910898E-02
   1.1716200180192490E-01   9.6211086254143012E-01  -2.4620266755977930E-01   2.8270407340660138E-02
  -5.7350369963340543E-01   4.8682834999192472E-01   6.5885633043246736E-01   3.5084734605916905E-02
   9.4102315209153140E-01  -2.6833248695076412E-01  -2.0609003778576107E-01   3.4638358953830237E-02
   3.7221352720448548E-01   8.6647420335838578E-01   3.3268535447242997E-01   2.8975015387122571E-02
  -7.4923247240793102E-01   1.9076954772613643E-01   6.3423787489384793E-01   3.2239830357124841E-02
   5.8641192380148723E-01  -6.7846677459031816E-01  -4.4249733490773621E-01   3.1389116779029646E-02
   1.5097405825680755E-01   1.1675628077106467E-01   9.8161846184450833E-01   3.3099136898486971E-02
   2.6659015584965626E-01  -9.6361140254579904E-01   1.9564091795277828E-02   3.1167784981150332E-02
   6.8410587447901152E-02   9.5046229493624228E-01   3.0321843187636989E-01   2.8776977018958461E-02
  -1.0842263792776811E-02  -3.2790380838529467E-01   9.4464889655483510E-01   3.1354562709866522E-02
  -3.3561947015482855E-01  -6.8364042544203504E-01   6.4807047452759745E-01   3.0553321731679532E-02
   1.4175993677983100E-01  -8.3613149702451021E-01   5.2989455555584816E-01   3.2066080141522559E-02
   6.7451690390669414E-01  -6.9120345019331370E-01  -2.5935446166392965E-01   3.0470475642807834E-02
   9.0899756255531283E-02  -9.6630008086119509E-01   2.4083477332049159E-01   2.6610234070652047E-02
  -6.3490492643840914E-01  -5.0287016584621309E-01  -5.8652990604575352E-01   3.3998441948256679E-02
  -1.8269596502383439E-01   7.7720832502906063E-01  -6.0213736295759936E-01   3.0705759794368918E-02
   6.9812465445877478E-02  -4.7117871134166344E-01   8.7927063049255629E-01   3.1892716277612067E-02
  -3.4569216375754296E-01  -7.4322357726207188E-01  -5.7281379358251962E-01   3.0743172559247731E-02
  -1.4109357810798268E-01   8.5528142661169024E-01   4.9858427924450081E-01   2.4517231724013246E-02
  -5.0166092563917921E-01   8.6339151671406355E-01  -5.3771782126230256E-02   3.2443345513585568E-02
  -7.6611225442166750E-01   6.2483424128979860E-01   1.5051307098306074E-01   3.1087933955400512E-02
   6.4312329711643716E-01   6.7436969571215623E-01   3.6279186624175681E-01   3.1075054670022907E-02
  -9.2734368408964371E-01   3.5455422185760756E-01   1.1968707257675577E-01   3.3238756140894221E-02
  -9.9084753929899314E-01  -6.5828545247723901E-02  -1.1784632576240312E-01   3.0416721175696697E-02
  -8.3974509264296255E-01   1.8264805250995404E-01  -5.1133928882531947E-01   3.2665678754700637E-02
   8.6832519134857495E-01   2.5597329094749134E-01   4.2484001270004174E-01   2.6823963606439789E-02
  -8.5793460641899450E-01   4.8107766466228891E-01  -1.8031220610863671E-01   3.6059554365572674E-02
   2.4449639387279802E-01  -7.2543301703538016E-01   6.4340380102867236E-01   3.0696312043145606E-02
   8.3549659147618218E-01  -5.4651345785375626E-01  -5.7170674444264752E-02   3.1110289188616162E-02
   9.8237770208151147E-01   1.6080127772539601E-01   9.5273288674891158E-02   3.0003701101461661E-02
   7.0853410407619721E-01   6.8148439246487928E-01   1.8318964541620514E-01   3.7631561458185900E-02
  -1.3198138690752712E-01   3.3753473675555194E-01   9.3201460020394844E-01   3.0556794965867872E-02
  -8.7612968305874598E-01  -2.5207655284004282E-01   4.1091871455515658E-01   2.9764424165569941E-02
   4.6217109181602289E-01   2.8012878547932960E-01  -8.4138323339335734E-01   2.7657123009518032E-02
   7.5276222963343233E-01  -2.6700359430459323E-01   6.0171264426280082E-01   3.7874135842880645E-02
   3.3705440219150748E-01  -5.9441122128574246E-01   7.3011617566858335E-01   3.3131072134374375E-02
   4.1469026496466669E-01  -6.9219593703308994E-01   5.9067484193794577E-01   3.0243537992072870E-02
  -4.9321536966242582E-02   2.9661170017695596E-02  -9.9834242671764137E-01   3.4686337270467797E-02
   5.0350402211331637E-01  -2.6365391029379683E-01   8.2278205820405663E-01   3.3128589908676251E-02
   9.8422387692986053E-01  -1.6976190542481896E-01   4.9842306805460898E-02   3.2279221815436800E-02
  -5.0894873714743518E-01  -7.8329007062770861E-01   3.5697037441792032E-01   3.4021771299450964E-02
  -9.2329227533197659E-04   2.3960820901697039E-01  -9.7086922585024506E-01   3.2120005022235069E-02
  -6.3211619764270166E-01   6.1185023015390100E-01  -4.7546651673735267E-01   3.1744241781424196E-02
   6.8289955025331856E-01   6.9586490766611923E-01  -2.2230662280426716E-01   3.0960400226987205E-02
  -1.7950393598099736E-01   4.9432182570551139E-01   8.5054351422987171E-01   3.3013910671669020E-02
   1.2063795117292255E-01  -8.0108921217638897E-01  -5.8626151065152836E-01   2.9337734853203304E-02
   2.0372328458485724E-01  -9.3191684807932233E-01  -3.0004634905937228E-01   2.9910580553733861E-02
  -9.5487646070795211E-01  -2.9129250498224870E-01  -5.7962240527964690E-02   3.6553167257808700E-02
  -3.5954768145527844E-01   9.3223764393761126E-01   4.0723948553460722E-02   3.1871348710448907E-02
  -6.8060075123665386E-01   5.3216392588575107E-01   5.0357141837277374E-01   3.2047268861938058E-02
   5.7370565198047360E-01   8.1095338229024811E-01  -1.1496276196084631E-01   3.2222719485327520E-02
   3.1007911594200034E-01   3.7386295592357572E-01  -8.7411522812768449E-01   3.1064631536227222E-02
   5.6678038961281185E-01   8.2115543837089894E-01   6.6811196548527158E-02   2.9048850045316324E-02
  -1.4092746845907115E-01  -6.0772053165489801E-01  -7.8154667425484305E-01   3.1536577491323005E-02
   5.8971220883560242E-01  -1.5504101288276341E-02  -8.0746463302950779E-01   2.5912654980357308E-02
  -7.6240956637947467E-01  -1.5685995438944447E-01  -6.2779503645855863E-01   3.1436438030106774E-02
  -1.7430183962098768E-01   4.9529752311831050E-01  -8.5105771384648534E-01   3.3411475537590988E-02
   1.8980462165956922E-01  -2.7859780696751830E-01   9.4146559552091826E-01   3.6051824405019674E-02
   6.7654464760198740E-01  -7.1889536818280772E-01   1.5961450249400264E-01   3.1565539671208555E-02
   8.8699429579941053E-01  -4.2834820591076452E-01  -1.7250777870095315E-01   2.3910983065718451E-02
   2.4915651639896969E-01   9.3886098798157249E-01   2.3761539424497604E-01   3.2877993184043141E-02
   2.6056173626261980E-01   8.3276326449354414E-01  -4.8848022161174977E-01   2.3442785002768204E-02
  -6.3020138783523025E-01   3.1969446207707674E-01   7.0756035904210907E-01   3.0597969889941052E-02
   7.8161896141351663E-02  -8.9621826814707823E-01  -4.3667325751760941E-01   3.2447176674588762E-02
  -3.6499965465140431E-01   9.1329654131724176E-01  -1.8073372602344948E-01   3.2727672057753927E-02
  -5.4078051605829742E-01  -4.8308436966421375E-02  -8.3977540352738540E-01   3.2511766819830136E-02
  -5.0326568226251531E-02   9.3466991898432567E-01  -3.5193661229886608E-01   3.0990804491063936E-02
   7.3408925400188218E-01   4.9072062352877017E-01  -4.6936791198642353E-01   3.3404769907583404E-02
   9.3289324456514517E-01   3.3211637888455793E-01   1.3931584662673945E-01   3.2006991814710326E-02
  -9.1929608960825710E-01   1.9136544244280710E-01  -3.4390982403769139E-01   3.0447755556503577E-02
  -6.1827210248474226E-01   4.8050004383248552E-01  -6.2198015656938423E-01   3.0224974644825679E-02
  -5.1298913482984378E-01   8.2494569794357843E-01  -2.3729041908789878E-01   3.0042716505647137E-02
   1.1607148122167698E-01   9.8594913281076994E-01   1.2013208878853505E-01   3.1815369037412013E-02
   6.7669400427046344E-01   1.9938527513822705E-01   7.0875294471519447E-01   3.0116710653721283E-02
  -4.7818134482156073E-01  -2.2636651501401860E-01  -8.4858753369646660E-01   3.0301251899595951E-02
   5.7069670937271865E-02  -1.7270793810140703E-01   9.8331837203210650E-01   2.6874008196643490E-02
   6.6441614407416436E-01  -3.8174180343321664E-01  -6.4251411113311327E-01   2.9263456125507945E-02
   3.1511465002718757E-01  -1.4103699262939219E-01  -9.3851548950899044E-01   3.7652786989838102E-02
   7.2385436602749617E-01  -5.4488554376843705E-01   4.2324295738394308E-01   3.1480259413682056E-02
  -1.9753702629579905E-01  -1.6139958662132007E-01  -9.6691741978344758E-01   2.9648779769813211E-02
  -9.5443044323113390E-01  -2.7703175577449687E-01   1.1097718380874801E-01   2.2310376168091354E-02
   5.5858758445131435E-01   7.5951957440657258E-01  -3.3333155654708828E-01   3.1218806164277923E-02
  -5.8813778936737488E-01   7.0145096575544503E-01   4.0256736499474286E-01   3.2824768007026072E-02
  -7.5674193306953370E-02   7.6885355045011518E-01   6.3493120448407172E-01   3.5016360435204814E-02
  -3.0183630230042783E-01   8.5801751258614178E-01   4.1557285126568910E-01   3.4309323888283449E-02
  -8.5324787654309908E-01  -5.1299222034265854E-01  -9.3845847231519119E-02   2.9651465237585830E-02
   7.8230072066616127E-01   3.9547190802590534E-01   4.8125622324033843E-01   3.1015620580168192E-02
   1.6526024451165987E-01  -6.8151203771803370E-01  -7.1290279423590412E-01   3.1345233353121186E-02
   4.4689974544915900E-01   3.9245241866085356E-02  -8.9372279175835576E-01   3.6522969872517032E-02
  -1.3291445062516080E-02   5.8224939410457041E-01  -8.1290158109885037E-01   2.7531120840681224E-02
   8.3264182537681215E-03  -9.1681545207459169E-01   3.9922436999302206E-01   3.3878025104741764E-02
  -5.7782340653267292E-01  -7.9146567407985717E-01   1.9925410313540512E-01   2.2452417877798018E-02
  -3.5545373622984319E-01  -9.3356758467364517E-01   4.5871627907251060E-02   2.9741847647445576E-02
