   0.0000000000000000E+00   0.0000000000000000E+00   1.0000000000000000E+00   3.1514019268684294E-02
   7.0807209698190529E-01   0.0000000000000000E+00  -7.0614014577536039E-01   2.9354678908304524E-02
  -9.0432543169351280E-01  -2.3961487035975648E-01  -3.5324244860268261E-01   3.1080036210496770E-02
   8.0616192109548183E-01  -4.7278200626376456E-01   3.5578101625698312E-01   2.9365302155309137E-02
   8.3752842178311510E-01  -4.7695457293989731E-01  -2.6657171278514271E-01   3.2829917887617270E-02
   5.1606936380514802E-01   5.3655465038985354E-01  -6.6766871941612757E-01   2.8870397163408680E-02
  -4.9265567160709133E-01  -4.5295916380960310E-01  -7.4304669109973895E-01   2.8944839142132728E-02
  -6.5968720319271509E-01   5.0323938555956173E-01   5.5817821057920937E-01   2.7585288238837932E-02
   8.2355882363244532E-01   5.6619803643638020E-01  -3.4214727132191091E-02   3.0598749584763127E-02
   7.1412493406256070E-01   3.0229515331605294E-01  -6.3138199121590989E-01   2.7942995343250469E-02
  -2.7812421047620494E-01   3.8419006803191276E-01   8.8036635281717909E-01   3.1423796591098738E-02
  -1.5325828375431616E-01   9.4306956265161510E-01   2.9518078945075867E-01   2.8958336542504582E-02
  -1.3480280695717394E-01   1.1681878681311537E-01   9.8396218132811323E-01   2.9351458032508762E-02
  -5.7468419492543034E-01  -6.7277497990290804E-01   4.6595268270453340E-01   2.7446639393357874E-02
  -8.0726744801192733E-01  -6.2468474912627138E-03  -5.9015272961897844E-01   3.2967069771642236E-02
  -4.3711134752791798E-01  -1.0769304987619734E-01  -8.9293665893538651E-01   2.5838324800022700E-02
   9.9028461811857599E-01  -1.3665787524971202E-01   2.5709925125915411E-02   2.4253634693334564E-02
   4.3184446097111459E-01   8.4570581923547329E-01   3.1351559584783701E-01   2.6918361105086798E-02
   4.0105307310802160E-01   1.5309660261942821E-01  -9.0317100419411193E-01   2.9506983027723538E-02
  -7.1692871350932492E-01   3.5114882929199215E-01   6.0225220583467153E-01   2.7776504906050925E-02
  -7.4624038134650074E-02  -6.9543505666942717E-02  -9.9478387288497511E-01   2.9001476087357094E-02
   7.6892510075365274E-01  -3.1869696863151029E-01  -5.5424401811482928E-01   3.0821983638329308E-02
   7.7312566063052035E-01   1.4915216800915986E-01  -6.1646601175797899E-01   2.6395951516091127E-02
  -4.8840306704768714E-01  -2.8303436429638701E-01  -8.2544169553382289E-01   2.7858536338107602E-02
  -4.6792036936956655E-01  -7.0550704382746678E-01  -5.3226904760551052E-01   2.5477432296768016E-02
  -5.8738446104057260E-01   8.0930782612143588E-01   5.8095324402216945E-04   3.0547953862901957E-02
   8.0100736833197743E-01   5.7773020299626125E-01   1.5689170922575463E-01   2.7158583567242677E-02
   6.2976071646500901E-02  -2.0479973879189632E-01  -9.7677586036446744E-01   3.4222071751293205E-02
   5.8905037498036083E-01   5.2394481567094199E-01   6.1522474419275354E-01   3.4027424498147369E-02
  -8.8620291271234528E-01  -3.3406062278880774E-01   3.2101074406024059E-01   2.7827214569560450E-02
   1.0082375781418653E-01  -3.1055240733247342E-01   9.4519403942271651E-01   2.9212853328749567E-02
  -4.0646269567694837E-01   6.2270968313551442E-01  -6.6859608700043686E-01   2.7554257271920454E-02
  -6.8804283585724146E-01   6.7713022758624603E-01  -2.6094388460840303E-01   3.3532564278034922E-02
   7.7883891715998991E-01  -6.0857658415449193E-01  -1.5180409196034609E-01   2.7176972173905356E-02
  -9.9140738756511410E-01   3.8885260588552842E-02  -1.2489727134840091E-01   2.6626503757194610E-02
   2.6080173568352837E-01   8.7992151376221219E-01  -3.9714050949616797E-01   2.9330093891256407E-02
  -7.6116050403888042E-01   3.2962196509594807E-01  -5.5855532153723412E-01   2.6799503053410886E-02
  -5.6895975824324116E-03   9.7679146075286258E-01   2.1411695560986956E-01   2.7163315878082094E-02
   7.9373681843863996E-01   5.6247032010695861E-01  -2.3153617871443068E-01   3.1251874906801244E-02
  -4.5214510868861195E-01  -8.1597967763195562E-01   3.6019712156069925E-01   3.3711317081509699E-02
   4.3954408074692459E-01  -8.9800305166830156E-01   1.9786871272610879E-02   2.7263513520649205E-02
  -5.5603304295621081E-01   5.7450435519282265E-01  -6.0064298964138052E-01   2.7503248895741680E-02
  -5.1538865175212329E-01   5.4464414204225057E-01   6.6161718250374166E-01   3.1071653120750317E-02
   1.4879836377746357E-01   9.7861022505351087E-01   1.4206010825656272E-01   2.9803278623790397E-02
  -7.1111943410824984E-01  -3.6835406051930168E-01   5.9885260000479680E-01   2.9664270532368718E-02
  -1.4404735315635164E-01  -8.8225655976938064E-01   4.4818938273072310E-01   2.9765598050801603E-02
   5.7471850338314425E-01   8.1755613082450313E-01   3.6064037770429187E-02   2.6756586228826226E-02
  -3.0008602280496448E-01  -8.2409247069087410E-01   4.8043727859909983E-01   2.7498899761553410E-02
   3.9832772844507285E-01   8.8157300571627761E-01  -2.5330625010874951E-01   3.0459341553543293E-02
  -4.2172308995425202E-01   6.8430324538108404E-01   5.9487704928023044E-01   2.9534080764391884E-02
  -8.7572478246815634E-01   2.3828701283809481E-01  -4.1991118690003714E-01   3.0241466827383516E-02
   6.0687699323932715E-01   5.8686330005261009E-01  -5.3599606540361266E-01   2.5263934071383959E-02
   2.6968434256285651E-01  -8.4328966409319150E-01  -4.6490095483880438E-01   2.8269522978420646E-02
  -2.9725841123561185E-01   2.3302134419449811E-01  -9.2592574761665922E-01   2.7445841936882948E-02
   1.3425124892601181E-01   8.6896247260746619E-01   4.7632008498668669E-01   2.1702081855935571E-02
   2.9541287558929747E-02   9.8586257901338889E-01  -1.6493116027734204E-01   3.3358963411866908E-02
  -3.6209770649813632E-01  -9.3185005458867546E-01   2.3253531169955601E-02   2.8900628391790966E-02
   2.5175042736721824E-01   2.4920111692056017E-01  -9.3515802175138738E-01   2.6933081040719524E-02
   2.2113734462554530E-01  -4.8706065419485868E-01  -8.4490839381985018E-01   3.4242126545697977E-02
  -3.5963638090625793E-01   5.9303409661216299E-01   7.2039727496989103E-01   2.2253028646072579E-02
   2.9634022255523809E-01   9.2836296222852219E-01   2.2433163588356306E-01   2.7200029747501930E-02
   6.5903986865249164E-01   1.7582362504399302E-01  -7.3126773783812994E-01   2.6978838294973117E-02
   4.7565115699185609E-01  -8.5891946424550162E-01   1.8977178608141134E-01   2.7861610021459690E-02
   2.0249046868798368E-01   4.1259280548109655E-01   8.8812430827883463E-01   2.0521112785715081E-02
  -2.0340617533010396E-02   8.7372765651195436E-01  -4.8598996031245782E-01   2.7381014666604626E-02
  -2.6101839002850262E-01  -8.2872916773692217E-02  -9.6176997235947698E-01   3.1089466221574366E-02
  -3.9757894536130567E-01  -8.9491459158337924E-01   2.0262984966817083E-01   2.7663526939938227E-02
  -6.2593328765960194E-01  -7.1513610229226012E-01   3.1110749685257657E-01   2.8169402910013925E-02
  -8.2960071233861913E-01  -1.7478882948514876E-01  -5.3029380835011394E-01   2.7487206845181253E-02
  -5.3151524948575481E-01   1.8313859926243058E-02  -8.4685072007922261E-01   2.9325605698396174E-02
  -7.5735587648150417E-01  -6.1988781005412896E-01   2.0530752374238216E-01   2.9168320226833905E-02
  -2.9632031474181514E-01   4.2619197579608583E-02   9.5413724121270000E-01   2.8160333245851521E-02
  -2.4859253882508665E-01   6.4924157089750362E-01  -7.1880952432410047E-01   3.0797190135421743E-02
   9.4842976027354968E-01   5.2767278733774887E-02   3.1256455992720773E-01   2.7275978371950668E-02
  -3.2177841509299898E-01   9.2421052217728245E-01   2.0565398677641204E-01   2.7992469062338489E-02
  -9.8953130205761361E-01   1.4111183246689520E-01   3.0253148365068995E-02   3.1298695756883647E-02
   7.2443128039357196E-02  -4.7353371539083157E-01   8.7779144082636637E-01   2.9000685415591632E-02
   3.6617750616288273E-01  -3.6667042971312984E-01  -8.5525834106094560E-01   2.9823819785529611E-02
  -5.2274934769340664E-01  -8.5063607984720981E-01   5.6137145886561645E-02   2.9069554061471215E-02
   1.7608084011700988E-01  -8.8251419244444448E-01   4.3607824742564034E-01   3.0781929074138107E-02
  -6.0927613561651465E-01  -6.0262135962468468E-01  -5.1539313877107737E-01   2.8879883558100036E-02
   1.7750861919680305E-01  -6.8418829466743016E-01   7.0737335795951352E-01   2.1365896408865761E-02
   7.1226109022171568E-01  -6.3180365938236873E-01   3.0579122836867123E-01   2.9788514544606549E-02
  -4.0735377979750921E-02   4.1074640331320431E-01  -9.1083918511783039E-01   2.6468842935778056E-02
   8.9181979440543930E-01  -4.4133862819920457E-01  -9.9386465707782924E-02   2.6469639521351933E-02
   1.4198191748237228E-02  -9.2789991185195699E-01   3.7255894155987014E-01   2.8840166758940641E-02
  -5.8511650398990182E-02  -9.9593378434744828E-01   6.8500247904345110E-02   3.2827490515132686E-02
   2.5851987537203342E-01   6.8756653844952486E-02  -9.6355591253941970E-01   2.8701056026074818E-02
   5.2364475920125430E-01  -4.3146459652251341E-01  -7.3459816778203643E-01   3.0051331183127243E-02
  -5.2054772204294472E-01  -7.7262430425194263E-03   8.5379761902007480E-01   3.1064425337260090E-02
  -6.7924217768083217E-01  -6.4060327336680558E-01  -3.5813057704018329E-01   3.0526128203612143E-02
   8.2218615050511463E-01  -5.3919140533435383E-01   1.8243509073406261E-01   2.7182662000934172E-02
   7.2662661089410995E-01   5.4166544999451060E-01  -4.2262549452533519E-01   3.2627219689336706E-02
   2.6825551159573794E-01   4.2482386697443983E-01  -8.6461763950742547E-01   2.9522193832108648E-02
  -1.5193708607118391E-02   9.1035834282045016E-01   4.1354182240248178E-01   3.3211311517007278E-02
   9.2543434988105239E-01   2.5101575584088715E-01   2.8383508306737175E-01   3.1183913661584443E-02
   8.3355069142873343E-01   4.3691273630255578E-01  -3.3808357794381800E-01   2.3779961473243673E-02
   5.9531716360762496E-01   6.8944703286405326E-01  -4.1262605781642704E-01   2.8450064524121296E-02
   9.0807484335587460E-01  -4.1262900682908005E-01   7.1675529907011510E-02   2.9057628823617452E-02
  -6.8311560057550728E-01   2.5863878850749397E-02  -7.2985213298390654E-01   2.9986780340849641E-02
   8.0461445971849183E-01   1.0784987130101750E-01   5.8392120741781035E-01   2.4781287422865951E-02
   3.2251548942137246E-01   7.7340293989008523E-01  -5.4573954561921365E-01   2.8864838279659362E-02
   6.0229007008624062E-01  -7.9396820253707547E-01   8.2832148562963645E-02   3.0690918445804538E-02
   1.7258539687037153E-02   9.9938079190437196E-01   3.0662282701413712E-02   3.0101534287114048E-02
  -5.9438891745321829E-01   7.2973687920374521E-01   3.3791404519310805E-01   3.0341825499299446E-02
   3.3489552787419949E-02  -7.5990898327891525E-01  -6.4916622446497020E-01   2.7145047958464338E-02
  -7.5451658167866630E-01  -6.5593875133951460E-01   2.1191565848204065E-02   2.7904621732487413E-02
   2.5148835530570630E-01  -2.2556956691709140E-01   9.4120772288930272E-01   3.2073997859306548E-02
   4.6539871718657694E-01   8.8178484565302710E-01  -7.6547501708128447E-02   2.8224104125916458E-02
  -6.2839924965559958E-01   4.1989500184715744E-01  -6.5483018444177956E-01   2.7515619197620484E-02
   3.8300461158412373E-01  -4.6526755290383166E-01   7.9801852843162404E-01   2.7686912083327253E-02
  -7.5395399272056442E-01   5.5065916392303195E-01  -3.5822878450552604E-01   2.5886696713548476E-02
   5.4090939955829240E-01   7.8996898821769114E-01  -2.8873174249431752E-01   2.6035430223052680E-02
  -2.0137814290693105E-01   8.9427098845143362E-02  -9.7542279938060527E-01   2.7997861911715045E-02
  -5.3605999397361152E-01   7.6847655465116151E-01  -3.4940444732786652E-01   2.8273166114081762E-02
   2.8627023251253969E-01  -6.3327351000602272E-01  -7.1903686658047529E-01   2.7601559926426046E-02
   1.5863551416604999E-02   1.8879064577156245E-01   9.8188921972165950E-01   2.2567820792595774E-02
   7.8493338103288312E-01   2.8332210731080365E-01   5.5100650708431047E-01   3.3479720508772383E-02
  -3.2960638370962342E-01  -9.3009752250676243E-01  -1.6210561509289902E-01   2.9162183585341390E-02
   7.4849125751139862E-01  -1.6116024206363011E-01  -6.4326372026331259E-01   2.8192588967958034E-02
  -1.4761125809866331E-01  -7.8733754117054575E-01   5.9859043823473232E-01   2.7135761821040285E-02
  -3.6110105970364041E-01  -4.3637658621308776E-01   8.2412468697759528E-01   2.5646594188195233E-02
   6.7700277916457460E-01   6.8603997000739411E-01  -2.6648901770184787E-01   2.7812313779147341E-02
  -1.0089939028520853E-01   2.4935874326205027E-01  -9.6314045195851054E-01   3.2918605613407305E-02
  -4.8935774603865649E-01  -5.8892188708646022E-01  -6.4319515491216838E-01   2.7675272809520108E-02
  -9.9653569545178637E-01  -4.2557469086212371E-02   7.1452568291142837E-02   3.0251466235000119E-02
  -5.7727965704377846E-01   6.4265028306757523E-01   5.0373486204210937E-01   2.7720408496630222E-02
   3.3053205079702099E-01  -9.3202953665680787E-01   1.4855809030548103E-01   2.9548669575850862E-02
  -5.9327004120056958E-01  -1.4366036634633840E-01  -7.9208102953871470E-01   3.1183741462018788E-02
  -5.9887398613616333E-01   1.5478963400196636E-01  -7.8574176288073154E-01   2.2973977697354532E-02
   1.9711601884172104E-01   7.1825785768119319E-01  -6.6727125293632507E-01   2.6453281869550258E-02
  -1.7971756360496455E-01  -5.0806452903391461E-01  -8.4236098655472044E-01   3.4558138992728713E-02
   5.6846102998549286E-01   2.6773422613799917E-01   7.7792701556259080E-01   2.8788839671651533E-02
   4.4515292544547566E-01   8.8489190597764544E-01   1.3713200830799798E-01   3.1150459110475017E-02
  -5.9930233516894526E-01   7.8209147971441739E-01   1.7079118366930461E-01   2.7292749599259407E-02
  -3.3517991892267606E-01  -2.3526575078062190E-01  -9.1230721166754928E-01   2.9537891772819646E-02
   5.4497439672022318E-02   6.2823131508250620E-01  -7.7611561240507143E-01   3.0869924014620093E-02
   5.5219642776321791E-01  -2.5122142983589137E-01   7.9496345724615018E-01   3.3557315987486457E-02
   1.1144340058054744E-01   6.8130668915568302E-01   7.2346497066462394E-01   2.7504045440359847E-02
   9.6164760379162821E-02   9.2433965140710618E-01  -3.6925404222270574E-01   2.8531609647642870E-02
  -9.0892378459573262E-01  -1.7710795346971377E-01   3.7747890883324823E-01   2.3806862307443674E-02
   9.1710008268383464E-01  -3.2792751217624132E-01  -2.2669579859186788E-01   2.7498185181087508E-02
   8.6572972141761042E-01  -1.6853759748790118E-01   4.7128242879105171E-01   2.0946293922374237E-02
   2.0841521463728391E-01  -7.4862807479029989E-01  -6.2937993608270037E-01   2.9615373168448364E-02
   3.5824124394144645E-01   6.3937784607288961E-01  -6.8033754937565893E-01   3.2200104579996122E-02
   3.9942557523573981E-01  -3.0748706255598126E-01   8.6366134347225038E-01   2.6920914609918171E-02
  -3.5246249782257250E-01  -5.5424011837968212E-01  -7.5404779610257399E-01   2.9309779021671825E-02
  -6.9913235774681847E-01   2.2549007982675344E-01  -6.7850436273549412E-01   3.2302090088293997E-02
   8.8720450173052824E-01  -1.9382592365025480E-03   4.6137231739693422E-01   3.2387947217055588E-02
  -3.0487960247890519E-01   5.1233695140329338E-01  -8.0284449068240117E-01   2.6994852387890926E-02
   6.8326683268996770E-01  -1.6240625150918428E-01   7.1187825140016416E-01   2.5484658643936795E-02
   1.5744403238022091E-01   2.6894791877279784E-01   9.5019913368495370E-01   3.1668599164428656E-02
   1.0774155044508186E-01   3.4008192329612718E-01  -9.3420342739410724E-01   2.8614650328763907E-02
  -4.5870174664071532E-01   2.0470320335383580E-01  -8.6469029494116274E-01   2.8991521309704770E-02
   6.9195630333996405E-01  -5.6063138561244638E-01   4.5485044106207057E-01   2.3801619123188753E-02
   1.1014222870704810E-01  -8.5020816186784866E-01  -5.1479585366311786E-01   2.7524303141539014E-02
   7.0251265869672208E-01  -7.1101986303498776E-01  -3.0442055459020362E-02   2.6643043505245698E-02
   9.0926144877980057E-01  -2.0257554011377734E-02  -4.1573218454713645E-01   2.8525960220219840E-02
   7.4000418616736620E-01  -4.2046358452179610E-01   5.2498016966915663E-01   2.7513270440494146E-02
  -2.9721137218880633E-01   7.9097997049234809E-01   5.3480471811827818E-01   2.9749056495481248E-02
   7.7447465456999120E-01   5.2561652509901986E-01   3.5201743986843054E-01   3.3495868066208118E-02
  -3.5529040448519841E-01  -2.8042895048078420E-01   8.9169968723387462E-01   2.8926615499306125E-02
  -8.4957401247751125E-01  -1.0635448529098137E-01   5.1663596543538474E-01   2.8928314607187285E-02
  -8.4816040005094635E-01   2.3861941407835698E-01   4.7295318056898638E-01   2.8890516747857116E-02
  -2.8190979551184796E-02   5.8166420173630051E-01   8.1294035764649859E-01   3.4414790954626397E-02
  -3.7767442727811593E-02   9.5573788315492294E-02  -9.9470562040074295E-01   2.4685279386263205E-02
   3.4426643971264527E-02   4.1126414199068399E-01   9.1086585823464822E-01   3.4029087194178844E-02
  -8.6693265666942451E-01   6.4443568525801975E-02   4.9424163652585351E-01   2.8939505315790562E-02
  -3.1884468804312806E-01   7.5039616685817112E-01  -5.7900229504833937E-01   2.7184471770672922E-02
   2.8227497170951881E-01  -3.6641919049721130E-02   9.5863351188801235E-01   3.0049878649289545E-02
   6.4571256736100126E-01   3.7038678357154437E-01   6.6773416185454408E-01   2.6679180643565163E-02
   4.5440907707174265E-01   1.9698994800727668E-01   8.6873894298511640E-01   2.6835745722134332E-02
  -7.3178873285619703E-01  -3.0011435239982682E-01  -6.1189592738336981E-01   2.8703220132390985E-02
  -4.9588089007646649E-01  -3.4899639353003459E-01   7.9517523864868975E-01   2.7574506040249811E-02
   2.3753807080771975E-01  -5.5691582253925382E-01   7.9587714599828345E-01   3.3344161014678657E-02
  -5.5702368711232104E-01   3.1593383704781441E-01  -7.6805626265530833E-01   2.7072480767671058E-02
   6.6049174635193406E-01  -3.4299831130782636E-01   6.6790928384096579E-01   2.6369266175050132E-02
   5.9853067744083334E-01   7.9114296611188441E-01  -1.2591201425561739E-01   3.0096646930880659E-02
   1.5357065215656609E-01   5.5097799892388739E-01   8.2026782181067900E-01   2.8233255567323620E-02
   1.0959164848746878E-02  -8.4869842558085757E-01   5.2876353800389015E-01   2.7351622033149571E-02
  -5.0675688639337810E-01  -6.1413365914438236E-01   6.0501017082262373E-01   2.7846066933209820E-02
   6.3608509430649657E-01  -1.4409007418473724E-01  -7.5804604300961306E-01   2.7518060727742748E-02
   4.3342858866203437E-01  -7.9644690071504733E-01  -4.2167759351408786E-01   3.1627711823979414E-02
   4.4311935074306472E-01   1.2766625712789938E-02   8.9637171656905501E-01   3.1086032901504365E-02
  -7.2815832463169289E-01  -6.6302287314688088E-01  -1.7374154354563911E-01   2.8689371090669446E-02
  -4.3178183233645626E-01  -7.3824309185617007E-01   5.1822927994355429E-01   2.5390691053512779E-02
   9.6256872411439964E-02  -4.2132235232446442E-03  -9.9534760926076017E-01   2.7572705406216697E-02
   3.4277309595123206E-01  -8.8720867243856567E-01  -3.0881608805534321E-01   2.6442475716060616E-02
  -9.3850997405308547E-02  -5.4089521124840711E-01   8.3583752053528321E-01   3.0347924191348254E-02
   9.8379864228226345E-01   1.7876353019576615E-01  -1.3558455499142061E-02   2.6979137495611476E-02
   4.3695029905748850E-01   5.6681635334042956E-01   6.9842226320430880E-01   2.5496491725564451E-02
   3.0284220630458560E-02   7.7125228450529323E-01  -6.3580876026221266E-01   3.1238985262893566E-02
   2.1912730510054463E-01  -9.5319120699672481E-01  -2.0835005894767508E-01   2.9126442955018120E-02
   7.9999345889978057E-01   3.5441003560147770E-01  -4.8415286055390032E-01   3.3427758718140609E-02
   3.5971389535324438E-02  -9.6983918345133339E-01  -2.4107678730510055E-01   2.7848245602119199E-02
   7.9818540440769201E-01  -8.1968468290899814E-02   5.9680920770089755E-01   2.7185475013695210E-02
  -9.2116889949679947E-01   3.6628836888301599E-01  -1.3145603607622962E-01   2.5588244272158058E-02
  -9.6487575434573287E-01  -1.0219014460085649E-01  -2.4201643130624255E-01   2.6982136275584069E-02
   3.3343966421276078E-01   4.8250930328010621E-01   8.0993997467579514E-01   3.1601360817704198E-02
  -2.0655461667847703E-01   8.5281925989447273E-01  -4.7961912001279856E-01   3.0230674232166148E-02
   9.7724055581458877E-01  -1.5471844122914863E-01  -1.4513131989621051E-01   3.1314306530657880E-02
  -3.3402854871052967E-02  -1.7420579301141851E-01   9.8414256638341086E-01   2.9368555698498317E-02
  -4.6719630799961819E-01   8.7846108324872105E-01   1.0016853302813828E-01   2.8057597619315547E-02
   2.6612356151218770E-01  -9.6355840732015103E-01  -2.7082202471782110E-02   2.6313711027385529E-02
   3.7518581380839819E-01  -2.0131632478535617E-01  -9.0482448159399790E-01   2.8870902482965284E-02
  -9.5130726169386985E-01   2.5143643841674814E-01   1.7830931351113310E-01   2.8435103554095434E-02
  -1.2143189515789911E-01   4.5517222784335071E-01   8.8208420110468015E-01   1.8464426235788822E-02
  -5.5556662656973889E-01   1.6890076993583614E-01   8.1413650781487625E-01   2.6275224232656801E-02
  -3.7518459090464304E-01  -8.1339292735285937E-01  -4.4455423570140659E-01   2.8470930004792357E-02
   7.0058350142536385E-01   1.9966837424481758E-01   6.8506590767385935E-01   2.6920157923923548E-02
  -1.4683884045141555E-01  -6.7387712973599871E-01   7.2410494332911143E-01   2.7430026338452444E-02
  -9.6142947097428059E-01  -1.6197114624847575E-01   2.2230321663230636E-01   3.2233196949120834E-02
  -7.1155568447416284E-01  -5.9099827543731233E-01   3.8001256074323164E-01   2.8801772269511518E-02
   7.0965240909672928E-01   7.0157344547025433E-01   6.4715986233728619E-02   3.3020295920699158E-02
   8.9699521322908495E-01   2.7951925337627043E-01  -3.4244499475986023E-01   2.7945037961194447E-02
  -7.4218077367032666E-01  -2.0093340546691007E-01   6.3936958463910826E-01   2.7530629555583892E-02
  -4.6381849484475159E-01   8.3941381828306731E-01   2.8329639163849357E-01   2.8770537454820171E-02
   5.1431750211528939E-01  -1.0768028668064235E-01  -8.5081282482004461E-01   2.4376066228492385E-02
   9.3456598492634661E-01   3.5339898957236219E-01  -4.1177347994753876E-02   2.7683648409551784E-02
   1.5323691545272675E-01   8.3045004803766726E-01  -5.3560355250574094E-01   2.8269193970859372E-02
  -7.3333276385999290E-01  -5.0058680040459133E-01  -4.6003903389838312E-01   3.0947346190827067E-02
  -1.4874187750204743E-01  -7.5393751146784291E-01  -6.3988599193828443E-01   2.8815193817676508E-02
  -1.3425262583829467E-01   9.6941154246689613E-01  -2.0546896064241924E-01   2.3849244332647843E-02
   5.2457063746451115E-01  -2.7236639622926164E-01  -8.0662394739752247E-01   2.8562725940334608E-02
  -5.7066120837177534E-02   7.0970235438757214E-01   7.0218660342485428E-01   2.3700507246051700E-02
  -2.0710459209499711E-01  -9.7757568877242331E-01  -3.8124279065798557E-02   2.8691218404090342E-02
   1.5972986450402961E-01   9.3030584826160769E-02   9.8276735836739455E-01   3.0658150273690858E-02
  -1.1779757578098497E-01   5.4844542813554495E-01  -8.2784741558897305E-01   3.3523476714172182E-02
  -3.6742106601800159E-01   6.2996881601330487E-02  -9.2791872120067893E-01   2.9709066178293731E-02
  -2.7576578484766112E-01  -9.0000459877305374E-01  -3.3755733452956979E-01   2.7646883738101895E-02
   4.1662665366643318E-02  -9.7698724876803346E-01   2.0918923982656449E-01   2.5406565648223673E-02
  -6.4774203234087224E-01  -9.0175003391387438E-02   7.5650428174748594E-01   3.0109935341703275E-02
  -6.1303661527548163E-02  -3.7745568588862465E-01  -9.2399624797596651E-01   2.8455747987880570E-02
   5.5513551267363325E-01  -8.2702563879181099E-01  -8.8618030612169516E-02   2.8395219235717705E-02
   1.5910674158453423E-01  -9.8202212941497499E-01   1.0157549961299796E-01   2.7856741069420416E-02
  -8.2577073306578121E-01   3.9843865310891679E-01  -3.9918584158353386E-01   2.9225953946468866E-02
  -6.3234894796885345E-01   6.4245715774028679E-01  -4.3287828366754137E-01   2.6413508137920649E-02
  -3.1223940170910520E-01   9.4935228088752179E-01   3.5168207147934396E-02   2.9360250473871637E-02
  -1.8248864556075259E-01  -7.2793149675147095E-02   9.8050958771537448E-01   2.6468561974038302E-02
  -4.3853241941739575E-01   2.9851871163788041E-01   8.4768856068840836E-01   3.1693863318703967E-02
  -6.3940157411171858E-01  -4.4959682883004097E-01  -6.2372134686046063E-01   3.2152866219098221E-02
  -6.0103387033877222E-01  -7.6337303197582917E-01  -2.3668523561393866E-01   2.8104072180731982E-02
   4.7412951207187985E-01  -6.7843094555622602E-01   5.6118861169322222E-01   2.9515081400870158E-02
  -1.3953106028558284E-01   9.8923007946819989E-01  -4.4214625305662167E-02   2.7696598123203015E-02
   2.2179647995144260E-01   5.8364083112218434E-01  -7.8113360043474964E-01   2.8430261131198818E-02
   7.2823954435378714E-01   6.7690512855872873E-01  -1.0708227197010398E-01   2.4644595026891531E-02
  -7.9081219810924032E-01   6.0214336350383401E-01  -1.0972436880621043E-01   3.1361802139906296E-02
  -8.7519267077141105E-01   4.8317853778959092E-01  -2.4006033564863056E-02   2.8349343823490254E-02
  -9.5062639680179206E-01   8.9331245989396190E-02  -2.9720259452707296E-01   3.4440963816036682E-02
   5.0976172289723074E-01  -8.2023716867714711E-01  -2.5952643986566052E-01   2.6815317737690422E-02
   1.0231535381425784E-01  -9.9262984455781513E-01  -6.4942744529245794E-02   3.0431869449703183E-02
  -8.1122614409257813E-01   4.9908477526660650E-01   3.0467446600883429E-01   2.8136642126569487E-02
   5.9355788851533608E-01  -7.6178880718062549E-01   2.5955124009631620E-01   2.7474997954040047E-02
   5.5954830798873178E-01   5.8337653062530208E-02  -8.2674204517618630E-01   3.3656160895551421E-02
  -8.2663428190538965E-01  -2.7868622993417737E-01   4.8888623341615558E-01   2.8603848422163213E-02
  -1.7459509059945332E-01   8.7577322609123484E-01   4.5004201003941828E-01   2.3658010645068467E-02
  -1.6027102791733480E-01   9.7916982916570809E-01   1.2465810548022469E-01   2.8862031798360533E-02
  -2.8263997200655929E-01   2.1292145319939930E-01   9.3529626375367680E-01   2.5277614820744158E-02
  -7.1980917489512750E-01   6.5453153565415540E-01   2.3122115078644696E-01   2.8156453743466624E-02
   9.4474883436583727E-01   1.2336265274004558E-01  -3.0369605837634856E-01   2.9232602765151320E-02
   4.7013685143667487E-01  -7.9050211526801881E-01   3.9252738334796193E-01   3.0418095988013837E-02
   3.2014605436616867E-01   9.3965581160344378E-01  -1.2063772044285161E-01   2.6295379363042701E-02
   8.9037542946639653E-01  -3.8626589554410632E-01   2.4089469180959435E-01   2.5841537006116643E-02
   1.4073088660877082E-01   9.3638111690877039E-01   3.2153572344452294E-01   2.9197329586442076E-02
  -5.3777164793876970E-02  -3.6116920732857016E-01   9.3094834455214776E-01   2.7288437015683042E-02
   4.7238165626355250E-01  -5.8405692870150316E-01  -6.6010080659053151E-01   3.1886589378555236E-02
   6.5342312282372381E-01  -5.8620599273691560E-01  -4.7895799047371570E-01   2.9498373421848235E-02
  -9.2468076529099381E-01  -3.4877483995037024E-01   1.5271409011108197E-01   2.9674751816070759E-02
  -2.4274322235916061E-01  -9.5849174394484784E-01   1.4956371481163300E-01   2.9168460686201234E-02
  -2.2687875849189196E-01   6.8699335628759214E-01   6.9033771254501736E-01   3.0920088432442112E-02
   3.0082315055097752E-02  -5.1553177429804115E-01  -8.5634224700760821E-01   2.6842906512534256E-02
   8.6497300769152882E-01   1.6624173514993898E-01  -4.7348218705607925E-01   3.0992534368980106E-02
   8.4915357474872230E-01  -1.6309977907203978E-01  -5.0233123390659066E-01   2.7550337962707884E-02
  -2.0476808573401283E-01  -4.0789810003798621E-01   8.8976916728454291E-01   2.7171724988146959E-02
   9.9891044392947954E-01   2.2872407328244501E-02   4.0678962518984418E-02   2.6523407509141181E-02
  -9.7929128121538706E-01   6.9711432764701850E-02   1.9007604445962673E-01   2.6566959963826541E-02
  -4.2565081216569726E-01   1.2538331812718928E-01   8.9615869668161920E-01   2.6086172126824620E-02
   5.2967373740622258E-01   2.2896619291468298E-01  -8.1671305512051191E-01   2.3351844229657205E-02
  -2.1672089934794329E-01  -8.4346465427235539E-01  -4.9152764803115047E-01   2.8897450034955941E-02
  -5.0701238775948018E-01  -1.7689773432307742E-01   8.4359091403937753E-01   2.7809465018471155E-02
   4.7392809100665154E-01   6.8913689686671304E-01  -5.4816284253103875E-01   2.7252070462484896E-02
   4.9008111748182239E-01   4.1525652157522499E-01   7.6640884622831233E-01   2.9640387540832357E-02
   3.7358289321118638E-01  -7.2138162170944450E-01  -5.8313324185799171E-01   2.8174397062252371E-02
   2.7605947148601668E-01   6.4250708743583730E-01   7.1482572057640627E-01   2.8105732543510239E-02
  -7.7656007021809791E-01   1.7021695597628861E-01   6.0661408262669693E-01   2.8379420865888121E-02
  -1.9190651858766518E-01  -2.4244323341314464E-01   9.5099588153458451E-01   2.9556963102823367E-02
   7.7309821006994745E-01  -2.6275060010768358E-01   5.7730518768645726E-01   3.2463972005781660E-02
  -2.2598517998309719E-01   5.5083907590897664E-01   8.0343450939062339E-01   3.3115488465625446E-02
  -3.5817108235346477E-01  -3.9946131041437254E-01  -8.4388632957749702E-01   2.6958572239800866E-02
   6.7415521758519290E-01   4.4919922058635934E-01  -5.8628900964223138E-01   2.6024486489607827E-02
  -8.5792162603398480E-02   6.8449712096835648E-01  -7.2394985753287022E-01   2.0791401871257417E-02
  -9.1347515498380698E-01   2.9989830866128794E-01  -2.7499844670362905E-01   2.5944216393070056E-02
   3.9903840294625121E-01   4.8864383974633076E-01  -7.7588372250748207E-01   2.6331006530150808E-02
  -4.3867164196256647E-01   8.9512078656267597E-01  -7.9535954142022431E-02   2.6323618316076604E-02
  -3.2273045097044130E-01  -7.1196532368665117E-01  -6.2365890828575318E-01   3.3719476831585173E-02
   5.8069156860042312E-01   7.3100884349566221E-01   3.5836206954351990E-01   3.2209387859818248E-02
   1.6991697244000016E-01   9.8372280087775276E-01  -5.8460871615579712E-02   2.6557526608702159E-02
  -4.7676110069809567E-01   4.7188534550154397E-01  -7.4163540473876299E-01   3.1188240714644788E-02
  -1.4568702229050454E-01   7.7954742066872260E-01  -6.0916427215068003E-01   2.7378993255450452E-02
   5.1487629757900501E-02  -6.1554236683635865E-01   7.8642012856450138E-01   2.7337116292864234E-02
   5.6655350861057627E-01   3.7656547072973909E-01  -7.3294990833967332E-01   3.4911763965580968E-02
  -4.2026146613666623E-01   8.7127803503280887E-01  -2.5348547443596700E-01   3.0321921595090195E-02
  -6.6353964312134063E-01  -5.2171521899204229E-01   5.3621672137158240E-01   2.6728049283625932E-02
   5.8041389860931307E-01   7.8969368304724429E-01   1.9875510875551443E-01   2.6152096752246540E-02
   8.2180350844690277E-01  -5.6971332247677572E-01   8.1070152852328458E-03   3.1815496509953287E-02
  -5.5668745569395561E-02  -9.9326644857704895E-01  -1.0160094929608911E-01   2.3068537099017527E-02
   3.3375552437252893E-01  -8.0389119210177018E-01   4.9230701925933697E-01   2.6484948001630335E-02
  -8.0401033731918118E-01   1.6392409300641994E-01  -5.7157350289872512E-01   2.5519907591076145E-02
  -6.5678703291253679E-01   2.4578535683479403E-01   7.1289575097873827E-01   2.6407837260425490E-02
   1.8424833066121127E-01  -7.9281538056144782E-01   5.8094433898073543E-01   2.8662864423806322E-02
  -8.4299514118683021E-01   4.8500236682685269E-01  -2.3266262292802233E-01   3.0524841059783716E-02
  -4.4717519420460769E-01  -8.5402849900866879E-01  -2.6583767334422669E-01   2.8979141752609663E-02
  -5.3996075647612915E-01  -8.1357350462589526E-01   2.1573255210205215E-01   2.2872562729208922E-02
   2.2752123035299538E-01  -1.0737467362271519E-01  -9.6783509401295972E-01   2.9255361187180998E-02
  -6.2346071872588666E-01  -2.7459386651856205E-01   7.3204845514227194E-01   2.8168960534199495E-02
  -6.7612917273047887E-01   7.9912668269323789E-02   7.3243655509052469E-01   2.7056016068549255E-02
   8.8575165964543760E-01   4.2854208637691479E-01  -1.7831342529118137E-01   2.9630609480438799E-02
   8.5420053986471646E-01  -3.3081859467582992E-01  -4.0112403955825932E-01   2.8311563436369331E-02
  -9.1155207482877891E-01  -7.5915526454721033E-02  -4.0411588402146563E-01   3.0050574933876892E-02
   6.5052184184980941E-01  -7.3112846853988555E-01  -2.0560276206037007E-01   3.1826851921926309E-02
   3.2816394523585259E-01  -6.8666073883501308E-01   6.4869519405479980E-01   3.2637994472389788E-02
  -8.0953574015559368E-01  -3.3972215001199410E-01  -4.7879092117746271E-01   2.6150226411988608E-02
   1.0041198013177445E-01   1.8104121671303373E-01  -9.7833609362891262E-01   2.8728659934295084E-02
   9.7660936457814528E-01   1.3993497540046724E-01   1.6325547977921552E-01   2.8141201020520156E-02
   7.2933391049663551E-01   4.4545792398636834E-01   5.1926802805241205E-01   2.6811751148689575E-02
  -8.9213476956372179E-01  -4.1251626283595008E-01  -1.8418980924944305E-01   2.6055137105219396E-02
  -8.3337119650219761E-01  -5.4667550513386844E-01  -8.1476014428329630E-02   2.8241174837751419E-02
   9.8201780911939593E-02   4.9299541266289894E-01  -8.6447205467791814E-01   2.5701640380979675E-02
  -9.4453208229389389E-01   3.2748627447718132E-01   2.4736320393644768E-02   2.7706962770060536E-02
  -9.2493063591093491E-01  -3.7945824609739675E-01  -2.2688283806423674E-02   2.9868316410546791E-02
   4.1854176652666028E-01  -1.5025233297806170E-01   8.9568243597124990E-01   2.5664206324092950E-02
  -4.8794216205546527E-01  -8.6701130728526063E-01  -1.0101405609191942E-01   2.7084555793542031E-02
   2.2927500709004289E-01  -2.8114950005938727E-01  -9.3187334425887371E-01   2.5978676038580470E-02
   1.9628584751144931E-01  -9.4181505082640715E-01   2.7286677354262871E-01   2.7361163025058887E-02
   6.5194219180427284E-01  -3.2352006814794886E-01  -6.8578870218966674E-01   2.7068555318654463E-02
  -8.5325541249196064E-01  -5.1419105588626781E-01   8.6964125360627697E-02   2.8693344424838741E-02
   3.9698626649165786E-01  -2.3039602667642276E-02  -9.1753532952466283E-01   2.6955512325268200E-02
  -6.9095529628068597E-02  -9.2135772725551632E-01  -3.8252548439544034E-01   3.1993240611357887E-02
   3.8938166819541804E-01  -9.0971594738274301E-01  -1.4421793075367396E-01   3.1118575483379098E-02
   3.7513527887649873E-01  -5.0873856618529780E-01  -7.7489263373578332E-01   2.2096123543243995E-02
  -8.3916938581877857E-01  -4.7923391790693985E-01   2.5715674953634461E-01   2.7703031680751841E-02
   5.3236884683912943E-01  -4.2344313977810079E-01   7.3299339580247195E-01   2.7993418573688066E-02
  -1.5921077730470711E-01  -9.5961875713882083E-01  -2.3191327977797167E-01   3.0264749983570586E-02
  -9.4130519688869647E-01  -2.0233836760551593E-02   3.3694972645823515E-01   3.0223200813043722E-02
  -2.6622607485761555E-01  -9.0749907132914824E-01   3.2491400801233636E-01   2.9535808256719553E-02
   6.9792857936466266E-01   6.7076825198313274E-01   2.5092957226583783E-01   2.7938779889431781E-02
   9.5146048804163800E-01   2.5283602508680997E-01  -1.7549041031882577E-01   2.9948146590912232E-02
   3.4227282257889966E-01   3.1618500803869813E-01   8.8480300384630332E-01   3.0893640857945317E-02
  -4.8461698550052307E-01   7.0951875120235303E-01  -5.1159507333108589E-01   3.2474639276357506E-02
  -8.8557143782154383E-01   7.6694332171779846E-02  -4.5812793838338272E-01   2.2965061509881277E-02
   1.9861588926629281E-01   9.4989725771809858E-01  -2.4134400409083300E-01   2.9030461004519803E-02
  -3.5872110853949816E-01  -1.1047794548291753E-01   9.2688391390187963E-01   3.1322603514034352E-02
   2.2380568113198791E-01   7.7717987942776733E-01   5.8813472275124842E-01   3.1285041851355330E-02
  -5.3097800855219627E-01  -7.5385131393403570E-01  -3.8700200375950494E-01   2.7562945582086486E-02
  -9.8956138766204535E-01  -1.2199555839646754E-01  -7.6715994289986824E-02   2.6292734738252576E-02
   8.2831644629484753E-01   2.1082482295724691E-03  -5.6025656630411537E-01   2.8299843148122473E-02
   9.6356916484253325E-01  -4.1836671909507465E-02  -2.6416691209952727E-01   2.1790138726778773E-02
   4.0626219623764976E-01   3.3138141356675117E-01  -8.5154999069383077E-01   2.9219063992071102E-02
  -6.9848160350397670E-01   4.9376079838409232E-01  -5.1799973315207132E-01   3.1648905219638616E-02
   1.3802156449494675E-01  -9.2038260009684940E-01  -3.6584958271580720E-01   3.0995461864976845E-02
  -1.2667354634072058E-01   8.0066039873548024E-01   5.8557385405617887E-01   2.8008049549020356E-02
   4.4889819152709993E-01  -5.6917500361935342E-01   6.8886154552174572E-01   2.5302929337377806E-02
  -3.7643542354503551E-01   8.2550110745901967E-01  -4.2052858818920002E-01   2.6677329586532776E-02
   9.2379511809673200E-01  -1.9069592900765606E-01  -3.3202054520850348E-01   3.0007116241199449E-02
  -6.1738574478207652E-01  -3.0482448800532213E-01  -7.2520126423784860E-01   2.6085258970072926E-02
   1.0123551121870852E-01  -3.7892478524244510E-01  -9.1987356652816885E-01   2.6297388780976680E-02
  -2.5030120711381109E-01   9.1180224453173792E-01  -3.2552415053917815E-01   2.8994196777793096E-02
   7.2465072459840627E-01  -6.7469025873983916E-01   1.4026539880018038E-01   2.8040132532807513E-02
  -8.9326657240753650E-01   4.1352163345504582E-01   1.7628014432703951E-01   2.9046776400564473E-02
   1.2703124152534208E-01  -1.1393978496554078E-01   9.8533283162520088E-01   2.5846455117609981E-02
   3.1520265150728881E-01   1.4857832942900428E-01   9.3732159289480847E-01   2.5244737266980088E-02
  -2.6046594983273987E-01  -5.6243275418003655E-01   7.8474638323676728E-01   2.7771924808476668E-02
   8.8438522914714532E-01   4.6078418159557950E-01   7.4435908388650036E-02   2.6908884770816721E-02
   5.9443271582451391E-01  -7.0989957599380222E-01  -3.7774639423998794E-01   2.6625770000677584E-02
  -2.8847121166357453E-01   9.4656924667202044E-01  -1.4419091960353407E-01   2.8516594276783525E-02
   3.8316322659896853E-01   7.0399641837977888E-01   5.9797573921582367E-01   2.9577352673101238E-02
  -7.0311137732634607E-01   5.8793846811018255E-01   3.9995343327755072E-01   2.9267406955546153E-02
  -2.1636359957380495E-01  -6.3908525316797391E-01  -7.3807644046039904E-01   2.1833431456497933E-02
  -7.8550283784205507E-01  -4.4339403905126841E-01   4.3172562800450045E-01   3.0087685912476596E-02
  -5.5584241369563445E-02  -8.4704308910271102E-01  -5.2860987250968616E-01   2.5588214031709872E-02
  -7.2537359927871127E-01  -1.3011716540832183E-01  -6.7594575576413751E-01   2.6455738060874214E-02
  -1.2815323602063033E-01  -2.1897882735112093E-01  -9.6727711710210968E-01   2.8479338873480429E-02
  -6.5837839405903322E-01  -7.4235873591685619E-01   1.2426341957380684E-01   2.8203661651144553E-02
  -7.7194946997886217E-01  -2.0326978146651160E-02   6.3535881969071557E-01   2.8233138901245418E-02
  -1.1138347522796185E-01  -9.6059135563262429E-01   2.5467227750585457E-01   2.6784693390037355E-02
   9.3339924083737209E-01  -1.5645768007355247E-01   3.2293474813067040E-01   3.0911384958322183E-02
   2.4818205579085588E-01  -4.0231013859333364E-01   8.8122200356575142E-01   2.6121830466669826E-02
  -4.1645386459172346E-01   4.5100196202101878E-01   7.8940699827136695E-01   2.5743547785165818E-02
  -9.6986235315838271E-01   1.9892203443683008E-01  -1.4070195500275408E-01   2.9683510419645134E-02
  -2.1661245265816679E-01  -3.5145162787981343E-01  -9.1080228294292417E-01   2.3125920448758749E-02
  -1.1486304446437807E-01   2.9678113638436492E-01   9.4801236178795651E-01   3.4120965536737122E-02
  -2.0330968203620090E-01   3.8739856206053779E-01  -8.9921495055618745E-01   2.8362067729041555E-02
  -5.6953338474821979E-01  -4.6355474770437030E-01   6.7878473726062358E-01   3.1320628740169631E-02
  -8.2232543106984206E-01   5.5515907278996348E-01   1.2481702333730977E-01   2.7774663611947527E-02
   8.6455177599855197E-01  -3.1206847416578802E-01   3.9390797662599652E-01   3.1249583485056486E-02
   6.4506959123546971E-01  -4.7329316490701307E-01  -5.9989899359442748E-01   3.0309912986000724E-02
   4.3076442433841979E-01   7.7536364010247407E-01   4.6179349966346521E-01   2.4860220382562325E-02
   3.4453040239361443E-01  -8.7902117199563853E-01   3.2957636597594204E-01   2.8546439441757307E-02
   9.9029316214700600E-01   4.5895678115259421E-02  -1.3119847459183477E-01   3.2553210038268423E-02
   5.3261326718129540E-01   6.6030498215434221E-01   5.2945296123888070E-01   2.5898642040375947E-02
   1.1698064289009906E-01  -6.3793406654240776E-01  -7.6115416042591919E-01   2.8820468512698610E-02
  -4.1542366112590025E-01  -5.5458816294410997E-01   7.2100981359412212E-01   2.7896728610251910E-02
  -5.6721017590435041E-01   8.0416729838178557E-01  -1.7772893001392919E-01   2.8234051341372520E-02
  -8.8516291789737646E-01   3.2504822959788999E-01   3.3291178593537300E-01   2.7302889531574741E-02
  -6.7040123574836076E-02   9.3711542188374714E-01  -3.4252052186506647E-01   2.7891778377272422E-02
   9.8006373927536607E-01  -6.5592184792589689E-02   1.8754394752089972E-01   2.9648597906776261E-02
   6.0428814563441948E-01  -5.3125527206272789E-01   5.9380440630840025E-01   3.4311575378323633E-02
   6.6446043847115792E-01   5.9631912001565705E-01   4.5043959951415128E-01   2.6159902201372688E-02
  -3.7708818076609089E-01   3.6821287727937250E-01  -8.4983750266281248E-01   2.9211064238649111E-02
   8.6826323441276791E-01   4.2772637548398861E-01   2.5133464441339716E-01   2.7534775676755840E-02
   9.5375247610618458E-01  -2.5061028363071704E-01   1.6598403555719811E-01   3.0618603389671776E-02
   5.8825210619718726E-01  -6.8527458527523741E-01   4.2936954052473810E-01   2.7461947653961509E-02
  -6.3657894816428530E-01  -7.6845608411789125E-01  -6.5134395953664521E-02   2.9192771190772720E-02
  -8.0005852539462676E-01  -5.3898411785968081E-01  -2.6344349799985025E-01   2.7424703394025606E-02
   8.4238477386176811E-01   3.5433779441263126E-01   4.0599583768389786E-01   2.5963607614119710E-02
  -3.2136488369110010E-01   8.7263870480872931E-01   3.6773129102640855E-01   2.8461675488478563E-02
   1.6998403702154867E-02  -7.4170717688958749E-01   6.7050840264836120E-01   3.2126307907907172E-02
   4.2853681605358380E-02   8.0345445727508177E-01   5.9382194053240455E-01   3.1078658624112418E-02
  -6.8667970783055887E-01   7.2049238333896834E-01  -9.6755901134097062E-02   2.0413831168003393E-02
   8.8448026207704248E-01   1.6967859214669256E-01   4.3463069537625012E-01   2.7339140008558859E-02
   9.5806389761704764E-01  -2.8427483965400783E-01  -3.6074695044023572E-02   3.0048432097101001E-02
   9.4234114023980701E-01   3.1127758661779534E-01   1.2287977653357415E-01   2.6169795275745335E-02
  -3.0694290459484285E-01  -7.0511865745174713E-01   6.3921336987920298E-01   3.4683182658263334E-02
   7.3181500911766441E-01  -6.0373210169817417E-01  -3.1615556583621673E-01   2.6707040521530034E-02
   7.0675363977531793E-01   1.8866418809813866E-02   7.0720813831971192E-01   3.3314468737881615E-02
  -4.5653271453460106E-01   7.6655829415770408E-01   4.5162624172837801E-01   2.6936724113438845E-02
  -9.7378847423438479E-01  -2.2012817674005833E-01   5.7267733090865453E-02   2.6325821214641256E-02
  -7.8536436030176108E-01   4.1422527440638816E-01   4.6002200339848746E-01   3.0940526824148815E-02
  -5.7233406859663240E-01   3.8932978237584130E-01   7.2170356413059613E-01   3.1918792811964182E-02
  -5.1149074384244865E-02  -6.4047250260720609E-01  -7.6627589391399837E-01   3.0367025579563189E-02
   2.9087037409543219E-01   8.6283023071583517E-01   4.1342280831666968E-01   3.3160711588739468E-02
   5.2129532190302843E-01  -6.7026393777115416E-01  -5.2820208356795070E-01   2.4887133409897383E-02
   5.7680470036464974E-01  -7.2144244446465970E-02   8.1369007959449479E-01   2.7864730025911370E-02
   4.2343149391940917E-01   8.0685959887951241E-01  -4.1192639834461894E-01   2.9038925504304312E-02
   5.8260873250468749E-01   1.0072190849052506E-01   8.0648754606584454E-01   2.4872984079675197E-02
  -7.3169450964016906E-01   6.7901053693096438E-01   5.9731359428328545E-02   3.1336577278688895E-02
   3.1015342888312740E-01   9.4943836304513595E-01   4.8699541375782997E-02   2.9351990079285631E-02
   7.6268234893473536E-01  -4.6602464240623389E-01  -4.4848262763850312E-01   2.6804492099285122E-02
  -8.4834702734217479E-01  -4.0439384086681320E-01  -3.4172056225618332E-01   2.7048167786838908E-02
  -9.3060282538095293E-01   1.4908010866220973E-01   3.3429553181915485E-01   2.8492169653931082E-02
  -9.5184778935823715E-01  -2.6113958672375234E-01  -1.6059857452538186E-01   3.0513017843138690E-02
