   0.0000000000000000E+00   0.0000000000000000E+00   1.0000000000000000E+00   2.3308842497239816E-02
   5.2223885229130404E-01   0.0000000000000000E+00  -8.5279926193534052E-01   2.7076682786901695E-02
   9.8577923406236624E-02   6.9937093854404865E-01  -7.0792844506837742E-01   2.6604354877976730E-02
  -6.8657919576326085E-01  -2.7714603545933997E-01  -6.7216001292418772E-01   2.4018683873840998E-02
  -5.5271955054936796E-01   5.6401633521444001E-01  -6.1350360394359304E-01   2.3104852525448480E-02
   4.4085150321959378E-01   4.3628890459137013E-01  -7.8441184580517830E-01   2.4513266216998768E-02
  -3.1357807702011526E-01  -8.4984108218127332E-01  -4.2360231898483382E-01   2.6008019419543120E-02
   2.9015798397331815E-01  -8.7574500730374751E-01  -3.8584845019657514E-01   2.5350649008695156E-02
   6.9049205575680883E-02   1.4780373138436699E-01   9.8660339762146840E-01   2.3926867360637698E-02
  -1.3688991320812782E-01   3.6364037732048970E-01  -9.2142651776692598E-01   3.1069930157016907E-02
   9.9912028753008659E-01  -2.3448971678772818E-02   3.4767754788094600E-02   2.5755843586160556E-02
  -7.3383807756880639E-01   6.7760024690409972E-01  -4.8369218575676962E-02   2.6770546502871486E-02
   9.0417228782476968E-01   4.0239113762654916E-01   1.4336612671525119E-01   2.6356812493429941E-02
   1.9699844453890237E-01  -2.8068973446967909E-01   9.3936408586479078E-01   2.7242980075233433E-02
  -5.1434264957927267E-01   8.5609415000919497E-01   5.0541519009696083E-02   2.5347983412906631E-02
   8.9695109720125181E-01  -1.8191424839430819E-01  -4.0297138293010865E-01   3.0316054803724479E-02
   9.5405286092785139E-02  -8.0001899417033115E-01  -5.9234064553451464E-01   2.7086515210042816E-02
   6.2876346516866057E-01   7.5623834870362767E-01  -1.8099741660893597E-01   2.1052358084798581E-02
   8.4987349842879904E-01  -5.0390490851515270E-01   1.5425589078777441E-01   2.9008724486256376E-02
   5.7328700175308124E-01   3.2737674451955500E-01  -7.5111016553415161E-01   2.7840775487930256E-02
  -7.8097085637728653E-01  -5.9997907531980203E-01  -1.7352126863218511E-01   2.4975150626597741E-02
   7.1520839963979598E-01   2.3334444187734177E-02   6.9852161655823605E-01   2.4391272634946910E-02
  -1.5990054927089496E-01  -5.2773385054433639E-01  -8.3422346966056650E-01   2.1271003959202672E-02
  -6.1277806236800556E-01   2.7028290055661297E-01   7.4259692966455004E-01   2.5580285968717744E-02
   7.0840073364166089E-01  -2.9976783938365283E-01   6.3898954846477193E-01   2.2752574439759767E-02
   2.1111744305503172E-01   1.9723534252682037E-01   9.5735450325166020E-01   2.4279204440119839E-02
  -2.9133810852962071E-01   7.5740658948477825E-01   5.8434353314075409E-01   2.6464296497779677E-02
   4.7396300717371637E-01  -8.2707078543292542E-01  -3.0218038274218157E-01   2.8236553522570817E-02
  -9.7756911642566173E-01   1.5443601827022450E-01  -1.4320662998475244E-01   2.8404294724888995E-02
  -5.7665206847796204E-01   7.4148301096312181E-01   3.4303838906622470E-01   2.6499434648863351E-02
  -8.0987820637010230E-01  -2.7249632178493685E-01  -5.1946419073929046E-01   2.6318168641513759E-02
  -1.1841870468631798E-01   5.8575518093814675E-01   8.0179042048688344E-01   2.6465478818070655E-02
   4.8047450423100865E-01   7.4338402449556779E-02   8.7385242043792175E-01   2.4430496114386754E-02
   6.6877822794033594E-02   7.8448895951987438E-01   6.1652609775236175E-01   2.6202642881548454E-02
   5.8451304815133999E-01  -5.9321059703842626E-01   5.5357536442849699E-01   2.7534907653814229E-02
  -3.5988740914636938E-01  -4.4981252165021272E-01   8.1740427458179514E-01   2.3746204336807497E-02
   6.7280921347167632E-01  -2.4791194892863792E-01  -6.9704191254617438E-01   2.5850073259009951E-02
   8.0736047951797935E-01   3.9864973341712488E-01   4.3502579941763661E-01   2.5904111211141485E-02
  -5.3391581311987064E-01   8.2059265622911130E-01   2.0386661581386760E-01   2.5673787470342026E-02
   2.4813412761749868E-01   9.4817356384833413E-01  -1.9848513176218451E-01   2.2748980596427466E-02
   5.9488619396949795E-01  -4.0851794316718219E-01  -6.9225971017743024E-01   2.4930364132549516E-02
   3.8283004983049377E-01  -8.1432959838037248E-01   4.3624357662714405E-01   2.4951575026610681E-02
   9.2304707989871292E-01   2.5948270515760252E-01  -2.8399439081529749E-01   2.2908708350234308E-02
  -9.2795956967225770E-01   3.0960570055821063E-01  -2.0744962577825436E-01   2.6870941155935836E-02
  -9.5680272419210350E-01   2.8673202297712796E-01  -4.8096714835977438E-02   2.4564763641048394E-02
  -3.6016172017308574E-01   9.3277658653211403E-01  -1.4538739266570672E-02   2.6736194759169764E-02
   2.3778086063650798E-01  -9.7004247050018204E-01   4.9778185391442946E-02   2.5496605735807849E-02
  -2.6269946524624292E-01  -7.7377738379193230E-01   5.7641786170403381E-01   2.5363770921495953E-02
   6.7483163976388169E-01   7.3726072306940428E-01  -3.2386481636164385E-02   2.6625372906621791E-02
  -1.0549641483597476E-01  -2.4590459942443629E-01  -9.6353590199777379E-01   2.2112953533628791E-02
  -1.9045321539199761E-02  -9.6502817834863652E-01   2.6145341979132865E-01   2.7322483722371471E-02
  -1.4911076455339049E-01  -9.0449297436131246E-01  -3.9957282092921397E-01   2.5288696304807700E-02
   5.3387121734374467E-01  -2.9330188376427992E-01  -7.9306716504482333E-01   2.7616041057856097E-02
   1.0822827281383660E-01  -4.2007896943181863E-01   9.0101071048286378E-01   2.7565327625772675E-02
  -6.1374255736312317E-01   7.0797199946766280E-01  -3.4942198163700717E-01   2.7290252044119021E-02
  -7.5949445552804464E-01   6.4170791299255833E-01   1.0667298826270001E-01   2.0193398315512314E-02
   7.1442987590551210E-01   6.9015455272792252E-01   1.1522432799784851E-01   2.5144120096847322E-02
  -7.9343080459749328E-01   8.3133931827971672E-02   6.0295630662146368E-01   2.4022546604980985E-02
  -1.9393276838915380E-01  -6.8946426040752459E-01   6.9787471294325023E-01   2.3267797522133566E-02
  -7.5944146902040889E-01  -5.1093557428473479E-01   4.0273253414946692E-01   2.4432292007507094E-02
  -5.5053230499004577E-01   5.4354793010775814E-01   6.3361646825024910E-01   2.6983994930285719E-02
  -2.4668923233309421E-01   9.6517336641949960E-01   8.7090730880839224E-02   2.4311707100942188E-02
   7.7149392778618572E-01  -3.7935357448783775E-01   5.1077195000542472E-01   2.6722587614178960E-02
  -8.7978011245244509E-02   9.9329448066761880E-01   7.5006294486377136E-02   2.4983377544846119E-02
  -1.7645566287467204E-01   8.5260226143430664E-01   4.9186663114767821E-01   2.5832866164655357E-02
  -7.9433072657307333E-01   4.8198521270549123E-01   3.6976878120676421E-01   2.6534950482937054E-02
  -4.7688366986295029E-01   2.7568830312579146E-01   8.3461243996100744E-01   2.6421421311561013E-02
   3.3412480527157928E-01   5.5650450022810762E-02   9.4088449977374359E-01   2.7000343175312582E-02
  -6.3473169897023575E-02   9.3012258726709813E-01  -3.6172244796084074E-01   2.6596684801510415E-02
   2.2319598688647563E-02   3.2510175507765222E-01  -9.4541561461603116E-01   2.2251698738909104E-02
  -5.5457427646694830E-02  -9.9232437018510797E-01   1.1052971571274496E-01   2.1508818760601537E-02
  -7.6684163799363380E-01   3.8637093434103469E-01   5.1251478352890131E-01   2.5734646367123250E-02
  -8.5318619018871793E-01  -5.2009476100066622E-01  -3.9683301915549410E-02   2.7018133054824686E-02
   5.2637376673606812E-01   8.4527181437670186E-01  -9.1903305231105782E-02   3.0235965358948257E-02
   7.4081284198277224E-01  -4.9751101525054455E-01  -4.5130823486590685E-01   2.5609891304847534E-02
   6.3139180744791900E-01  -6.6337396119043647E-01   4.0159603222910362E-01   2.5912723965631450E-02
  -4.5261283065533506E-01  -8.3409895551534862E-01   3.1531025662729335E-01   2.9643200304928619E-02
   6.4266782423397312E-01   6.1506728575766604E-01  -4.5680444578076144E-01   2.2524006873997866E-02
  -6.4597992320014983E-01   7.5837507487860804E-01   8.7047025366718440E-02   2.6986875190115968E-02
  -3.1090632156056452E-01  -5.4718925779951268E-01  -7.7712365512992676E-01   2.8827686757935566E-02
   5.3317723464565691E-01  -7.7756286672742982E-01   3.3334370361869947E-01   2.6592572730931069E-02
   4.3693909795201930E-01  -9.6479705942634730E-02   8.9430190149753023E-01   2.9272420728027327E-02
  -8.1125223350851722E-01  -5.7451243467035268E-01   1.0865208712484906E-01   2.3815885655200648E-02
   6.9498166093740305E-01   3.5729907845154440E-01  -6.2396943795218495E-01   2.4893305228778741E-02
   2.1636403799478038E-01  -5.3739582421060072E-01   8.1510265070333467E-01   2.7772014035788945E-02
   9.4676592825211898E-01   3.2191925973917099E-01   1.5057589075051316E-03   2.6261853993897203E-02
   7.4275929449111623E-01  -5.9860833853036474E-01  -2.9996114329855378E-01   2.6306868757366927E-02
  -3.1000856789878601E-01  -9.5063509728038830E-01   1.3696702086643883E-02   2.7179462295426701E-02
  -6.3223667034080719E-02   8.5907711358837168E-01  -5.0792645219109768E-01   2.4770135942026807E-02
   5.9908158795474077E-01  -7.9171669434972642E-01  -1.1952375019872825E-01   2.3888177262729675E-02
   4.6749169062172493E-02  -2.7973653590664278E-01  -9.5893794672593273E-01   2.5117025775937702E-02
   8.2461121068390035E-02   9.9495157410934940E-01   5.7197278689392980E-02   2.4516087298963125E-02
   2.1766410913309219E-01   5.3981475960701370E-01   8.1315580358607739E-01   2.8440389286248892E-02
   8.1865767627265153E-01  -5.5239926499958480E-01  -1.5701802797061505E-01   2.5311222403135493E-02
  -2.7020065255670360E-01   1.3860573708619219E-02  -9.6270425980900249E-01   2.5836297938737278E-02
   1.5105858712007533E-01   9.8473086763540713E-01  -8.6524109838268437E-02   2.6115877943832077E-02
  -5.8817608828124630E-01  -7.4276072366726006E-02   8.0531481685608170E-01   2.7549416931393895E-02
   1.0709991986060289E-01  -9.8346284338688345E-01   1.4604945341643262E-01   2.5317980850042003E-02
  -1.9492335806313374E-01   9.7674830742162424E-01  -8.9261573089340675E-02   3.0154556494480684E-02
  -8.7360998384444705E-01  -4.4341600216317225E-01  -2.0046906283248486E-01   2.6501328709412712E-02
   1.7818072816161611E-01   1.7012452798004906E-02   9.8385070237388756E-01   2.6387639982484025E-02
  -8.0327129924418567E-01   5.7251412584107610E-01  -1.6426440735285973E-01   2.6368732054222796E-02
   5.6871945409992727E-01   6.2460846451781435E-01   5.3518449957092268E-01   3.0191111679727491E-02
   8.0516312204595390E-01  -2.1097959507134902E-01   5.5425621995674712E-01   2.4868922130199382E-02
  -7.0016766148087068E-02  -1.5682457573161299E-01   9.8514146441247909E-01   2.7508547360609880E-02
  -5.7984255330429812E-01  -7.5315927788674947E-01  -3.1069875363551480E-01   2.4723197711410160E-02
  -1.7994169822851073E-01  -8.1840979095210499E-01  -5.4573473346706782E-01   2.4983954854504988E-02
   5.1514789069620983E-01  -4.9836200878925911E-01   6.9732199083836468E-01   2.5819197145090457E-02
  -3.8971613601530865E-01  -9.0694417118073715E-01   1.5991749025851760E-01   2.4092628143743217E-02
   8.7136253437854662E-01   1.0304228308576630E-01  -4.7969742711199634E-01   2.7176507657639170E-02
   9.2345887742042584E-01  -3.7071893267304965E-01   9.8950364684328544E-02   2.1342615270049765E-02
  -6.9043946199159833E-01   6.8412039865488791E-01   2.3510131745489935E-01   2.6422383223242884E-02
  -1.1351170268270043E-01  -9.6934448123532117E-01  -2.1791367568994020E-01   2.8869909480278352E-02
  -4.0165050784130071E-01   1.3966016470062583E-01   9.0508116097210820E-01   2.5742328594070955E-02
   9.5729660995061021E-01   2.4118676419736235E-01   1.5941187331273458E-01   2.5429983503203761E-02
   8.9659862059463684E-01   3.1851397214987264E-01   3.0766826793334534E-01   2.6840400791642133E-02
   9.5170952520240987E-01   1.0113968760737226E-01  -2.8986159322974609E-01   3.0423704162524121E-02
   9.3553464050073049E-01   1.5613494727399941E-01   3.1685456389787742E-01   2.6786344351401765E-02
  -1.5046621008825851E-01   9.6440687825485547E-01   2.1743802058609826E-01   2.3740833685338831E-02
   7.5567940748059756E-01   5.4778105723062537E-01  -3.5900493931013159E-01   2.9837367443848311E-02
   5.3753829601426392E-01   2.3463091376286659E-01   8.0993883387875893E-01   2.9678997236299888E-02
   2.6521792613904127E-01   6.4273216564976216E-01  -7.1871747919030939E-01   2.4708519149531333E-02
   6.3083824380211783E-01  -5.1974603807038075E-01  -5.7611384818176523E-01   2.5844615220744082E-02
  -3.3530032279658024E-01  -7.5886771882826771E-01  -5.5829515388626669E-01   2.7432095050966829E-02
  -8.9922919297816488E-01  -2.6843552443228757E-01   3.4544062835543969E-01   2.5643700152475412E-02
   2.5728602312965849E-01  -9.4340210575706908E-01   2.0927582076114910E-01   2.6375663393218053E-02
   3.7152534353122006E-01  -6.9036263046913735E-01  -6.2078044231897475E-01   2.5978828269322971E-02
   5.2281552224747054E-01   4.0612179628909128E-01   7.4948583460664988E-01   2.7599009143490857E-02
  -1.3882277863471386E-01  -9.9006222367320955E-01  -2.2472858905731611E-02   2.8377481616847607E-02
   3.4446280883702677E-01  -9.3680698998203322E-01  -6.1139486822418795E-02   2.5562199040043491E-02
   5.3714971787205367E-01  -8.2645332175177728E-01   1.6865671512106061E-01   2.6003931712988062E-02
  -7.2753183914893000E-01   2.8763280715433863E-02  -6.8547071177918352E-01   2.4838293395478774E-02
   6.2639766680298158E-01  -7.3074123168710194E-01  -2.7137283455828424E-01   2.7798895540246837E-02
  -6.9051581473319556E-01   6.9452175804058420E-01  -2.0205800457187352E-01   2.3005999447010396E-02
   6.4493705839096335E-01  -6.2620983265501459E-01  -4.3808382325782098E-01   2.5593887674523507E-02
  -3.4348239271339489E-01   1.5087816191857214E-01  -9.2696042318534530E-01   2.3155303583243700E-02
   9.1658755098994841E-02   9.6352304951190603E-01  -2.5143986492396090E-01   2.9614394374964856E-02
   2.4710382397495584E-01   8.9651618822088927E-01   3.6769338372459348E-01   2.7305919065647681E-02
  -2.9387326127381946E-01   5.8624835557206722E-01  -7.5495123809245878E-01   2.4685146490332683E-02
  -5.1987886857354981E-02  -7.5330467463928876E-01   6.5561370240920240E-01   2.6795721528391074E-02
   9.1837908253854276E-01  -2.1064679979607938E-02  -3.9514065851671254E-01   2.1877154040224278E-02
   1.5820672077296828E-01   6.7800029506861845E-01   7.1783440526985762E-01   2.3933803088513965E-02
  -5.5003103473998855E-01  -8.2087542386970486E-01   1.5371857177839565E-01   2.6006583009261508E-02
   7.8913145080004190E-01  -6.1420140771788656E-01  -5.3088714043199276E-03   2.6057667632339898E-02
   8.6151792946949239E-01   2.3090243447705178E-01   4.5218461158598648E-01   2.6511194015539376E-02
   5.4562780089251639E-01  -2.1223604928211630E-01   8.1070719885684727E-01   2.5225299287977209E-02
  -1.6265746313516704E-01  -9.2615479727453688E-01   3.4026436953021264E-01   2.5845589357365059E-02
  -6.0233344912156274E-01  -6.5570289200479070E-01  -4.5524513559825710E-01   2.7442856222685758E-02
  -4.1487708479599785E-01  -1.6145916986400083E-01   8.9543729036599888E-01   2.3604433128781079E-02
   4.1826411428593273E-01   3.4103549985034926E-01   8.4187286364535278E-01   1.9197260764201168E-02
  -5.7017764079462383E-01   6.5510580841825767E-01   4.9571548060811849E-01   2.3609573064674189E-02
   6.5285687344818068E-01  -7.1955037110605086E-01   2.3669635872275418E-01   2.6229885495367804E-02
  -6.7563926482603360E-01   5.3250731168043685E-01   5.0985051420216374E-01   2.5757388364205797E-02
   4.3853964599206767E-01   2.6995569556786698E-01  -8.5720878514141531E-01   2.6594396541941160E-02
  -4.2662606729601506E-01   8.4361454280598611E-01   3.2604401830087792E-01   2.5309444339282274E-02
   2.6428489579263687E-01  -6.6070551716367384E-01   7.0258217558187272E-01   2.5786681218269005E-02
   1.8682726384254436E-01  -8.4924730947959634E-01   4.9383659324393427E-01   2.8194206060789284E-02
   4.0502232617800251E-02  -9.9898657104766357E-01  -1.9631607662261856E-02   2.8984421198869053E-02
   4.6014825432401202E-02   5.6892497596765556E-01   8.2110109460445137E-01   2.5965109019957806E-02
   6.3662361187692244E-01   6.6469389168729335E-01   3.9101458688184846E-01   2.2755949921934264E-02
   9.1153314085833621E-01   3.7735475196825847E-01  -1.6343415886500225E-01   2.6805454518609517E-02
  -8.9573153192869039E-01  -4.3470323893276470E-01   9.3263694812318806E-02   2.7268606967087283E-02
  -4.3855768275136641E-01  -4.1221115888625732E-01  -7.9859196050886991E-01   2.3882425995127025E-02
   3.1060025980785170E-01  -1.8383569494852789E-01  -9.3259418605848427E-01   2.2153117243799655E-02
  -4.3585449687383501E-01   5.2679892442482936E-01  -7.2973539778449758E-01   2.8528313782226323E-02
  -9.9990646779141840E-02   3.3543905350766762E-02  -9.9442278582628400E-01   2.6007348909160232E-02
   8.2499152998890377E-01   5.5191855203941821E-01   1.2155199447676521E-01   2.6109557473455491E-02
  -4.8931505904371883E-01  -6.4557075916663624E-01   5.8635242636323683E-01   2.5719562911679125E-02
  -7.3864864165476360E-02  -6.2468252568143878E-01   7.7737746555330131E-01   2.6979839790753294E-02
  -8.4819782997865527E-01   4.5523830913505580E-01  -2.7077393359656234E-01   2.5541404808645786E-02
   2.7723540286106489E-01  -1.1072676573749886E-01   9.5440039540529113E-01   2.3691134053552906E-02
  -4.8974500572330121E-01  -6.6050074969053227E-01  -5.6911210585202676E-01   2.6583058020450538E-02
   7.9364673427057272E-01  -2.1603685271003119E-01  -5.6872923210680781E-01   2.5345444353181432E-02
  -6.7566323696155023E-01   3.0991820390934754E-01  -6.6890200859635937E-01   2.4130612953326506E-02
   1.7666897827713738E-01  -9.4174857213555505E-01  -2.8617774021603320E-01   2.8573383186542757E-02
   4.8734184592655482E-01  -7.1540197872923796E-01   5.0069744760602583E-01   2.5712813862683585E-02
  -7.3765404331998629E-01   5.9037651695881612E-01  -3.2760048931168044E-01   2.7442560670026221E-02
  -5.2326566183651639E-01   8.1542186775916345E-01  -2.4754842904561087E-01   3.0504899041904542E-02
  -4.6550366409126464E-01  -7.7058268255897521E-01  -4.3532593313265959E-01   2.4761681814084139E-02
  -1.3102593363083048E-01  -3.0957642642047717E-01   9.4180392912797721E-01   2.6069198931526944E-02
   8.5229712962463679E-01   4.0375501443647472E-01  -3.3252291823422810E-01   2.5469714481687928E-02
  -1.2374673862824332E-01  -8.4551917037002670E-01   5.1940742891843081E-01   2.8884883340684153E-02
  -8.5466759740357307E-01   1.8270227617099109E-01   4.8596622951635524E-01   3.0725268950491080E-02
  -8.9639248060144041E-01  -2.2868484048888291E-01  -3.7971537294633006E-01   2.6222579721955607E-02
   2.6208873131270338E-01   9.6389543737226937E-01   4.7064665427675578E-02   2.9880042179182648E-02
   2.4594009882224190E-01   8.3392861449887956E-01  -4.9404102432013177E-01   2.6484292052239895E-02
   8.9612231604785534E-01  -3.6525311926481593E-01   2.5210107803884906E-01   2.7428412830027681E-02
  -2.0853269774298448E-01  -9.6451389111310916E-01   1.6194773175899173E-01   2.9983370486577261E-02
   9.6222087328521421E-02   9.0134111120658992E-01  -4.2228605371124006E-01   2.7135779586362760E-02
   7.7708839398406901E-01   4.0598491005727961E-01  -4.8094685854160950E-01   2.7470168597989594E-02
  -8.3575272420881940E-01   2.3471657831973584E-02  -5.4860410612403898E-01   2.5824342973679788E-02
  -7.4528576165783313E-01  -6.6622319920753882E-01  -2.6377685792652432E-02   2.5586490252733922E-02
   1.5611397414161474E-01  -7.6324997371894962E-01   6.2695925281929918E-01   2.4550470256283958E-02
  -2.6740204190441470E-01   5.4079754445338217E-01   7.9751750068480742E-01   2.3171112505967301E-02
   3.9678696590824413E-01   8.2431900134561715E-01  -4.0380476434273830E-01   2.4520070626477350E-02
  -9.2267849190491784E-01   2.3597544866102055E-01   3.0492620124432829E-01   2.6574283331503134E-02
   7.1480082963048188E-01  -5.3134025802582440E-01   4.5468374081401377E-01   2.5842271028790686E-02
   9.7247820751597995E-01  -2.1330036462327530E-01   9.3750148576331930E-02   2.9943988543909881E-02
   9.5290555625780921E-01  -3.0008304137207426E-01  -4.3831143424293701E-02   2.5669351080705853E-02
  -2.3665209090116210E-01  -5.6083338231733090E-01   7.9338622697309943E-01   2.9429972978668841E-02
   9.9240211744891517E-01   4.4274161417111761E-02  -1.1479475560199154E-01   2.5395858683334688E-02
  -3.4589344545519775E-01  -6.6209701959692059E-01   6.6481972070028669E-01   2.5389076569329325E-02
  -3.7160446325868563E-01   4.2011812308823763E-01   8.2789545568208104E-01   2.5564311138137214E-02
  -2.7992945975169485E-01  -8.5388703539220927E-01   4.3876694081508489E-01   2.3657099999380206E-02
  -6.6008615219287101E-01   4.0948470793718625E-01   6.2976864454242811E-01   2.4771435161062917E-02
   8.9424035800747034E-01  -3.1366856485158378E-01  -3.1929017137177782E-01   2.0920018158550064E-02
  -8.6045366486337258E-01  -1.8881013255117863E-01   4.7325492545688039E-01   2.4445353895587520E-02
   2.7058011179957675E-01  -8.9049499093000079E-01   3.6579375914182370E-01   2.2105640423454531E-02
  -9.6529172955710187E-01  -1.7362364889415813E-01   1.9510690760026170E-01   2.4320493158209002E-02
  -5.0308773934556789E-01  -4.0174210380138823E-01   7.6518364367869278E-01   2.2622909319644066E-02
   4.0093710124349000E-01  -7.8766557259410587E-01  -4.6779524003186132E-01   2.7390860550801181E-02
   5.4960308697824169E-03  -5.3142790457137252E-01  -8.4708569571653047E-01   2.6916435401241902E-02
   7.5581690141903994E-01  -6.3860980187841285E-01   1.4463171323791888E-01   2.1165938275885944E-02
  -7.2892949264768347E-01  -5.1212588304793253E-01  -4.5430042335525744E-01   2.6218146520795122E-02
   8.8649988352377224E-01  -1.2131903000088450E-01   4.4654187874373283E-01   2.6794592101791621E-02
   9.8056659771819010E-01  -8.0027095535042320E-02   1.7912233646197903E-01   2.0705615945951616E-02
  -5.3482271766972244E-01  -8.3247985055718771E-01  -1.4471336870052608E-01   2.4656192742581870E-02
   6.4469583710845785E-01   6.9229945959539396E-01  -3.2417392840719054E-01   2.5727452562935142E-02
  -8.3832757848328007E-01   5.4482242553369255E-01   1.9375133288418444E-02   2.5711609905902603E-02
   9.6695138170309231E-01   2.1138898753149462E-01  -1.4254726013814009E-01   2.4963909992290105E-02
  -7.7532462006272453E-02   9.7374323839155216E-01  -2.1403930251703457E-01   2.3464858089997671E-02
  -9.2513444932793689E-01  -3.2296275586510065E-01   1.9955277244557215E-01   2.1667085988770788E-02
   3.3369259053417699E-01  -9.1417461280978802E-01  -2.3007397140194765E-01   2.5872565968666205E-02
  -2.2916203369753942E-01   7.6988739792904432E-01  -5.9561577952708155E-01   2.8630400247238823E-02
   3.6948140573453609E-01   2.0976582941411470E-01   9.0525233367643949E-01   2.6248052937538921E-02
   3.3202707144574903E-01  -7.4794519616294010E-01   5.7474864711797311E-01   2.7689145774017678E-02
  -7.1843697303209506E-01  -3.9841715934261046E-01  -5.7018600730099073E-01   2.8042482825964704E-02
  -9.2848352326186596E-01   1.7186863017447233E-01  -3.2921045091731597E-01   2.5262982293329665E-02
  -9.6599497517452466E-01   3.5373949545353724E-02  -2.5612963833014794E-01   2.2092694886189465E-02
   6.0950760586899930E-01   9.6658388434084994E-02   7.8686570285733390E-01   2.2822132314430714E-02
  -8.1461290384055740E-01  -3.6129683039305526E-01   4.5372945379861189E-01   2.7279139799594140E-02
   1.3085182956444909E-01   2.1056949238853812E-01  -9.6878185757933650E-01   2.6163249828602892E-02
  -2.1533109505682284E-02   6.2103594511912465E-01  -7.8348623476421845E-01   2.6643525773207872E-02
  -5.5940936198612112E-01   1.0395119076547412E-01   8.2234744218044539E-01   2.8460497794025130E-02
  -7.8290003588267831E-01   3.2402488810425991E-01  -5.3110771572621953E-01   2.4462632186567430E-02
  -4.1132953607009383E-01  -7.6787421531334345E-01   4.9109795582274466E-01   2.8792434406279795E-02
   3.6013998660499701E-01  -2.4471919746050034E-01   9.0022869563374907E-01   2.6089627165408697E-02
   1.3255818902235347E-01   5.6700892979121162E-01  -8.1297552242373125E-01   2.5284678340762889E-02
   6.5176986405470103E-01   3.5797411757577362E-01   6.6861840795476359E-01   2.5792792095777530E-02
   5.1734537755314358E-01   8.0884800799549179E-01  -2.7949715613243757E-01   2.7335410552289394E-02
  -9.1019973306574026E-01   4.0791052037101795E-01   7.1731815101113953E-02   2.6393237184181783E-02
   7.6999977155461261E-01   7.0081884699673233E-02  -6.3418363369199779E-01   2.5005103679274465E-02
   6.5630664023188174E-01   4.1765415957425551E-02  -7.5333740383538803E-01   2.6650631891077405E-02
   7.2337252809207841E-01  -3.6967967693534573E-01  -5.8315445815208653E-01   2.7080132801010203E-02
   1.8715435796994768E-02   9.7668466639109290E-01   2.1386162558871655E-01   2.5853955609794567E-02
  -6.0675701689286700E-01   7.8955890135594017E-01  -9.1883968900291357E-02   2.7596459087662434E-02
   7.4031462577761173E-01   6.4442991176832586E-01  -1.9142712367379456E-01   2.5518982198035216E-02
  -1.6890573619630870E-01   6.7720787760692493E-01  -7.1614268326019159E-01   2.4362086130747457E-02
   8.3190806923505160E-01   5.1840182945181423E-01  -1.9796087381758217E-01   2.6444889840104206E-02
  -7.9564440371241298E-01  -5.1932741440345466E-01  -3.1184775049716377E-01   2.2323149219762550E-02
   8.4204730040903541E-02   9.3135352033169489E-01   3.5424593660971992E-01   2.7817585103135531E-02
  -2.8894732220577603E-01   4.4802629050537419E-01  -8.4603894000578101E-01   2.4098570227188678E-02
  -9.2815229102654370E-01  -2.8909840371558974E-01  -2.3442576144970961E-01   2.4449068657356400E-02
   2.7793115852447423E-01  -4.5474482412130310E-01  -8.4614503251873358E-01   2.6889561900623930E-02
   1.1464446091648707E-01  -4.2126875951302951E-01  -8.9966064704394028E-01   2.5261075696358217E-02
  -8.1957132379260340E-01   5.3345611013073677E-01   2.0911103218391597E-01   3.1067532575566705E-02
  -6.8144514644095490E-01  -1.6971934158404700E-01   7.1191843457262935E-01   2.3539304275830770E-02
   1.8121345921803762E-01   9.6206333411548428E-01   2.0395054142813791E-01   2.5246463669677563E-02
  -2.1333616576865006E-02   9.9694908471717020E-01  -7.5082616399190227E-02   2.5357811604404965E-02
   4.0637394437270080E-01   8.4872897285989274E-01   3.3840707433971388E-01   2.5399213552790014E-02
   6.0137224465453611E-01   7.5725778885335213E-01   2.5477846176648579E-01   2.8610662975828065E-02
   3.7881649499421259E-01   7.3249412058724878E-01  -5.6564160598864434E-01   2.9464425443654569E-02
  -7.1016030489245025E-01  -4.2697541185981053E-01   5.5978954886832887E-01   2.5582068036021263E-02
  -2.6602977865573587E-01   9.1381239713941244E-01   3.0687955243499209E-01   2.9471936394265352E-02
  -5.4289993635480211E-01  -2.7576339660466904E-01  -7.9323023656376578E-01   2.9491643696211760E-02
   5.8873360260204146E-01  -6.3367013489744579E-02   8.0583954157674106E-01   2.6308415284505897E-02
  -8.1425894635340299E-02  -3.9500105745198990E-01  -9.1506501861596927E-01   2.9128691333961125E-02
   3.1658271217200524E-01   3.8061612396565225E-01  -8.6885370030355542E-01   2.2606085973934009E-02
   5.4141168805100301E-01  -7.3607746535891740E-01  -4.0627989001740560E-01   2.0811474568903944E-02
  -7.0711544225254732E-01  -1.3685027867817627E-02   7.0696567903982545E-01   2.4843880456184388E-02
   5.1500302900053007E-01  -6.6195661666580685E-01  -5.4459647242030237E-01   2.5381390500884193E-02
   8.1852511434820112E-01  -4.4181342272050736E-01   3.6717507633995842E-01   2.2904273877824103E-02
  -6.9636090287372551E-01  -6.4227504441479190E-01  -3.2025655382968643E-01   2.5240844973479115E-02
   2.4604910346900377E-01   7.6557907720109490E-01   5.9443125358111812E-01   2.9782666837402009E-02
   5.3886291348810306E-01   6.1230272414694164E-01  -5.7854311375155731E-01   2.3694885387248962E-02
  -3.5228697351992632E-01  -3.0248350056208277E-01   8.8566224949236662E-01   2.9506888545728205E-02
  -8.5462816654357691E-01   3.2861822966212650E-01   4.0202084036041485E-01   2.2621319251910962E-02
  -3.4516459806242778E-01   9.2016290787716776E-01  -1.8482863201202768E-01   2.6872818520817469E-02
  -3.8430641039533988E-01   9.0862347386134008E-01   1.6343795666000950E-01   2.8488973797611297E-02
  -4.4636668835050912E-01   2.6896950249204887E-02  -8.9444582485374226E-01   2.6405791332867543E-02
  -2.4076562935982011E-01   1.4314305833858986E-01   9.5996977898704969E-01   2.6328538298511592E-02
   9.8735502850195224E-01   1.5799830287238192E-01   1.2906741701758390E-02   2.6455734282333689E-02
  -8.7753837563047731E-01   2.1195577785215258E-03   4.7950172759923068E-01   2.6490925945843719E-02
  -7.4543740511742662E-01   2.5781941010995916E-01   6.1469685766428829E-01   2.7824400333116927E-02
   3.7327262149955382E-01  -3.1931269791221654E-01  -8.7103785852904955E-01   2.5166776041178442E-02
  -4.7372614577710923E-01   8.7402225421162054E-01  -1.0802146985670195E-01   2.0712757154905641E-02
   7.1737845195577607E-02   3.0371152454558680E-01   9.5005946730975256E-01   2.8986396591818683E-02
  -1.7212074304752931E-01  -1.8354665229523885E-02   9.8490484620448413E-01   2.5610910052086621E-02
   8.3704940379803431E-01   4.7447198807453734E-01   2.7244197204900579E-01   2.5428898023740513E-02
  -7.6340964059429738E-01  -1.3303041030046856E-01  -6.3206695102890373E-01   2.9554833260133648E-02
  -3.5543037721426458E-01   8.6822732267773190E-01  -3.4619440074787952E-01   2.8671274415226886E-02
   6.6977596161254044E-01  -7.4125013454243946E-01   4.4140676102797575E-02   3.1887589757071057E-02
  -6.9752304424933413E-01  -7.0305767393604980E-01   1.3846122150541910E-01   2.9185664342445916E-02
  -3.0843682824567060E-01  -9.0540054582105629E-01   2.9174745004658415E-01   2.4349244580654891E-02
  -4.5179141544710406E-01   7.5574775279816917E-01   4.7405680152152616E-01   2.7103555582449030E-02
   7.3541421395548169E-01   6.2576675627780673E-01   2.5996519122719687E-01   2.7311641524124365E-02
   7.9197189510632064E-01   6.0963915154339627E-01  -3.3475696664160450E-02   2.7192904489645104E-02
  -6.5220020163409042E-01   1.6310313898445629E-01  -7.4029201200733556E-01   2.5748790323206831E-02
  -5.8837892007760537E-01  -4.1277101757054710E-01  -6.9529154565698974E-01   2.5790620968643329E-02
  -3.6370533392109121E-01   7.8238884738101361E-01  -5.0555526065026414E-01   2.5700706114474827E-02
   4.8124387248369355E-01   8.5297419799018783E-01   2.0208748788555443E-01   2.3860790446879076E-02
  -2.4221885363898283E-01  -1.7986064132213157E-01   9.5340451889269353E-01   2.7411137531044365E-02
   4.0746802787715203E-01   1.1157031575163116E-01  -9.0637843691307313E-01   2.5888709947989636E-02
   3.4189836843452190E-02  -2.8595456977343314E-01   9.5763303988652612E-01   2.2091720499682363E-02
   8.0784360489326623E-01  -4.6372248943839222E-02   5.8756984653821611E-01   2.6650823143854762E-02
   7.4780776385745388E-02   8.1587392659144981E-01  -5.7337384958802815E-01   2.5489751941685083E-02
  -4.3964466753528332E-01  -8.5044642258876006E-01  -2.8888310544884792E-01   2.8356193796365056E-02
   4.0163464289963899E-01  -9.0976578177492335E-01   1.0495635252018666E-01   2.7617889480925623E-02
   5.1073942253639774E-01   7.4884739420357124E-01   4.2234206807007543E-01   2.8208414873807342E-02
   6.0226429895207971E-01  -1.2948705220322969E-01  -7.8772509006599378E-01   2.4703369777627259E-02
  -2.2487033194490084E-01  -4.1816058393037405E-01   8.8009946020776457E-01   2.2138838421076170E-02
  -2.0554715778531882E-01   4.1700836853093283E-01   8.8535551418712401E-01   2.5969013638525932E-02
   8.8099207202470957E-01   4.7235449887780003E-01  -2.7096059114033042E-02   2.5451346088712227E-02
  -6.3429306683370656E-01  -5.7555410481559494E-01   5.1614898798371191E-01   2.7388264228156362E-02
   9.8205847052895034E-01   7.8037254305282059E-02   1.7167220917443644E-01   2.5738656515257600E-02
  -3.1982296923267563E-01   8.3779024141975817E-01   4.4251641747286409E-01   2.1026545026903478E-02
  -9.3035971636448842E-01  -3.5776641200393033E-01  -8.0212172442983167E-02   2.5908837831287812E-02
   7.6464381491912636E-01   2.9227778660916312E-01   5.7436358847055499E-01   2.5257548378069363E-02
  -3.7534733795544599E-01   6.7002786452266374E-01  -6.4045065122377629E-01   2.7152798244308837E-02
   5.8496758698372053E-01   8.0612622264584707E-01   8.9294094660181499E-02   2.5934727371208823E-02
  -8.7046819962031811E-01   3.2427640111866145E-01  -3.7031058468168436E-01   2.7338002967554460E-02
  -7.6535292024554895E-01  -5.9073567005858791E-01   2.5547265135830383E-01   2.6911030916782392E-02
  -1.8738844115578219E-01   1.8319276769767780E-01  -9.6505232085336736E-01   2.6502305681843818E-02
   4.5946468828685089E-01  -3.5541210773731957E-01   8.1398675289661976E-01   2.6983491724985140E-02
   8.8915832093406663E-01   5.0959400803623617E-02   4.5475336148669320E-01   2.4094777257487165E-02
  -6.1715035385382126E-01  -5.3582188247002910E-01  -5.7621207120675412E-01   2.4255383116028808E-02
  -6.0248909538590487E-01  -7.4831770891364737E-01   2.7753827928288328E-01   2.5056247853889290E-02
  -6.6305001264666572E-01  -7.3061882795154620E-01  -1.6297487221030531E-01   2.7840178922945577E-02
   7.0068337226279373E-01   4.7615667003397561E-01   5.3133571065437967E-01   2.9229707827832346E-02
   8.4377144358011690E-01  -6.0413365995833929E-02  -5.3329164273198497E-01   2.6676042344067671E-02
   5.1443493360176084E-01   7.2667700275216091E-01  -4.5529905859916723E-01   2.8544642275058915E-02
  -8.6155217855121772E-01   1.8524415003808456E-01  -4.7266526052833466E-01   2.4774010976657638E-02
  -5.5898105964136126E-01   2.9047709252249784E-01  -7.7663584367571978E-01   2.2861168383173939E-02
   5.5273454310326473E-01   4.7993018624277663E-01  -6.8128668062233455E-01   2.5715379016623085E-02
   1.6063402242464384E-01   4.0682293859961129E-01  -8.9927293268999051E-01   3.1098431930333072E-02
   6.6837231741844460E-01   4.9516870842947477E-01  -5.5505530850626385E-01   2.5750138456420685E-02
   7.3069260504035247E-03  -1.1648155164585840E-01  -9.9316597654061187E-01   2.8531799512092955E-02
  -9.9599172033770955E-01  -8.1167690370511493E-02   3.7580567566851117E-02   2.6648052191807405E-02
  -7.5635597706190518E-01  -2.6908272896856817E-01   5.9625508042578454E-01   2.6166363346124188E-02
  -7.7569189707419727E-01   4.6089817777576147E-01  -4.3113217293124312E-01   2.5873479342173157E-02
  -3.6795406072915461E-01  -1.2469016726221857E-01  -9.2144569638207425E-01   2.7024906639646038E-02
   8.3030821528844551E-01  -4.6071388668958963E-01  -3.1357771323212393E-01   2.6479812579935591E-02
  -2.1852171797032653E-01  -6.9402516109362890E-01  -6.8598639530551883E-01   2.9431540080263980E-02
   5.1709013640214118E-02  -5.4820885843439759E-01   8.3474141232025313E-01   1.9730104201031872E-02
  -5.2219360977505075E-01  -1.1463995730440950E-01  -8.4508669028647300E-01   2.4695183511327862E-02
  -3.1714610782114882E-01   2.8086159891619031E-01   9.0583392989451283E-01   2.6199001473726695E-02
   3.7563203293785312E-01   4.8470799871289154E-01   7.8991058469596362E-01   2.6578443379883647E-02
  -3.6663235640218241E-01  -6.4666680327105394E-01  -6.6888172406351404E-01   1.9308684317391040E-02
   2.8128001140389180E-01   2.4304387264439122E-01  -9.2833788630791289E-01   2.4459245986842628E-02
   7.3970306480679548E-01   5.4393656646040113E-01   3.9619740986369818E-01   2.3258392180460907E-02
  -2.1260419386779756E-01   8.6736733374590073E-01  -4.4997040469385458E-01   2.6107406392757419E-02
   1.2851340904703558E-01  -9.3298975005443534E-01   3.3617618890764937E-01   2.6441949176279186E-02
  -2.6330409921378472E-03   4.7228799510928451E-01  -8.8144036484085876E-01   2.5554714420154942E-02
   6.4912881553230015E-01  -4.5207686087059055E-01   6.1176653448110887E-01   2.5028053375788004E-02
   3.7125947298206773E-01  -5.1963138069650263E-01   7.6951259373484184E-01   2.6576774707972807E-02
  -7.7537167291276105E-01   1.7395357847332215E-01  -6.0707406581140652E-01   2.7010325109635333E-02
  -9.6274860368163235E-01  -2.6505495239961724E-01   5.3488300753562789E-02   2.6239795910552801E-02
   9.1393890414945033E-02  -6.6754122139345035E-01   7.3894240271848072E-01   2.8495232029068166E-02
  -8.6321526407512489E-01  -1.2072887692345577E-01  -4.9018766421087498E-01   2.2410092419561782E-02
   4.1725268387296505E-02  -9.8363313349638339E-01  -1.7528508398062312E-01   2.2963425264309713E-02
   4.9213350450102337E-01  -5.5723829004829061E-01  -6.6879750437004350E-01   2.7384305570471245E-02
   2.6344444492813776E-01   3.5911045172834628E-01   8.9534167103735793E-01   3.1728539214456450E-02
  -9.8121223985876877E-01  -2.1716019565081823E-02   1.9170538554142655E-01   2.5326083356246313E-02
   3.4987381826107775E-01  -3.5088357606406312E-02  -9.3613947596279647E-01   2.5617646850196100E-02
   2.9352675701697572E-01   5.1758730518649356E-01  -8.0370730021873058E-01   2.4785416602351917E-02
   4.1800280992877132E-01   5.9760715638076309E-01  -6.8420708673189709E-01   2.9390674212743221E-02
  -8.5391192613287554E-01  -4.4031203238674976E-01   2.7741617931096325E-01   2.9227277172048133E-02
  -9.5867824671609991E-01   2.6125080700251119E-01   1.1262342169318666E-01   2.6716868094585186E-02
   9.8783790814934278E-01  -1.2785666070983328E-01  -8.8481306134467878E-02   2.6515462104736098E-02
   8.8242473492450947E-01  -4.6965879569122295E-01  -2.7335010943459452E-02   2.7703306311919164E-02
   4.0531265319950762E-01   7.0768218893725496E-01   5.7871199453385360E-01   2.4363994875127339E-02
  -1.8170703699515801E-01  -1.1210724724489282E-01  -9.7694140961554740E-01   2.4844126940632169E-02
  -6.9357616238200137E-01   6.1576356274721018E-01   3.7388145416471028E-01   2.6129256700334866E-02
  -4.8094905004877901E-01   7.8173203079711548E-01  -3.9696730757455927E-01   1.9470740424455856E-02
  -2.1811516704690689E-01   9.3334408309140020E-01  -2.8512207291329350E-01   2.4312951578339712E-02
  -6.2070425342616317E-01  -7.8404274438632670E-01  -1.7901826237448965E-03   2.5894815609936596E-02
  -3.2051421076694674E-02  -8.6370589364899856E-01  -5.0297597923056827E-01   2.7080052528197562E-02
  -6.8381248571228887E-01   1.3792786284465474E-01   7.1650288836478992E-01   2.3781316085341424E-02
   3.6870698911889641E-02  -8.3676020395341552E-01   5.4632674531052138E-01   2.4426721193652896E-02
  -9.6043309660208553E-02   9.2699461383292600E-01   3.6256953621927161E-01   2.5202389419183441E-02
  -4.7903340242766416E-01  -5.3534243868066111E-01  -6.9565470795935695E-01   2.8055630699364790E-02
   3.3460253835969258E-01   9.2117912316139332E-01   1.9867099530343313E-01   2.5674791182040173E-02
   9.4209701381062362E-01  -1.9814503295518441E-01   2.7053976137398851E-01   2.6712820096752594E-02
   2.5485527655332833E-01  -8.0537385397647245E-01  -5.3518384069776461E-01   2.5764789930125218E-02
  -6.5120120904254887E-01  -1.3435901411363135E-01  -7.4691675618366986E-01   2.4722598907534454E-02
  -4.8110458388203136E-01   1.8536724346815534E-01  -8.5684150484013965E-01   2.7374712427254701E-02
  -6.8433486122277056E-01   4.4999294897071342E-01  -5.7375268504108314E-01   2.7723336678229340E-02
  -4.4215335894073444E-02   4.3209817756104360E-01   9.0074201024499735E-01   2.9126168977436638E-02
   1.0680261755293163E-01  -1.3538950416605546E-01   9.8501922978463305E-01   2.7832508508098512E-02
   8.2225314430999691E-01  -3.3902478389351404E-01  -4.5712357473475320E-01   2.5719660711571581E-02
   7.6163724879572409E-01  -5.7934937250358240E-01   2.9028090847760825E-01   2.8867264892339949E-02
  -8.4707639415682471E-02   1.4192376337757046E-01   9.8624655193991426E-01   2.6358772828322400E-02
  -5.2797604910123059E-01  -2.4784199659640959E-01   8.1229036452401697E-01   3.0012028313456897E-02
   4.4187205721186026E-01  -4.4125352118833109E-01  -7.8105340092355879E-01   2.6224052770817158E-02
   7.3632782965858467E-01  -9.0174682276326141E-02  -6.7058918418555046E-01   2.7671633258802228E-02
  -9.9533011427713944E-03   6.8747074832515755E-01   7.2614385764365536E-01   2.6354960925115569E-02
  -1.2111546164399098E-01   7.6299338737592456E-01   6.3495837325873205E-01   2.6596366645433247E-02
  -6.8181757577327433E-02  -4.5545369869051661E-01   8.8764473539969497E-01   3.0550660673083820E-02
  -5.9774274283584993E-01   2.7464205374626993E-02  -8.0121740545885256E-01   2.8005914406843949E-02
   1.8671810416958223E-01  -9.7638648852095180E-01  -1.0865438145349768E-01   2.5763371535675023E-02
  -2.9348458646364615E-01   3.0300369670934386E-01  -9.0667279505273263E-01   2.4462900521790338E-02
  -6.2564792439389522E-02  -7.5403193287182919E-01  -6.5385127586981823E-01   2.4302584776182927E-02
   9.4525967416513783E-01  -2.1293041690603815E-02   3.2562363976342325E-01   2.6999602980730172E-02
  -8.3838172903444334E-02  -6.4050658201817656E-01  -7.6336261315026741E-01   2.4781288008447006E-02
  -4.0006867001648940E-01  -2.7757516695939132E-01  -8.7343980099300679E-01   2.4089902728459362E-02
  -1.1680524684924187E-02  -9.1186497496489220E-01   4.1032405824587128E-01   2.2772895716142151E-02
   7.3058359571790774E-02  -6.8178558011831702E-01  -7.2789484050885313E-01   2.5444476979573620E-02
  -8.9010629457871832E-01   3.8613890814073869E-01   2.4208991712011065E-01   2.6049057458716617E-02
  -9.1489709381270376E-01   5.5708453878899062E-03  -4.0364870049924972E-01   2.9326515732217067E-02
   9.5242861440858632E-01  -2.2197916206729999E-01  -2.0881806929391792E-01   2.6225198836069574E-02
  -4.1320148172293089E-01   5.4760231997197550E-01   7.2759620302973315E-01   2.5642255524333683E-02
   3.6812747567859989E-01   9.2559557586983522E-01  -8.8062430018084079E-02   2.5833687654167118E-02
  -9.3510526487840213E-01   7.7149775240733156E-02   3.4586999837655425E-01   2.4983145273005358E-02
  -3.2625754443139696E-01  -2.3788857925472490E-02   9.4498153682503058E-01   2.6094063389526218E-02
  -6.3219494327095731E-01  -3.2921733289792247E-01   7.0138826724019960E-01   2.7421011860245583E-02
  -9.9422903441874037E-01   1.0146579994386151E-01   3.4832722554109829E-02   3.0084876862883351E-02
  -2.4578240844055714E-01  -9.6008348988614802E-01  -1.3353164474832843E-01   2.0951273988314320E-02
   4.3823942943859837E-01   8.9762875819614471E-01   4.6998031284074759E-02   2.5114913681242061E-02
  -2.5729413809136665E-01  -2.5875066500259573E-01  -9.3104662604218439E-01   2.5980521938121707E-02
  -4.2704756531992664E-01   3.5895392219076600E-01  -8.2992918896625660E-01   2.8451493424858984E-02
   5.5636323324322614E-01   1.6483892161084565E-01  -8.1442500122314331E-01   2.5164060627067281E-02
  -5.6194383741745390E-01   4.3474065887183988E-01  -7.0371846864511429E-01   2.4607184858956712E-02
   2.2129755205148726E-01   7.5282821030631472E-01  -6.1990086241512081E-01   2.2040400665284192E-02
  -5.8588152473053760E-01  -4.9345534125920051E-01   6.4284108857647410E-01   2.4695056958206187E-02
   9.6578461538648703E-01  -6.5717216161926490E-02  -2.5088109570611720E-01   2.5112857764424512E-02
   4.3003810591830147E-01  -6.2706760287890368E-01   6.4950246256492771E-01   2.5917181861396043E-02
  -5.3033416220085536E-01   4.0806316535078108E-01   7.4312188064046242E-01   2.6140388613687925E-02
  -3.9675332661213143E-01  -9.0756092631400004E-01  -1.3754985587154084E-01   2.5578256098010099E-02
   4.6348499711024055E-03  -9.4456229034166110E-01  -3.2829955502598688E-01   2.5544142123034014E-02
   2.2250188109666697E-01  -7.0015965512893716E-01  -6.7843155162342814E-01   2.6981168051508466E-02
  -4.3979455281794956E-01  -5.4441470838560022E-01   7.1427822072710682E-01   2.7156341016073235E-02
   8.1571942256968821E-02   3.1291980954216187E-02  -9.9617610399185281E-01   2.4938076825554200E-02
   9.0351079207100131E-01  -3.9016082737066959E-01  -1.7732111379265102E-01   2.5643998862558503E-02
  -9.9396122815247327E-01  -1.2744704028739586E-02  -1.0898921712190987E-01   2.4832055488330371E-02
   5.9087278694416109E-01  -3.4138127998893992E-01   7.3097754501896510E-01   2.5085756452522063E-02
   5.8658193927228481E-01   4.9861883094169767E-01   6.3820129265765377E-01   1.9620060408091967E-02
  -2.6563773730306641E-01  -4.1660533284271288E-01  -8.6941163390394056E-01   2.8928347947386164E-02
   6.9096980722072078E-01   2.0062178449397891E-01   6.9448659101224663E-01   2.6859097207441293E-02
  -9.7165817686838433E-01   1.3188187785127492E-01   1.9618246001931218E-01   2.1616093883429141E-02
  -4.7410987161291213E-01  -8.8020321304925435E-01   2.1497287665117514E-02   2.7610609130181806E-02
  -9.7783717612695024E-01  -1.8669319977691714E-01  -9.4763421957672200E-02   2.7138006830209744E-02
   2.4547545950592484E-01   9.0263174356764732E-01  -3.5355018637300137E-01   2.4204116575723264E-02
   7.1396710837538632E-01  -6.8585986668326173E-01  -1.4088013142848756E-01   2.5143965100221397E-02
  -8.3827090266529946E-01  -3.8622711505912249E-01  -3.8487726529091252E-01   2.8323706341091238E-02
  -2.4282764795166671E-01   6.6472493211096352E-01   7.0652352970041736E-01   2.8284694352926415E-02
  -4.2849848005774653E-01   6.6212018919372317E-01   6.1480558524648207E-01   2.7238304710542107E-02
   1.7694401450719388E-01  -1.0531020295124957E-01  -9.7857068057675036E-01   2.9557301876095438E-02
   7.9535109527938612E-01   2.2441142574097034E-01  -5.6307739009374717E-01   2.5649830958363493E-02
   3.0168105090432106E-01  -3.9628676920230079E-01   8.6714781904844038E-01   2.5446547142465409E-02
   3.4493868274856960E-01   8.0965607943829382E-01   4.7484138211858990E-01   2.3879702067086729E-02
   5.2658179696095617E-01  -8.5004937812040743E-01   1.1298932094626117E-02   2.5626464378832083E-02
  -7.9957950103447856E-01  -1.0213873201749374E-01   5.9181103483063992E-01   2.7565892773027664E-02
  -2.4509579338753204E-02   8.6449369858046090E-01   5.0204574058078863E-01   2.6511712956046076E-02
  -1.2827185920186678E-01   2.9099074711644096E-01   9.4808792589585912E-01   2.6021785435329616E-02
  -2.7008010962463768E-01  -9.1993317814554327E-01  -2.8421766681925980E-01   2.5888808082439278E-02
   8.6675558493461668E-01   2.5848777957079729E-01  -4.2651942956588682E-01   2.6009915548876274E-02
   3.1136408637454824E-01   6.3074179174343107E-01   7.1078632363350173E-01   2.4259650315504521E-02
  -9.3387344308871647E-01  -9.2610759302207128E-02   3.4540358937783883E-01   2.7847244459764048E-02
   4.6485533465406625E-01  -8.7361339589263966E-01  -1.4390674883613394E-01   2.5276995113341942E-02
  -6.6975677048296242E-01  -6.4295283657740913E-01   3.7153400696207561E-01   2.2533799454213729E-02
  -6.5218857026536758E-01   5.8990093568224413E-01  -4.7609553127122348E-01   2.5760271228836186E-02
  -6.2067611496008217E-02   7.6255761579995660E-01  -6.4393593950692533E-01   2.5616565998898015E-02
  -8.9080514121635108E-01   4.4367594137981933E-01  -9.8070685850807812E-02   2.5910261777928838E-02
   4.0436134770537188E-01  -8.7153789904878902E-01   2.7733299660068997E-01   2.5073006805818476E-02
   6.8764280845418728E-01   2.0956247805826908E-01  -6.9514813944318056E-01   2.7117204069435807E-02
   6.9643412856620035E-01  -1.5150568373114334E-01   7.0144531673209984E-01   3.0456506356232830E-02
   1.6947798386184471E-01  -5.7059155648213160E-01  -8.0355615152733594E-01   2.6919452884039398E-02
  -5.1082078043509842E-01   6.8340233174455953E-01  -5.2155860959414326E-01   2.9658477160828788E-02
  -9.5657631315377802E-01  -1.2485081232631272E-01  -2.6338950581711708E-01   2.8684540477681883E-02
  -2.7656744751845341E-02   1.7733131601746170E-01  -9.8376252664413179E-01   2.6547756803324769E-02
   1.2075784843504071E-01   4.4069698973770483E-01   8.8949632111519445E-01   2.0195882912918330E-02
   2.0600651913524483E-01  -2.9514363577204969E-01  -9.3297992922518737E-01   2.6893506714930399E-02
  -4.6779677524223579E-01  -1.3093622986535764E-02   8.8373906449248433E-01   2.2630160784229738E-02
   1.1982946614883678E-01  -8.8693675167924030E-01  -4.4607633602687615E-01   2.5628390564141052E-02
   3.3609085046555087E-01  -5.7840346218039764E-01  -7.4329830833325063E-01   2.5322372987052905E-02
   1.4114830645022093E-01   8.5960731822658846E-01   4.9107271766768647E-01   2.3405277052121258E-02
  -1.5342841154867292E-01   5.3718059265374309E-01  -8.2939540232980828E-01   2.5936811343571517E-02
   4.5998943344600231E-01  -1.5926436669994547E-01  -8.7352423127105698E-01   2.6020513932455893E-02
   8.0687861095393493E-01   1.2387159877881537E-01   5.7758353006385902E-01   2.7407208715704372E-02
   4.5823397162673558E-01   5.8523849214314518E-01   6.6896751383098260E-01   2.6575043331576488E-02
  -5.4642469510444202E-01  -7.1762643475922853E-01   4.3177812903709753E-01   2.4907316780534247E-02
   2.4010547700997526E-01   8.7619470311345146E-02  -9.6678445805265802E-01   2.7002052579627147E-02
   8.7270633374659407E-01  -2.8202870110108264E-01   3.9855171156804072E-01   2.6319647594720851E-02
   3.8435471352071486E-01   8.8906824091414531E-01  -2.4865461425888804E-01   2.5673179281743134E-02
