   0.0000000000000000E+00   0.0000000000000000E+00   1.0000000000000000E+00   2.4300154984685518E-02
   9.1242889700467060E-01   0.0000000000000000E+00   4.0923527207566081E-01   2.2226883047216459E-02
  -1.3772722544377140E-01   8.6730643337234738E-01   4.7834167914002474E-01   2.7455470673486317E-02
  -8.4524779976244346E-01   5.0225290773394428E-01   1.8247787172571431E-01   2.0747275525424235E-02
   1.6961215409085794E-01   6.0490781113866507E-01  -7.7802201588906738E-01   2.5313207404916657E-02
   1.0208580933912920E-01   1.3113199898129397E-01   9.8609476541291147E-01   2.0915873247481151E-02
  -4.6501255914324985E-01   6.0276851819880263E-01   6.4840838466776871E-01   2.4718098735327731E-02
   7.5841601671154981E-01  -3.3679348633280570E-01  -5.5801011922650687E-01   2.6406551646239040E-02
   3.5432296078364569E-01  -2.9446316845891509E-01  -8.8755094607726476E-01   2.3327445044682688E-02
   1.3889300432680182E-02   2.9415620371357178E-01   9.5565643154342367E-01   2.5568293956757059E-02
   8.3604927987928583E-01   4.4667758243411164E-01  -3.1859180617860394E-01   2.2694087556315118E-02
   3.5874507152958923E-01   4.9764345270328300E-01   7.8971701744028868E-01   2.4452698912657746E-02
  -7.2800307359875739E-01  -6.4025119534944598E-01   2.4513247782447700E-01   2.3373726980923499E-02
  -2.5039492052394605E-01   2.3248104928130883E-01  -9.3981644245079500E-01   1.7914287603670908E-02
  -3.1887626935028952E-01   6.0088759117278360E-01  -7.3297477966149102E-01   2.5589940222997533E-02
   5.4086568842639000E-01   8.4083936627233448E-01   2.1294769540568294E-02   2.4139374812474518E-02
  -1.2943210554629280E-01  -7.6933118519217655E-03  -9.9155844154875829E-01   2.4424064313441293E-02
  -5.5895447524355681E-01  -5.7994644390085836E-01  -5.9264830786221658E-01   2.3033572033037326E-02
   1.7203277041594784E-01   9.4318866939653887E-01  -2.8425316150396717E-01   2.3986259605510791E-02
   8.1831817765262986E-01  -2.5844507325330488E-01   5.1338241519784508E-01   2.2810882562495917E-02
  -8.8765696824587667E-01  -4.5480722404503568E-01   7.2218388800827524E-02   1.7095849829834235E-02
   6.1559984762662907E-01  -7.1077789730392479E-01   3.4034043002012310E-01   2.7019982732182956E-02
   7.0780075197983904E-01  -5.5418527660627869E-01   4.3806024093678788E-01   2.2777321861010553E-02
  -5.0842178898429963E-01   9.6188736136495265E-02  -8.5571900266762099E-01   1.8315049164358542E-02
   8.6539231779410492E-01  -3.3559904893580974E-01   3.7211478693586883E-01   2.4416484187177727E-02
   2.1513279125680107E-01   9.6843033875901358E-01  -1.2593871961061020E-01   2.1594187160118925E-02
  -3.9131901012551079E-01  -9.0966247947579308E-01   1.3922501839950529E-01   2.3905642695217528E-02
   3.0138105833048816E-01  -9.4312363092257420E-01  -1.4031134834722021E-01   2.4085331250127390E-02
   4.5023843803329928E-01  -4.5302314182046927E-01   7.6945135121880570E-01   2.2452572934308427E-02
   6.5880843106247315E-01   1.1308157922698787E-01   7.4376340835008347E-01   2.8331725940896003E-02
   7.7411818061999131E-01  -4.9615364997177673E-02  -6.3109377907708088E-01   1.9831187223034266E-02
  -5.2367076812462247E-01  -8.5003406416619036E-01   5.6665830699609784E-02   2.3860771109815428E-02
   5.1597568937362003E-01  -7.0090384098359272E-01  -4.9244582815764035E-01   2.5066705765471808E-02
   2.2304049176295972E-01   6.0867109839858812E-01   7.6142789087896787E-01   2.3617232169699930E-02
  -8.8819088349270920E-01  -1.0339553232533102E-01   4.4768998020460788E-01   2.6059819172894478E-02
  -4.4507436268909188E-01   7.1271161843034400E-01   5.4217244547403780E-01   2.3579225925287525E-02
  -9.8245815331976942E-01   1.7527215046895157E-01  -6.3683987355516959E-02   2.9067043148360976E-02
   3.1546502751982048E-01   3.6297135221040814E-01  -8.7677455134513735E-01   2.2938871375338765E-02
  -3.7935016672228045E-01   9.1729323667595004E-01  -1.2110561075498391E-01   2.3336842703799436E-02
  -5.4170010570137172E-01  -4.6276144296369450E-01  -7.0172134240685748E-01   2.3129441618775876E-02
  -1.6203013606476011E-01   5.2600413551416371E-02   9.8538288573582164E-01   2.1119736118289371E-02
  -8.6300186229882829E-01   7.0772340019519681E-02   5.0021901358996299E-01   2.6346884443392513E-02
  -8.0312895835666502E-01  -4.9052561955734299E-01  -3.3818411081365589E-01   2.2425175609531202E-02
   5.9290036245546176E-01  -6.2835758852581964E-01   5.0362277663167578E-01   2.4505814482001628E-02
  -2.5651236726237787E-01  -9.6593481798462157E-01   3.4224740268800921E-02   2.3085218162514578E-02
   1.9109738630691857E-01  -7.2276645342806142E-01   6.6414640159055764E-01   2.5787230512789873E-02
   9.9244456959132314E-01   1.2131892001501154E-01   1.8316548121425155E-02   2.4593414509083455E-02
   2.7534512844174745E-01   9.6105252592133361E-01   2.3729784314696353E-02   2.3668801403292487E-02
   8.2630644895706328E-01  -3.7295667997003127E-01  -4.2204379781925451E-01   2.2725743502563955E-02
  -1.2213085674104942E-01   1.6070848898843732E-01  -9.7941657909122135E-01   2.4826273655827071E-02
   7.8949936908135072E-01   4.4070363533523195E-01   4.2716630487722220E-01   2.5266987462784382E-02
   7.7826705001333360E-01   1.5094457622241104E-01   6.0952123324177964E-01   2.4660075706836672E-02
  -6.4072642942605178E-02   7.3538682341184902E-01  -6.7461167821093894E-01   2.4733788060980690E-02
   7.4863491419596615E-01   5.1367476734636667E-01  -4.1914675071918958E-01   2.5578284745713131E-02
  -6.6686737077812976E-01  -4.4262763732018655E-01   5.9947367287631063E-01   1.8881571977141298E-02
  -7.9294658377939288E-01   2.2172949611253112E-01  -5.6751365254615082E-01   2.3932220620526059E-02
  -2.4263567110930668E-01  -8.1175423708013330E-01   5.3120898871139887E-01   2.4223393163538307E-02
  -9.6725082560985136E-01   1.1038174165046203E-01   2.2856445801408344E-01   2.6061285952902237E-02
   9.8009578658596367E-01  -1.3317202134546588E-01   1.4723267927740719E-01   2.3958652434976523E-02
   9.5138842808854775E-01  -2.8785822497822174E-01   1.0953401851292405E-01   2.4163823480261381E-02
  -4.3073576582718686E-01  -8.2871262737708999E-01  -3.5735427976033431E-01   2.8568746479929130E-02
   3.0561470410106790E-01   2.0649977170701934E-01  -9.2949313979295489E-01   2.5243400220943965E-02
   3.9011854622921173E-01  -8.8386607367241438E-01  -2.5804705714058560E-01   2.2990634005885519E-02
   1.6575533096837609E-01  -8.9832288027874351E-01   4.0686751286292981E-01   2.2398909791768604E-02
   7.6868372776723532E-01   2.2384530506063797E-01  -5.9918161359322166E-01   2.1466545418183629E-02
  -2.6942019177223555E-01  -5.3926641928279472E-01  -7.9787498350263170E-01   2.3159823000545811E-02
   8.5946968819310818E-01   4.2584828372206215E-01   2.8278100064929340E-01   2.4113841168935867E-02
  -7.8983130622924599E-01   5.6825063666895534E-01  -2.3077634546358942E-01   2.4141434353096800E-02
  -1.7386056841380213E-01   7.6144190940206168E-01   6.2448276305833472E-01   2.4873127516801796E-02
  -7.8079219019851198E-01   4.0594785316422585E-01   4.7494199249631190E-01   2.4559587794240615E-02
  -2.7435730689884403E-01   8.8407319165792195E-01   3.7834198807823189E-01   2.3410392666450565E-02
   9.6599428679406926E-01   2.3423504737336102E-01  -1.0949420287493263E-01   2.2128091759288368E-02
   5.5885601188818228E-01  -1.5190192773234080E-01   8.1523356305272081E-01   2.1206918886788703E-02
   6.0595702399270203E-01  -7.9008294731598560E-01  -9.2655390746537413E-02   2.3277957255734058E-02
   4.5699759252602616E-01  -8.2573329669255564E-01   3.3063230809867958E-01   2.3361330251294694E-02
  -6.5290114879521787E-01   6.8428904941907999E-01   3.2475927507465698E-01   2.3573231603781064E-02
  -9.8828576360525133E-01  -3.5472520680511578E-02   1.4843500170699595E-01   2.6321676074909854E-02
  -4.8177017894423226E-03  -8.9985489425392390E-01  -4.3616276667859601E-01   1.9577362925067713E-02
   8.7543767828652345E-01  -2.3066656275290942E-01  -4.2473734032229772E-01   2.0560409433930204E-02
  -2.0009066159105421E-01   6.2962157089774066E-01   7.5069328264232906E-01   2.2926752129500371E-02
  -2.8732621316598008E-01  -7.6393008507388824E-02  -9.5478152238032336E-01   2.2697910657157192E-02
   8.4638855352403314E-01  -1.1364612577806196E-01   5.2029892807801534E-01   2.4262211842768039E-02
   9.8212996872136884E-01  -1.8597518833948063E-01  -2.8878259321808084E-02   2.6404714765865868E-02
   9.5900504976780727E-01  -9.5814962599906614E-03  -2.8322695749039406E-01   2.3667047313082476E-02
  -6.3613324808277500E-01  -3.1713050244885288E-01  -7.0339372694117532E-01   2.3227413764082447E-02
  -7.7751510718967198E-01   6.2075984858031745E-01   1.0063532422750085E-01   2.4612326821336987E-02
  -5.2605490869178304E-01  -7.0038604316699482E-01  -4.8241644206863458E-01   2.5433885429737732E-02
   3.1465088184756915E-01   3.5925684424078814E-01   8.7859509583123500E-01   2.4570520570718645E-02
   2.8550627364994296E-01   8.0787281218642768E-01   5.1558480101387456E-01   2.4487532750079283E-02
  -1.3563173534148118E-01  -4.7928001617492119E-01  -8.6711861845057018E-01   2.4238881039875721E-02
   1.2320252475192363E-01   9.8260128818220486E-01   1.3898146048096961E-01   2.2240806167357645E-02
   3.4978005428835068E-01  -2.2390399763829678E-01   9.0968176493960122E-01   2.4687675886837676E-02
  -7.1936571454229047E-01  -1.8528678452572144E-01   6.6946379754336140E-01   2.3284684241764321E-02
  -6.7960193055632389E-01  -6.1303456442514656E-01   4.0290177314599686E-01   2.3894130543957698E-02
  -6.7411581212962303E-01   7.2068184489148103E-01   1.6181949907421588E-01   2.2682981868392326E-02
  -6.0895781004216109E-01  -7.3224014739280587E-01   3.0495040930422967E-01   2.3871702536159453E-02
   4.8401255628971044E-01   5.0689263172305647E-01   7.1329636565650167E-01   2.2932741150281934E-02
  -1.1085340222369137E-01  -9.5729000365893384E-01   2.6703440248423198E-01   1.8996044199257038E-02
   5.4654604492490257E-01  -8.1219757776383456E-01   2.0401596861889563E-01   2.3324801655320159E-02
  -7.4582007218638226E-01  -6.6231569472071258E-01   7.1346621857796082E-02   2.4968126554487537E-02
  -9.3209290288235937E-01   6.6884334601650818E-02  -3.5599059844500242E-01   2.7720728490094264E-02
   6.6021185015848846E-01   6.6735738296298663E-01   3.4460765562462372E-01   2.3832552800595174E-02
   6.7294127804089720E-01  -7.1153146683080397E-01   2.0217073976787145E-01   2.0671064250737889E-02
   1.1309438370028581E-01   9.9347214881620491E-01  -1.4924808272295964E-02   2.5262455609658935E-02
   9.3831934778017611E-01   1.4043877720483354E-01   3.1596479461895121E-01   2.8222574227711497E-02
  -4.4594498512844724E-01  -4.3205537644989808E-01   7.8387576944278976E-01   2.5277227302303804E-02
  -4.3731494279733365E-01  -1.6134343591197528E-01  -8.8471686798335831E-01   2.7442218506973015E-02
  -9.1491232518890832E-01   3.8275103725484619E-01   1.2820717880744669E-01   2.2876596676078388E-02
   2.5782474317432142E-02   3.9149261544098319E-01  -9.1981998025333702E-01   2.2105486821050570E-02
   4.1531400595922276E-01   8.0592905716924363E-01   4.2189172931499454E-01   2.4823109118847606E-02
   6.1205450810835433E-01  -1.7981172580889126E-01  -7.7010195582524554E-01   2.4888676191786847E-02
   3.1650726537398607E-01   9.1851786117957772E-01  -2.3695588125128925E-01   2.5123129414868414E-02
  -7.1299317538532767E-01   5.6747635814204784E-01   4.1183894279655657E-01   2.3970229116052128E-02
  -2.6085158831516519E-01  -7.7413414208320983E-01  -5.7677792861251910E-01   2.6437563829960146E-02
  -3.9787655731291341E-03  -6.9946792980051206E-01  -7.1465291198252316E-01   2.5470721646449843E-02
   5.5946852385075711E-01   8.1844425396818678E-01  -1.3093499901368230E-01   2.4327256430457011E-02
   8.4287289488314023E-01   5.5914137203000882E-02  -5.3519986204422620E-01   2.6842035838701638E-02
   5.3968449769266966E-01  -4.4183359567085158E-01  -7.1660569121852297E-01   2.2649821287713716E-02
   6.4848754556451551E-01   6.7579676928398724E-01  -3.5037498465649026E-01   2.4363865357312262E-02
   5.9816887370942080E-01   5.1672473667343918E-01   6.1252717901736231E-01   1.9476037568140288E-02
   1.4023697408937618E-01  -4.9131618270750472E-01  -8.5961735656510658E-01   2.4559140655698836E-02
  -9.9195074678285148E-01   1.0138833667121258E-01   7.5855923591950924E-02   2.1051545097966997E-02
   2.6133337455189291E-01  -4.0926441869006593E-01  -8.7418962641957858E-01   2.1272431981399075E-02
   8.7119421034165647E-01   1.6757723626068417E-01   4.6145261701978519E-01   2.2414555622469247E-02
  -6.0483583809187315E-02   5.7741702185386643E-01   8.1420594382687276E-01   2.3731882453017831E-02
  -9.2441220690624668E-01   2.8593289571168281E-01   2.5239740662822685E-01   2.8039413290404532E-02
  -4.1686606400854708E-02   4.4401660257963824E-01   8.9504831348950979E-01   2.2472447694902579E-02
  -7.9758501440334104E-01   5.9913250052620048E-01  -6.9988510574555808E-02   2.3421521709860102E-02
  -1.6389104699142523E-01   9.7961004820272385E-01   1.1620618820145218E-01   2.3094843117201180E-02
  -6.3628020766013184E-01   6.1319950854774720E-01  -4.6811735714111355E-01   2.8025226098650728E-02
  -3.8028023102321446E-01  -1.7305428753453576E-01   9.0853682339179009E-01   2.5386103339663459E-02
   9.0104104083273011E-01   4.1873409203219784E-01   1.1307874647802453E-01   2.2996191769660878E-02
  -4.3634226692840254E-01   8.8677525859782093E-01   1.5243053116272545E-01   2.2280276290596905E-02
  -5.4919107089191090E-01   7.4907883388595450E-01  -3.7049975475923684E-01   2.5195587822705203E-02
  -1.4168426151592585E-01  -1.6485023731465378E-01  -9.7608911954595054E-01   2.3360340158704544E-02
  -3.0736991423923560E-01   3.5647952846050037E-01  -8.8229591499062500E-01   2.5951096316566557E-02
  -7.0287652277299645E-01   6.9631136768263077E-01  -1.4531026450490500E-01   2.4039238043032296E-02
   6.0834950485991443E-02   5.2207240381066064E-01  -8.5072881341748693E-01   2.0536286591317653E-02
  -5.5483559235184731E-01  -6.9100460296716148E-01   4.6332505235284893E-01   2.2437017973321147E-02
  -2.8494337962666364E-01  -8.5592919206174151E-01  -4.3150027645816120E-01   2.2745621345580433E-02
  -8.1197196670693916E-01  -1.7322554755726173E-01   5.5739970842793962E-01   1.7658838089478871E-02
   1.2957272021727159E-02   6.4192223606641176E-01  -7.6666025848823862E-01   2.1896147872675641E-02
   2.5982664707995191E-01   7.3410254466889259E-01  -6.2736238919610620E-01   2.1528962018699036E-02
   4.0292257971219171E-01   9.1088838176659852E-01   8.9082830672919079E-02   2.4360598231424703E-02
   1.3369472870338467E-02   9.0750322831729075E-02  -9.9578393042924044E-01   2.1687822482095646E-02
  -1.2423937532557380E-01  -8.4692656415573921E-01  -5.1699126931319208E-01   2.3281142435986783E-02
  -6.5335900077174757E-01  -4.6328852568177962E-01  -5.9873680201082226E-01   2.4085143452010777E-02
  -3.3534037218891024E-01   9.0268562159651004E-01  -2.6963958044605633E-01   2.4874127056317298E-02
  -7.2129502629385076E-01   4.7537054577692545E-01  -5.0374232426062945E-01   2.2717278654736907E-02
  -9.0100416094637321E-01  -4.2746991801558067E-01  -7.3898383940886356E-02   2.4347713182572205E-02
  -3.9656698197537277E-01  -9.1767874819685300E-01  -2.4501916553634073E-02   2.3006003391902480E-02
  -2.7189334037580970E-01  -2.3565017816665259E-01  -9.3302894113168264E-01   2.5710644471382888E-02
  -6.7566730281838873E-01   5.0322185273418797E-01   5.3874062667752751E-01   2.0822812174203795E-02
   7.3736125598255064E-01  -6.0936628477956746E-01   2.9149804313199529E-01   2.3763998463777098E-02
   9.7210498538835707E-01   1.6290654115317679E-01   1.6874049968105002E-01   1.9882935857928833E-02
  -4.8136125156120517E-01   7.1957500681280901E-01  -5.0050290215519819E-01   2.2117394483756216E-02
   4.0689525658963194E-01  -5.4436555323820527E-02  -9.1185136486673865E-01   1.9803884018223927E-02
  -6.9480127784916811E-01   2.3516945397164676E-01   6.7966647130621389E-01   2.6123751677015527E-02
  -6.1179812209923865E-01   4.9055144730761686E-01  -6.2053391151511405E-01   2.1928404331226309E-02
  -3.9333375514821442E-01   6.7940036486232351E-01  -6.1943821426026524E-01   2.3135353764644781E-02
   8.9536232923757150E-01  -3.3076241458926700E-01  -2.9819880026141682E-01   2.2089773269172519E-02
  -3.1300860095757858E-01   9.3893234896634165E-02   9.4509770720662782E-01   2.6015809342150326E-02
   3.8468781016447435E-02  -9.9925972961297819E-01  -3.8165548098437911E-04   2.7961984122314214E-02
  -4.0873470427333522E-01   8.2022691094681903E-01  -4.0020464275321483E-01   2.4582414479698395E-02
  -7.8582269553894192E-01  -3.2581602474220918E-02   6.1759301352599766E-01   2.9922873769212742E-02
  -9.9942414079162116E-01  -2.4873915366487882E-03  -3.3840799137624952E-02   2.2522727242876579E-02
  -2.0186987982935971E-01   4.8675534456810982E-01   8.4989280862474672E-01   2.3620162035207803E-02
   6.3922311521995194E-01  -7.6631775119710461E-01   6.4427580807543378E-02   2.2946073917326699E-02
  -1.4248967313504381E-01   3.4739914312273061E-01  -9.2682820868133966E-01   2.7694823981313052E-02
   7.9301168881786665E-01  -5.8013252486556190E-01  -1.8595352911774302E-01   2.2541351971522005E-02
   8.7615504524067269E-01   2.9544949951700377E-01   3.8086996460008087E-01   2.2543557409308365E-02
  -8.5249999269206515E-01  -2.6704334444762567E-01   4.4936801693740484E-01   2.5921283311814806E-02
  -5.1952162852967607E-01  -8.2766200983994817E-01   2.1230373279236212E-01   2.2364781917916261E-02
  -4.0888959669356248E-01   3.0998509680446111E-03  -9.1257859313034064E-01   2.4268610352973780E-02
   5.2882523128087060E-03   9.5247482388417790E-01  -3.0457141076319071E-01   2.2487933615382602E-02
   8.5111480759486664E-01   5.2497555345781456E-01   2.0621746808849890E-03   2.2655377866855035E-02
  -7.4597763448943963E-01  -3.1821893060042905E-01   5.8502485506947419E-01   2.6117952000030295E-02
  -9.8368572931398308E-01  -1.1226728079469685E-01  -1.4056473102091469E-01   2.5318107401445368E-02
   4.5480976899153615E-01  -8.0507997470824328E-01  -3.8078118172204868E-01   2.4077990176636356E-02
  -8.9946711295871182E-01  -3.8797172676381395E-01   2.0108916414770963E-01   2.7354459939974038E-02
   8.8396483602771542E-01  -4.4825266018259739E-01  -1.3295007072476217E-01   2.9032642740521549E-02
  -9.4769324434764765E-01  -8.4869597637548235E-02  -3.0769248611994166E-01   2.2381655154410573E-02
   6.5443473657389610E-01  -4.9236038647714668E-01   5.7384355480699618E-01   2.4884271817411236E-02
  -6.9843778052573348E-01   3.7126549233712813E-01   6.1183870499826777E-01   2.2148274922779935E-02
  -1.2630160297153323E-02   7.8148296146518401E-01   6.2379873355953030E-01   2.2989026416849998E-02
   1.1068247775133934E-01   7.3467182032088658E-01  -6.6933303037069604E-01   2.6342255045172824E-02
   5.4652060001939428E-01   7.7860004170566963E-01   3.0837835334272538E-01   2.6257444804084308E-02
   2.1291815544469878E-01  -8.1859593302698758E-01   5.3344780205161832E-01   2.3514492926353001E-02
   1.4060937990273522E-01  -1.5698101449917578E-01  -9.7754077325203052E-01   1.6965282148898843E-02
   1.3805748086825566E-01  -9.8354801691497879E-01   1.1650506597965457E-01   1.7877954327329179E-02
  -8.6774251289654653E-02  -8.4757748235744188E-01   5.2352902566499617E-01   2.2732473217246575E-02
   9.1007795259193677E-02   8.9944313964317323E-01  -4.2745715545641740E-01   2.5450259895841242E-02
  -8.9519557330796111E-01  -3.8049004007951907E-01  -2.3206080007212905E-01   2.6314849595383407E-02
  -4.0532483813750195E-01  -7.5148332621570776E-01   5.2056179845296366E-01   2.3992733295648678E-02
  -3.2277021377457177E-01   6.8586538772280789E-01   6.5223313241797189E-01   2.4084754123230998E-02
  -5.7767822107855160E-01   4.9050699207736121E-01   6.5244981693210668E-01   2.4013757465330001E-02
   9.1195503573437832E-01   3.4606978097996372E-01  -2.2039446338596739E-01   2.3734929257310715E-02
  -1.3402699141074083E-01  -9.6606733671868401E-01  -2.2079553097527622E-01   2.3093277425669889E-02
   4.9583219999528873E-03   8.3063163073049395E-01  -5.5680024162435959E-01   2.2481037958820748E-02
   4.5068439245371276E-01   8.6517350606929177E-01  -2.1990539510070443E-01   1.9132918033907060E-02
   7.2771822587744017E-01  -1.8880885652685076E-01  -6.5937652325724638E-01   2.2010463531553789E-02
   1.6623238105352402E-01  -4.6164502299230116E-01   8.7134991147971874E-01   2.7497235416207321E-02
   5.9901168524779011E-01  -7.1458275253357221E-01  -3.6132601721734056E-01   2.2550466309678918E-02
   2.7229642621367924E-01   9.4344015129237579E-01   1.8914369458344982E-01   2.4992792387910642E-02
  -8.7597227634852465E-01   4.6268372371631443E-01  -1.3636840864653863E-01   2.5288202352364863E-02
   1.3029411566437008E-01  -7.4243891951679410E-01  -6.5712091293001400E-01   1.6371586779630278E-02
   9.2231362921142920E-01   3.8156818942528163E-01  -6.1182400978995117E-02   2.4556351289363678E-02
  -2.5324742833586166E-01  -9.4509110621883998E-01   2.0656364875582950E-01   2.4151786906006980E-02
  -3.4236750435646485E-01   4.1450599108951626E-01   8.4318994023388587E-01   2.2754877506538204E-02
   5.1252389353021037E-01  -3.1098444114120926E-01  -8.0037986976730195E-01   2.4151569344460721E-02
   8.8135753642724932E-01   3.0147381336558813E-01  -3.6376150543687342E-01   2.3203234609723177E-02
  -3.3277060335379786E-01   5.5642697474909796E-01   7.6134929389546037E-01   2.5158704102350792E-02
  -7.8686071254032672E-01  -5.1957266437050728E-01   3.3300820635453027E-01   2.1933236606215067E-02
  -2.5212758383292870E-01   8.7313050862573788E-01  -4.1722271795472707E-01   2.2715303614625170E-02
  -5.9792422339636992E-01   7.6889594497493174E-01  -2.2646334996408277E-01   1.9834516506966933E-02
  -8.8462382331830795E-01  -7.3684477787647777E-02  -4.6044683618291983E-01   2.2900881529886096E-02
   3.1301570045146460E-01  -5.1056556563662658E-01   8.0083954351482340E-01   2.2699007749939035E-02
  -5.3386057694805133E-01  -8.0861762797112817E-01  -2.4724565944630811E-01   2.0112228446641524E-02
  -1.1866853132522103E-01  -9.8703028316374226E-01   1.0811567782157078E-01   2.5207731384362217E-02
   9.4387113658277943E-01  -2.8645452315781039E-01  -1.6447213651060632E-01   2.3218284723527209E-02
  -5.2516846607374674E-01   6.0934971974161662E-01  -5.9404629558020243E-01   2.2240724635270976E-02
  -7.6053870336062008E-01   5.9110209808156985E-01   2.6866185128170454E-01   2.2873982585212617E-02
  -2.7061702913824490E-01   8.2792209807997743E-02  -9.5912036446709798E-01   2.4670405409029352E-02
   1.9306468891658166E-01   4.5562239595921649E-01  -8.6898461332403726E-01   2.4351674781523739E-02
  -9.5491533289920180E-01  -2.7517988383084572E-01  -1.1141247025736789E-01   2.2450723391691993E-02
   1.4527816385785740E-01  -9.7545998416222943E-01  -1.6544507972228341E-01   2.2446208056757699E-02
  -5.1774147377699719E-01  -3.0558328450231568E-01  -7.9910113412758940E-01   2.5821240975229926E-02
   9.8973411942843689E-01   1.6376644323124898E-02   1.4197949978757717E-01   2.2713770172738723E-02
  -3.3180748105906237E-01  -8.4428094852072028E-01   4.2082475625632191E-01   1.8939953645875466E-02
  -7.1134877069774926E-01   3.6368218706440398E-01  -6.0143012332178109E-01   2.4052656368036582E-02
   1.4336525797784172E-01  -8.9993346909266627E-01  -4.1178411092681290E-01   2.3749383988655625E-02
   5.1101116413225531E-01   6.2969158623935070E-01   5.8511203743519715E-01   2.4383101409383343E-02
   2.8450835178963384E-01  -9.4726320729372819E-01   1.4747004397349796E-01   2.4311154445468372E-02
  -8.6529175546927916E-01   3.1081821121149513E-01   3.9327117552164896E-01   1.7087830650048947E-02
   2.5913149627157294E-01   8.7761846665040259E-01  -4.0328240060068551E-01   2.3617036419325372E-02
   4.0586302211311098E-01  -4.3865322149332799E-01  -8.0178460857934759E-01   2.5137861508140559E-02
   2.0170627049068388E-01  -8.1158803911955335E-01  -5.4830596860039495E-01   2.6191387636763465E-02
   8.9387725782409575E-01  -4.4452107899597006E-01   5.8176097094369580E-02   2.3854645449901497E-02
   5.5490743603647221E-01   7.0068423805581137E-01   4.4846330504465541E-01   2.2765457582525803E-02
  -1.7714532557199815E-01   9.3571296390877360E-01  -3.0505865468963300E-01   2.3331760078263088E-02
   5.1362628339662013E-01   8.4072277547657598E-01   1.7138627657761265E-01   1.8729514675243748E-02
  -4.8456740378473943E-01   5.0902929088034207E-01  -7.1139553851227752E-01   2.7299792236213198E-02
   6.8725849955232671E-01   3.5472085023036963E-01  -6.3391550951599864E-01   2.4364644886371489E-02
   8.8679378263328541E-01  -4.0718975784757462E-01   2.1861676099279985E-01   2.2810364927777646E-02
   7.4525297868282898E-01  -1.6861077965127275E-01   6.4511115534438001E-01   2.6317790947344494E-02
  -1.4976954149281245E-02   9.9741959832267887E-01   7.0212788907979719E-02   2.1855055282554913E-02
  -7.8005438274141365E-01   1.2628429472268856E-01   6.1283557082818331E-01   1.6262251606058861E-02
   5.9642005776387154E-01   3.9142447193215538E-01   7.0076386712613363E-01   2.5015220139401672E-02
   4.0656030955504469E-01   7.2561963757218697E-01   5.5514399597231909E-01   2.2520155264540449E-02
  -4.6627547000597244E-01   4.6695891030602298E-01   7.5135648140980393E-01   2.2296757276608678E-02
   2.7542423507985365E-01  -6.8590829635995964E-01  -6.7355125990176523E-01   2.9566622853395298E-02
   5.7029528151472907E-02   9.8617119648917821E-01  -1.5560849634233693E-01   2.3945439751524881E-02
  -2.5951986422731918E-01  -7.1068237569511598E-02   9.6311927905124878E-01   2.4670608623365857E-02
  -4.1342371036630414E-01  -4.4072193604517027E-01  -7.9677161771460900E-01   2.3712210621221032E-02
  -9.0019545475586131E-01   2.8858301728993399E-01  -3.2614105133933328E-01   2.3312161254413825E-02
   5.3019302086809254E-01  -8.1425089077377759E-01  -2.3641245207661159E-01   2.4788540073547129E-02
   1.9377708413852497E-02  -4.0967929062460752E-01  -9.1202378436636504E-01   2.4727091440911781E-02
   5.3847902943516707E-01  -3.7326174947807460E-02  -8.4181179103308245E-01   2.1754360503290950E-02
   7.7251981176211970E-01  -4.0244384556452565E-01   4.9117419680013263E-01   2.4287313539866883E-02
  -2.3020350893163157E-02   9.7320062789541630E-01   2.2880253781093173E-01   2.3772907715529019E-02
   2.7015781518242625E-01  -5.4592973088201555E-01  -7.9307974620144472E-01   2.1461151014819943E-02
   3.7450821978496233E-01  -9.2705302107568048E-01   1.7784527768603643E-02   2.2650076324076731E-02
  -6.1933645573103977E-01  -5.7098428157157403E-01   5.3888709838027040E-01   2.4510838911753975E-02
  -9.8066941163040297E-01   3.9653166490280732E-02  -1.9161192937751339E-01   2.3507344909194589E-02
  -1.6202830745545124E-01   9.4249719386518950E-01   2.9231125044952541E-01   2.4586724808092652E-02
   2.0554851255341959E-01  -6.0130027550575881E-01   7.7213197554807644E-01   2.2703093810636523E-02
   7.9604847942130714E-01   3.5143782133596741E-01  -4.9274565055985348E-01   2.7567937602465240E-02
  -1.8812903045129285E-01   2.0794074754780549E-01   9.5987921813669672E-01   2.1052409711458235E-02
   2.9771855070934742E-01  -8.5834035815431501E-01  -4.1787018812909817E-01   2.2691991293957456E-02
  -8.1513274118608727E-01   2.4530861632836318E-01   5.2476880338061180E-01   2.9517361547730139E-02
   8.5374405948814917E-02   5.3918859452481502E-01   8.3784656730408677E-01   2.5313037178237238E-02
  -5.6806115450339405E-01   8.1927467557731254E-01   7.8073879767566491E-02   2.4388742956757809E-02
  -8.4607507270962827E-02   4.9800359644129690E-01  -8.6303765134837995E-01   2.4453185659879372E-02
  -6.0770563470560103E-01  -1.8091824659720487E-01  -7.7328031760497797E-01   2.2119655065130050E-02
  -5.9210091877861517E-01   3.5767884291875278E-01  -7.2213734656907337E-01   2.3903504264023753E-02
  -3.8740242359583891E-01  -3.0752444437078567E-01  -8.6910763332656895E-01   1.8415053747677953E-02
  -9.3952459594661910E-01  -2.3130316747221173E-01  -2.5257153111279984E-01   2.1627360654216847E-02
  -8.0035078442119687E-01  -5.8465719830560587E-02  -5.9667443508254081E-01   2.2672153393614276E-02
   3.7254627933630946E-01   6.2838248830390082E-01   6.8289436821932447E-01   2.4455944335365811E-02
   2.9259516395367333E-01  -9.0422708622487064E-01   3.1106501984023076E-01   2.4929092696163803E-02
   5.4857414648522944E-01   2.7783366175699844E-04   8.3610186497606768E-01   2.1303167322548808E-02
   6.6906903064177498E-01   2.0724935799269719E-01  -7.1371866715652760E-01   2.1648452785782881E-02
   8.5888782664700720E-01   1.9742034412578725E-01  -4.7258534569200953E-01   2.2167382316631933E-02
   7.9466622155221458E-01   3.0195438013259283E-01   5.2662049774260424E-01   2.4779607055653625E-02
   6.3499215193148215E-01   7.5951809517589294E-01   1.4112841700312754E-01   2.7303698329730461E-02
   8.2231369390853039E-01  -1.6132602794113024E-01  -5.4568681633263373E-01   2.6063966442328214E-02
  -3.6645018017843185E-01  -8.8527960839661172E-01   2.8634643424414552E-01   2.2469142790433025E-02
   6.7400938585337932E-01   7.0939202383430135E-01  -2.0609295063593133E-01   2.2216757295846911E-02
   9.4030276308599969E-01  -3.3884647413381578E-01  -3.1839923051345482E-02   1.8157720473731568E-02
  -1.1870609541667340E-01  -3.2305564488700628E-01  -9.3890569985359455E-01   2.3017630939915521E-02
  -6.9386935047234672E-01   7.2006061921442174E-01   7.6176854507860456E-03   2.3574472955637131E-02
   1.9328158407941629E-01   2.5625139045987754E-01   9.4708893676524947E-01   2.5638931744705213E-02
   5.8312971714372174E-01  -4.1143503911125440E-01   7.0048621797677332E-01   2.4101965379700698E-02
   6.6334139747231413E-01   7.4686214887898758E-01  -4.6638192196293388E-02   2.3192936563350925E-02
  -1.9166973510578841E-01  -9.0351924725287027E-01   3.8329581590213503E-01   2.8718162710989680E-02
  -4.2032987527016132E-01  -6.7595445122346493E-01  -6.0531675660480024E-01   2.3692790128881489E-02
   7.7191855051419917E-01   6.2766888153279722E-01  -1.0086390101233002E-01   2.6832036357850803E-02
  -8.5096323521332770E-01  -3.8629180170692878E-01   3.5586544683248138E-01   2.0867372896708871E-02
   9.1538078613430737E-01   7.9513965485899813E-02  -3.9465877117941321E-01   2.2223753105272048E-02
  -2.7860201942278273E-01  -6.6340595728621014E-01  -6.9445910650715392E-01   2.3306032995624605E-02
  -4.7549267639006780E-01  -7.9840230702643610E-01   3.6940556416258103E-01   2.5200034517340412E-02
   1.6806106313563966E-01   8.2275708696574856E-01  -5.4297905567835123E-01   2.4185661253143484E-02
  -6.4957519299050714E-01  -7.5996296154564069E-01  -2.2546967204579462E-02   2.3529058745657982E-02
  -8.6943855475407243E-03  -9.2355173298228905E-01   3.8337527850053326E-01   2.8783784842527762E-02
   2.1590445584300868E-01  -9.7633836070005433E-01  -1.2193087085110121E-02   2.5747910301858087E-02
   1.4236181414534230E-01  -9.5318826158853617E-01   2.6676816122444475E-01   2.4786789681941057E-02
  -3.9505360456189375E-01  -7.7464769530742572E-01  -4.9381534775414657E-01   1.8279242943942353E-02
   4.1623506868633466E-01  -8.8914441631138618E-01   1.9018563178633296E-01   2.3317434289657104E-02
  -8.9556123341124251E-01  -2.1688002840925033E-01  -3.8850113318771253E-01   2.2734509873595283E-02
   4.3739830041455061E-01   1.0097590592105754E-01  -8.9358077039397194E-01   2.6231701451838733E-02
  -7.4661912063807225E-01   8.8862262319430556E-02  -6.5929006289576701E-01   2.3585607385999463E-02
  -5.5917170823737176E-01   7.9207209627499288E-01   2.4484443021934980E-01   2.4921744087579602E-02
   1.3604078936541306E-01   9.4677524565000155E-01   2.9173539012813428E-01   2.5168869691916064E-02
   9.0061606027707661E-01  -8.0461402180002661E-02  -4.2710265127978876E-01   2.4871747304385753E-02
   9.8639721376339846E-01   8.0958875635173779E-02  -1.4306011720844136E-01   2.4730736201907732E-02
   1.9214216225251476E-01  -1.8108613763575469E-01   9.6451500778427128E-01   2.3517332861624855E-02
   4.6740262775585179E-01  -1.8313616188404788E-01  -8.6486757933067668E-01   2.4082324849898419E-02
   4.0601981786432368E-01   8.7322301508159174E-01   2.6949855924148402E-01   2.4158399994919821E-02
  -6.5354283809295203E-01  -7.3316205116593655E-01  -1.8802969315394316E-01   2.4976512791235672E-02
  -8.1916104893842813E-01   3.4784354437912856E-01  -4.5604829189007975E-01   2.6490379269798136E-02
  -8.3973904645631751E-01  -3.6194563499111849E-01  -4.0476374734838929E-01   2.5345863101853227E-02
  -1.6672914651873824E-01   3.5013171620171630E-01   9.2174246566531472E-01   2.7361149787136342E-02
  -6.4214036910729532E-01  -7.5333513329455650E-01   1.4192224387607199E-01   2.4328815624742796E-02
  -2.7662066678910419E-01  -9.1893847020847800E-01  -2.8112825307331439E-01   2.2003182885966658E-02
  -1.5169686489347331E-01   8.1447487368103068E-01  -5.6001673307478991E-01   2.4648999390733945E-02
  -4.1649774873301064E-01   8.5957004772154359E-01   2.9608944317607326E-01   2.3979615009312023E-02
  -4.1123755140850386E-01  -8.8918511510789226E-01  -2.0058291896894568E-01   2.2842418596344153E-02
   6.6538310751751437E-01  -5.9493647713773301E-02   7.4412756037660994E-01   2.4326488450019931E-02
   6.5014898547381205E-01  -4.6354942584912963E-01  -6.0202012132678355E-01   2.3532145933540431E-02
   6.7861120287901099E-01   4.8141435924677091E-01  -5.5473151166859331E-01   2.2479660404811219E-02
   3.5087601208673078E-01  -8.2273145750017953E-01   4.4721244725716484E-01   2.6255408264097730E-02
   8.5483741675934137E-01   4.9567883473834601E-01  -1.5347795835445414E-01   2.3788315334779555E-02
   9.8365782959847010E-01  -9.1169250956504299E-02  -1.5525927331292344E-01   2.2023975224801768E-02
  -1.4657653517082227E-01   6.2529204116727719E-01  -7.6650191297228786E-01   2.5060646453073269E-02
   4.9895105960081966E-01  -7.4157423643247577E-01   4.4845901929029121E-01   2.2573556905703360E-02
  -6.0176379750723594E-01  -7.2000109105149645E-01  -3.4565699890834711E-01   2.2231563255671114E-02
   5.1379925150040275E-01  -5.4612375498796152E-01   6.6163371543133662E-01   2.3829164226815526E-02
   3.6203784910881466E-01  -6.2550909453143086E-01   6.9113455164036805E-01   2.7426083745754099E-02
  -6.5472892177869841E-01  -6.1049962898349372E-01  -4.4566830939334192E-01   2.6297824096442341E-02
   6.6839399544134909E-01  -7.0908337987462903E-01  -2.2461128031228128E-01   2.3934156269829078E-02
  -7.4972664624374321E-01   5.4369230598237034E-01  -3.7723816393318641E-01   2.1368665322735926E-02
   8.2391155456891667E-01   5.4508050337591607E-01   1.5510317561961475E-01   2.5284997118961638E-02
   1.5588537604222649E-01   8.8721382330801148E-01   4.3422503528395735E-01   2.3600356557278607E-02
  -4.7570031076996981E-01   8.4938468804038862E-01  -2.2859323274297884E-01   2.3852355208743647E-02
  -5.4651640731308424E-01   2.3299342474213031E-01  -8.0438416230339360E-01   2.4074307851174068E-02
  -3.0533650876370872E-01   9.5194947123473241E-01   2.3702755787104949E-02   2.8505617838335606E-02
   7.0226936756254545E-01   2.7691264120550718E-01   6.5584840056517066E-01   2.3376698788532142E-02
  -8.6753530572168049E-01   4.9664318824941569E-01   2.6982158769191033E-02   2.2956741095376607E-02
   2.5798074391990457E-01   1.1255875980861853E-01   9.5957097775874728E-01   2.5721933593903445E-02
  -7.3105604066519571E-01  -6.1843838137535325E-01  -2.8825515407145957E-01   2.6491365753082329E-02
  -9.4932691315428350E-01  -3.1037086562437505E-01   4.9480680396856113E-02   2.5209758020876447E-02
   7.5993389006136276E-01  -2.9625938817707741E-03   6.4999361979460701E-01   2.1372691520211173E-02
   5.1385158242934689E-01  -8.5678124566193591E-01   4.3387190699992830E-02   2.5032375271274291E-02
  -1.3289845950121756E-01  -7.4745346698638766E-01  -6.5088502375783097E-01   2.1851579352982346E-02
   3.5246418361711802E-02  -1.5699378237910421E-01   9.8697043637941543E-01   2.2467939138860182E-02
   6.6814139633117628E-01   5.6847155601435428E-01   4.8002829553188304E-01   2.7927792038070951E-02
   3.4804421350293339E-01   7.9326916399136182E-01  -4.9958909006059215E-01   2.4337225773037580E-02
   4.4478884924524217E-01   2.5104257732250778E-01  -8.5973280963236824E-01   2.1411972184104097E-02
   2.3968860421619915E-01  -9.2673100406252313E-01  -2.8934239080742711E-01   2.3717154832401687E-02
  -1.3068611773170382E-01  -6.2519023461956226E-01  -7.6945325340045958E-01   2.5339638022752852E-02
  -8.8460106608631061E-02   9.7885250132755192E-01  -1.8445213521015311E-01   2.2403298878581523E-02
  -8.2576485253649813E-01  -2.2638400416244017E-01  -5.1658754434728262E-01   2.3720507318264245E-02
   5.1526618210360375E-01   7.1946794775170612E-01  -4.6568941767912681E-01   2.7680719854097741E-02
  -4.8214426673147166E-02   1.5897756037056747E-01   9.8610420562900067E-01   2.4605532063793957E-02
   3.9837883096197842E-01   9.1364894458743712E-01  -8.0869729167530568E-02   2.7866838957797748E-02
  -9.5510539490394084E-01   1.7895718519024526E-01  -2.3611016601190932E-01   2.2298878291665307E-02
  -1.9229860525678974E-01  -3.8441873307066547E-01   9.0290834755286084E-01   2.4870501293468318E-02
   3.5768766061833270E-01  -3.7485516813624970E-01   8.5530295238759030E-01   2.1807385351961081E-02
  -3.9661479739149637E-01   1.9708250251670826E-01  -8.9657971742163216E-01   2.8783640812340891E-02
   9.4328488209098466E-01  -1.7714118740886231E-01  -2.8077505398801996E-01   2.4966789272139875E-02
  -7.5194202838274692E-01  -6.5047025812691234E-01  -1.0710569193067251E-01   2.3334081882781307E-02
  -9.1145319874728709E-01   1.7045292432187652E-01   3.7443139169073269E-01   2.2801106064641012E-02
  -2.9239052952399884E-01  -4.7957268164800694E-01   8.2735592175412335E-01   2.2387457746397476E-02
   1.3984401913711563E-01  -6.3771377410714240E-03  -9.9015300960296510E-01   2.6619551066441284E-02
  -1.3508880707053030E-01  -5.2791709763260339E-01   8.3848348357700484E-01   2.4915964256662737E-02
  -3.9538969181700105E-01   8.0922517719353432E-01   4.3453607928565594E-01   2.0497423232689904E-02
   7.0616053633095008E-01  -3.3278668307340639E-01   6.2497225578243478E-01   2.4131276378458372E-02
   5.3731023961075417E-01  -5.7471320053240271E-01  -6.1725395384982038E-01   2.4719953891265031E-02
  -7.5743307346327455E-01  -4.5026975556262716E-01   4.7281316230573535E-01   2.7805574647326305E-02
   2.9255672690751834E-01   3.1927644680288316E-02  -9.5571501350890635E-01   2.2974541901762774E-02
  -9.1621651182272181E-01  -2.6092292969262564E-01   3.0408309427526796E-01   2.1419269256694435E-02
  -6.0974362994774642E-01  -2.1037952389865632E-01   7.6416828098418241E-01   2.1450542069678832E-02
  -6.9071013522389552E-01  -5.3219964261759162E-02  -7.2117067640258714E-01   2.4441724073358237E-02
   8.1091041630304356E-02  -3.1522487902214701E-01   9.4554614832528667E-01   2.4245815750561225E-02
  -4.6031971721293460E-01   3.5972818079287209E-01  -8.1160421012243073E-01   2.3031066250882532E-02
   8.7037605671106668E-02   6.8623631003803637E-01   7.2215246450069034E-01   2.6384450863729758E-02
  -6.3233525472494243E-01   9.7802247811419356E-02  -7.6849648402252039E-01   2.4121940747247614E-02
   6.3701800631525031E-01   6.0539316063568806E-01  -4.7718673565562959E-01   1.9571695725565430E-02
  -5.7130835064201175E-01   8.1626064107434945E-01  -8.5588166936768352E-02   2.6347317702439045E-02
   4.0450370963710566E-01  -5.7050718594737306E-01  -7.1477150172081538E-01   2.3928578753678202E-02
  -7.1981892128638316E-04  -9.8827574726328197E-01  -1.5267786097506728E-01   2.0698455131328143E-02
   3.1059054621187867E-01   6.2351482041132966E-01  -7.1746970760529968E-01   2.4338419422972945E-02
  -6.7721510846710417E-01   6.6811401676906410E-01  -3.0822614662061837E-01   2.2366322495104040E-02
   4.1071435554806221E-01   6.9495779040646761E-02   9.0911168447131593E-01   2.4254709135167602E-02
   1.6675571305407254E-01   1.4500287803996827E-01  -9.7527775403930636E-01   2.2316249234332024E-02
  -3.8612463195387887E-01  -5.6667878620151155E-01   7.2786188378542195E-01   2.3813897410047486E-02
   3.3548499475337263E-02  -5.5616705754076258E-01   8.3039310106081885E-01   2.5135586130161260E-02
  -5.3326066771918565E-01   7.4325791003154986E-01   4.0398111272585603E-01   2.4684841360626177E-02
  -2.1989623903822148E-02   9.2779606616611083E-01   3.7243914408565887E-01   2.2826256808148355E-02
   4.9434685807263667E-01  -2.9030031319005814E-01   8.1935762160088962E-01   2.6796007806931081E-02
   6.3930681697800704E-01  -5.9427057879863181E-01  -4.8798491056567341E-01   2.3708621177067787E-02
  -1.4672258983732985E-01  -9.1780370001231919E-01  -3.6892932910670528E-01   2.5986568606045943E-02
   7.6647491178129856E-01   5.8195530689938426E-01  -2.7174294909250940E-01   2.4308068149508388E-02
  -5.6535807151949679E-01   2.0158070902161293E-01   7.9983465086110108E-01   2.0855290355056430E-02
  -4.5665540033370355E-01   8.8964310299635460E-01   9.9731493641908262E-04   2.1056415648945225E-02
   4.3867440278420746E-01  -1.0050649139968239E-01   8.9300795826713912E-01   2.3973970889669571E-02
   1.3698520208464479E-01   8.0663656211716592E-01   5.7495435563671373E-01   2.2344559290409113E-02
   8.4406680846056811E-01   3.7454559850111723E-02   5.3492838661041819E-01   2.0577842259250944E-02
   4.6221219597958764E-01  -8.8074134314877401E-01  -1.0322098796379044E-01   2.3398009288798742E-02
   9.9928616259012130E-01  -3.5081994630818007E-02  -1.4014953037121012E-02   2.2275020146766415E-02
  -3.5076532095637835E-01  -3.2763280679850730E-01   8.7728013400720570E-01   2.4739261070302811E-02
   2.8223862684004883E-01   8.9259644781842624E-01   3.5158631779603002E-01   2.2303688593614374E-02
   9.2815080159289884E-01   2.9630969776464105E-01   2.2524798004218880E-01   2.4101464450896656E-02
   3.0714172871588054E-01  -5.7204289147081892E-02   9.4994296027950930E-01   2.2175508516426769E-02
   4.6474203496277652E-01   3.4697631888948849E-01   8.1463014618203111E-01   2.7438148183358008E-02
   1.6617475712039874E-01   3.0127379249122867E-01  -9.3894624556144243E-01   2.5536428876409527E-02
  -5.8577217998982531E-01   3.4543940351908100E-01   7.3317294797772589E-01   2.4569184972562068E-02
  -6.0539625634330445E-01  -3.5519918728120551E-01   7.1227025078988326E-01   2.7683780025032418E-02
  -2.4009807569675221E-01   7.1502644174853315E-01  -6.5657452101581608E-01   2.2712325141465412E-02
   1.6052200415323985E-01  -2.8838147377757930E-02   9.8661088958030767E-01   2.5029322596124488E-02
   2.9595059222738754E-02  -8.2086105971329246E-01  -5.7036063426219483E-01   2.9373967838048841E-02
  -5.4015341376441030E-01  -5.0724833237572530E-01   6.7151576221314375E-01   2.3815890302887878E-02
   6.6108046054613875E-02  -8.5418489193013993E-01   5.1574983920999546E-01   2.1834987208498946E-02
  -1.5227998177347117E-02  -4.3419402235435162E-01   9.0069065667589747E-01   2.2002271949529692E-02
  -9.6399920439739954E-01   2.4707014714900572E-01   9.8294843755658476E-02   2.0852851392968494E-02
   3.2982768027526523E-01  -7.4162913995586219E-01   5.8412320626094418E-01   2.1275120446198592E-02
   2.8909180956314720E-01  -1.4406899037167109E-01  -9.4639846346916289E-01   2.7921342840802143E-02
   5.3804606460429829E-01   5.9989792184405219E-01  -5.9213927055297954E-01   2.5145757212619588E-02
   3.3041301810566920E-01   4.9963197981297611E-01  -8.0074660299901907E-01   2.1629067123210581E-02
   8.2285854902943693E-01  -5.6780541117755554E-01  -2.2379082346169871E-02   2.3149124585273446E-02
  -4.1321642082222362E-01  -5.6762248468878793E-01  -7.1207928241074238E-01   2.4625157845318135E-02
  -2.2640688381910907E-01   4.9972349591839684E-01  -8.3607197691730856E-01   2.2023361671425556E-02
   5.9208222115944479E-01   2.5986123015137430E-01   7.6283077051932881E-01   1.9445105344799680E-02
   2.2416364950986804E-01   4.7849807993229847E-01   8.4899366648963923E-01   1.9147288442382707E-02
  -8.2827893880264511E-01  -5.2700369823330124E-01  -1.9031842155815505E-01   2.2404889268578638E-02
  -8.4409735850612683E-01   4.3616610225984437E-01  -3.1186340054971828E-01   2.5603038402282622E-02
  -1.2013314352232498E-01  -9.9115240497410397E-01  -5.6435254420391300E-02   2.2811655454072918E-02
   5.6937454507208826E-01   2.9645402917884835E-01  -7.6676439406611667E-01   2.3270671816660239E-02
  -7.3815419385060323E-02  -6.6187321713362354E-01   7.4597260559768194E-01   2.2274338973738538E-02
   9.5824162100513099E-01   2.8061659037829178E-01   5.5021132103228724E-02   2.4813234771070247E-02
   5.7577857375435268E-01   1.2642749135187869E-01  -8.0777170254712071E-01   2.6263679110175184E-02
   3.6209445835367439E-01  -7.7285545453010797E-01  -5.2113534675036143E-01   2.3907130513344809E-02
   7.2202261998188834E-01  -6.0221952930792621E-01  -3.4060971030584168E-01   2.6701871586297372E-02
  -9.3788129937901238E-01   3.4518804261809621E-01  -3.4984046487261721E-02   2.5400258848751704E-02
  -8.7726847609562721E-01   1.8965529281422037E-01  -4.4094318313860831E-01   2.0537130680057122E-02
   6.3109217078759964E-01  -2.5347201294990440E-01   7.3312659931400574E-01   2.2845234103648093E-02
   1.8888240228812724E-01  -2.9347296887923688E-01  -9.3712168614490636E-01   2.6140163780922494E-02
  -8.3385823512035681E-02   8.9716851801871460E-01  -4.3374584114815792E-01   2.5194564882503427E-02
   8.0705318489592379E-01  -4.8361582714050044E-01   3.3879328282679326E-01   2.3816433259218565E-02
  -5.2968043840270961E-01  -8.4277224172730669E-01  -9.5778816799141672E-02   2.4488306219106670E-02
  -9.3028411662802028E-01   3.1841055837881100E-01  -1.8217074041271795E-01   2.1732092646917267E-02
  -7.4273397701149335E-01  -3.4401694206970185E-01  -5.7445503127895216E-01   2.2036404833734217E-02
  -1.6020467741562958E-01  -7.5045814719906003E-01   6.4120747861882279E-01   2.4293461699523772E-02
  -4.7244092571875180E-01  -6.4071894119167556E-01   6.0520972406615127E-01   2.4307017337064538E-02
   7.3966361910548208E-01   8.6821939739566840E-02  -6.6735274132323709E-01   2.2517681501950090E-02
  -2.7713599538397364E-01  -9.5273377438374815E-01  -1.2447487783095596E-01   2.5829565560562852E-02
  -4.1566036395983081E-01  -1.7822375153355984E-02   9.0934527258719182E-01   1.9981718588850066E-02
  -6.7551006990007556E-02   6.9029229551277939E-01   7.2037032713065958E-01   1.9719639890289052E-02
   9.4639372661219844E-01   1.7882785339821552E-01  -2.6899723619037727E-01   2.7199901517877109E-02
   9.5996846289324295E-01  -4.2366552920123154E-02   2.7688558186379212E-01   2.4846998487535496E-02
   4.0692347171014748E-01   6.8814268072833790E-01  -6.0072700882462202E-01   2.2457798396192285E-02
   5.5085306450873829E-01   7.8016767030697078E-01  -2.9647817378202653E-01   2.3322023697478524E-02
   9.0969099515674649E-01  -1.6980149271255637E-01   3.7898515327558142E-01   2.5237470634695182E-02
  -3.6713940453272342E-01   4.7416056501035148E-01  -8.0023772482208155E-01   1.8910892920068194E-02
  -5.1887015240757072E-01  -1.1319242954798376E-01   8.4732593423874913E-01   2.5209062096651835E-02
  -3.1559904255377939E-01   2.7080317488696277E-01   9.0942997795887432E-01   2.2902375235057124E-02
  -8.2298326794897427E-01  -5.3899912539216590E-01   1.7938362105417278E-01   2.5592250727090846E-02
   7.6856812212943816E-01   5.5395045851699977E-01   3.2006551072434339E-01   2.2332158595709037E-02
   9.3398835588638711E-01  -2.5160510677333802E-01   2.5369395206472793E-01   2.2988905228864742E-02
   7.4504510501063219E-01   6.6444537605207347E-01   5.8481909533758624E-02   2.2663547071565268E-02
  -6.8725448294384650E-01   2.3289004346433372E-01  -6.8807230966575518E-01   2.2234767892000446E-02
   8.2500206250806336E-01  -5.4190963932364351E-01   1.6032947223003088E-01   2.5974631751042847E-02
   4.1452951145862488E-01   8.3117242012576095E-01  -3.7056401896589914E-01   2.4382414520236777E-02
  -5.5454729338087274E-01  -5.1546282205827784E-02  -8.3055420063636162E-01   2.5847982084437384E-02
   7.4192262981534025E-01  -4.8512646962479095E-01  -4.6282082908753832E-01   2.2834731822808573E-02
  -3.1037969150761752E-01   7.8955870170708566E-01  -5.2939730227708716E-01   2.3645601217177518E-02
   8.5499432358813418E-03   2.4998309712362383E-01  -9.6821245066521637E-01   2.5408687694976861E-02
   7.6126147969867119E-02  -6.6797306176102893E-01   7.4028156694386666E-01   1.8927135799126144E-02
   4.6150332790093786E-01   3.9555310864361334E-01  -7.9407330680405898E-01   2.6001320658662345E-02
   6.5982323126019579E-01  -2.2373786247100828E-02  -7.5108768940671843E-01   2.7102780166498101E-02
   8.2705717547496462E-01  -4.7893537118316080E-01  -2.9427425766624800E-01   2.4200476304707563E-02
   4.0328959763433394E-02  -9.5390192286184767E-01  -2.9739653085547095E-01   2.7531699688479243E-02
  -2.9416898024360280E-01   9.3444497241324526E-01   2.0069181496525443E-01   2.5294944864556483E-02
  -2.3154173897836312E-01   9.6214019551797989E-01  -1.4378688145828569E-01   2.0737208233620441E-02
   5.2132841366471227E-01   1.5720700851992310E-01   8.3875064326535770E-01   2.4547814042967806E-02
  -3.2135759562198868E-01  -6.9412140752072124E-01   6.4414654183462562E-01   2.2779011945789777E-02
  -7.2871419966368753E-02  -2.9018290174350749E-01   9.5419266381994525E-01   2.5103132548594966E-02
   1.9301431663696257E-03  -5.5263312794957162E-01  -8.3342240217072980E-01   2.1802825989215897E-02
  -8.3354119912115489E-04  -9.4937653215250605E-02  -9.9548287138004045E-01   2.4358480174214776E-02
   1.5980470065228315E-02  -7.6999298968319207E-01   6.3785219323541877E-01   2.7755991568185587E-02
   1.5926796586512617E-02   8.6461448802599658E-01   5.0218335719738425E-01   2.1370540575339229E-02
   7.0723421267569088E-01   4.2673493653889824E-01   5.6366396226664878E-01   2.2129747471621290E-02
  -2.2655244587760789E-01  -2.3157897585338664E-01   9.4606826773207544E-01   2.2060756919626469E-02
   7.2545790907699228E-01   6.5537783628565549E-01   2.1021587443190643E-01   2.1229909549576189E-02
  -7.3777508628420962E-01  -1.9755691186399825E-01  -6.4549143188200988E-01   2.5807945538176628E-02
   1.2190739334922393E-01   3.9026624784152513E-01   9.1259566251571406E-01   2.3542467710576007E-02
   5.7701786979799463E-01   4.5674742233451262E-01  -6.7707619225945521E-01   2.4069207574397388E-02
  -9.8708723988496380E-01  -1.5880489633832761E-01   2.0971069482909676E-02   2.4514388701956457E-02
   4.1721756660227917E-01  -6.7330989568489876E-01  -6.1039600792539880E-01   1.7783622332047963E-02
   7.4904532379346919E-01  -6.5729670621742162E-01   8.3018930966770501E-02   2.3189348586720592E-02
  -4.9249709017163567E-01  -2.8423963775153410E-01   8.2259008291089212E-01   2.1480987684464483E-02
  -2.6293680145583286E-01  -3.9611219651403741E-01  -8.7974960426987429E-01   2.4415525631612351E-02
  -5.6742481731146456E-01   4.4303858516864353E-02   8.2223247614015395E-01   2.5393665149473401E-02
   3.7795609810644723E-01   2.2433387202348855E-01   8.9823354522479217E-01   2.3470961066763726E-02
  -9.3177492381135813E-01   2.4054332060167160E-02   3.6223870647057743E-01   2.1324260378019475E-02
  -8.3585637489371933E-01   4.4340825669456238E-01   3.2362515113108742E-01   2.7834952617410508E-02
  -8.5051746370120344E-01   6.4947323227475290E-02  -5.2192134382956387E-01   2.4481762990592410E-02
   1.2349232754395844E-02  -9.8148635800118775E-01   1.9113352795347534E-01   2.3845769367497311E-02
  -2.8135633856617427E-01   7.9824992323007784E-01   5.3257456831115312E-01   2.3506448858221635E-02
  -2.2637883165177266E-01  -6.2531527648644624E-01   7.4681552579780881E-01   2.5305440445342886E-02
  -4.4565869409339198E-01   1.4003450071501553E-01   8.8418248511744952E-01   2.4891961987805739E-02
   2.2892794965594709E-01  -3.2535541547553910E-01   9.1746163270572971E-01   2.1295709274816339E-02
  -4.5431690623321960E-01   3.0892469121238725E-01   8.3556070029053373E-01   2.6079455033103533E-02
  -5.8691378410260739E-01   6.2643058982415862E-01   5.1294924326185977E-01   2.6284448157529149E-02
  -7.4074931847033962E-01  -4.7409368832752303E-01  -4.7594707885828313E-01   2.3923470550538787E-02
   6.5323005644358360E-01  -3.2172547285364245E-01  -6.8540733398163524E-01   2.4840679044261859E-02
  -6.5860965064484613E-01  -6.3945256035440101E-02   7.4976285071216741E-01   2.0858570521890498E-02
  -8.2871197862956620E-01  -5.5943997434169334E-01  -1.6228727135392833E-02   2.4720182949802049E-02
   4.6633547942572404E-01  -6.6957942393423586E-01   5.7809568037884258E-01   2.1991915390144800E-02
   1.3356723225768409E-01  -6.3310768544331192E-01  -7.6245291861178818E-01   2.4613042738145201E-02
  -1.2174970671164662E-01   9.9190632921799952E-01  -3.6039464103974827E-02   2.6458733167451118E-02
  -9.6413231452784380E-01  -2.0411057365709575E-01   1.6966954294909298E-01   2.2537137557287643E-02
  -1.1237957944335987E-01  -1.1782397130381625E-01   9.8665512815285723E-01   2.4554337927832841E-02
   7.2486468961274557E-01  -6.8423706989866106E-01  -7.9942566440619682E-02   2.4841556681111920E-02
   2.6921303048988147E-02  -2.6399746607680922E-01  -9.6414759313456173E-01   2.6394691459221277E-02
   2.3761204631139447E-01   7.1914109765585330E-01   6.5297518874000584E-01   2.4317277447420924E-02
  -9.4935080354023035E-01  -1.0884575027179759E-01   2.9476372650868780E-01   2.4633122423882745E-02
  -6.8526775797375547E-01   8.6523481685826730E-02   7.2313331205150888E-01   2.4483099256212605E-02
   4.5005220647542740E-01   5.4555949240813035E-01  -7.0697797114901836E-01   2.2178981632917325E-02
