   0.0000000000000000E+00   0.0000000000000000E+00   1.0000000000000000E+00   2.5287998017533568E-02
   6.2667753424109822E-01   0.0000000000000000E+00   7.7927868447526353E-01   2.2792229336882416E-02
  -8.5045897765771663E-01   5.2541675658486060E-01   2.5627313968434974E-02   2.2451744212530617E-02
   1.8154692704815243E-01  -9.7995624064845365E-01  -8.2015118688708010E-02   2.2423433564381229E-02
   2.5476245582581920E-01   9.6652778145873075E-01  -3.0333789246672000E-02   2.2890488680174039E-02
   2.6614763564071832E-01   6.1660859515709702E-01  -7.4091786077894408E-01   1.9253382494506441E-02
  -6.3351651014256553E-01  -6.6462832709185999E-01  -3.9613888751782528E-01   2.2050909136773158E-02
  -9.9564553132691795E-01  -8.5255998002030093E-02   3.7701336228538067E-02   2.0505931905682914E-02
   5.9004127268771995E-02   9.7741977103456036E-01  -2.0290171057928070E-01   1.9692984064720899E-02
   6.2216949743796279E-01   5.2230666588020477E-01   5.8318167258144946E-01   2.0070242806934781E-02
   7.2914277760542809E-01  -3.6569903070567448E-01  -5.7845918508289875E-01   2.2615611326034885E-02
   2.0108742512092177E-01  -8.6250599444938451E-01  -4.6437835543564691E-01   2.3937768030655783E-02
   4.8470717637148617E-01   8.6975661631968623E-01   9.2641143894659592E-02   2.1036714786236689E-02
   8.0429944441081033E-01   2.7117113078529069E-01   5.2874249077323902E-01   2.1936650975181142E-02
  -2.5032318262246606E-02   8.6834292420167038E-01   4.9533216030388089E-01   2.1358229614349806E-02
   2.3296594351647921E-01  -9.7042588674197300E-01   6.3249249027416531E-02   2.2402679294409622E-02
   5.2262592450472000E-01  -5.9507487810260020E-01  -6.1053094310342883E-01   2.1546797197087625E-02
   5.6953381645133793E-01   8.0371586192804382E-01  -1.7225575521193849E-01   1.8455427963606350E-02
  -2.8775921027301269E-01  -6.7172935178211847E-01  -6.8262311333372460E-01   2.4731679716179755E-02
   3.5367206424454789E-01   7.7416795462349465E-01  -5.2495718778494229E-01   2.0049367272063522E-02
   5.2888849549796654E-01   4.4344148199689783E-01  -7.2362739816447829E-01   2.1824327525887343E-02
   2.7806304732311639E-01  -9.3795074765204589E-01   2.0719395911162670E-01   2.1283861605130711E-02
  -3.9816608637036638E-01   3.8706073089090441E-01  -8.3165362878226218E-01   2.1723551222146997E-02
   6.0239380343773945E-01  -2.1869453128368516E-01  -7.6765513583016131E-01   2.3110463154269407E-02
  -9.4568244910620737E-01  -2.9906990650105864E-01  -1.2744369924768219E-01   2.1224684931102770E-02
  -6.2556878145312344E-01  -7.6920323158616259E-01  -1.3034603250064300E-01   2.2913623316488940E-02
   1.8408403259403691E-01   8.0059854764196352E-01  -5.7022367055173726E-01   2.5489853653567222E-02
   5.1750982387011692E-01   4.8243086171304190E-01   7.0671355290862534E-01   2.7451828899274981E-02
  -1.9442244319842158E-01   9.7448971010227332E-01   1.1211475587782313E-01   2.3652502430618511E-02
  -2.8133885963575506E-01  -3.2557845742384317E-01  -9.0268882463469299E-01   1.9538638019468237E-02
   3.4520370529461592E-03   8.3623293464328458E-01  -5.4836353129841288E-01   2.4473472340484292E-02
   2.5575559999453694E-01   8.6464452217892393E-01  -4.3241059577375642E-01   2.3240992139424569E-02
  -5.1094372699099546E-01  -7.5470268220397791E-01  -4.1153416543790442E-01   2.2280047595072809E-02
   7.8650289921161924E-01  -5.2962315930113117E-01   3.1766727666476164E-01   2.2479606042346080E-02
  -8.7220409565087013E-01  -2.2100746386938672E-01   4.3636649326439993E-01   2.5802001565512480E-02
  -8.7584329807847325E-01   3.0858512386016294E-01   3.7104411940257260E-01   1.7463498061111700E-02
   2.0230287186680069E-01  -3.6333399277894913E-03   9.7931626499074031E-01   1.8132639457604200E-02
   5.2997739331236060E-01   7.8823572668012804E-01  -3.1274334807136310E-01   2.2014638383483799E-02
   6.3788607596381394E-01  -4.9114151414720383E-01  -5.9319589274764812E-01   2.0225421788056294E-02
   7.5120242403130621E-01   6.3919296586219864E-01   1.6470358381582288E-01   2.1472009967606320E-02
  -7.1951729096573320E-01   1.8877209832613626E-01  -6.6832623986708750E-01   2.2984134200967494E-02
  -5.4329381981126978E-02  -8.3540336072067411E-01   5.4694564917380237E-01   2.2552572237882491E-02
  -7.1857305575703120E-01  -6.4121047748186397E-01   2.6926174460454359E-01   2.1813733236892511E-02
   8.3370884542372500E-01   2.9844779472796950E-01  -4.6460571981439393E-01   2.5301860224251870E-02
  -6.2157876214176086E-01   3.2339619535161503E-01  -7.1348072383661245E-01   2.1871684679337954E-02
   3.5682042538915386E-01  -1.7975203099606731E-02   9.3400004073802431E-01   2.1109162187125445E-02
  -5.7309596071681632E-01   8.0771951286259948E-01  -1.3838427783196414E-01   2.1731188849947917E-02
   2.9590080546330632E-01   7.1063600654733729E-01  -6.3830962668960218E-01   2.0719529303435022E-02
  -4.2939341694273798E-01   8.2629579142299220E-01  -3.6449493626508857E-01   2.2859381226264301E-02
  -5.5487450651355523E-01  -6.7363963248691565E-01   4.8818431720430330E-01   2.2828018641982712E-02
   1.1549643371748996E-01  -3.7856517141314265E-01  -9.1834034256994243E-01   1.7745042663813917E-02
  -7.7712982875262701E-01  -5.2208392999526163E-01   3.5142225214635351E-01   2.0543427700373713E-02
  -2.5526904991529004E-01   5.5922189691525030E-02  -9.6525148062846835E-01   2.1144241414475160E-02
   6.5180880380286465E-01   7.2491344998487861E-01   2.2281331494347380E-01   1.9596310983128184E-02
  -5.9160807875471430E-01  -4.7256468555781525E-01  -6.5320938382405291E-01   2.5085609437676037E-02
   6.0032506784865571E-01  -6.1821849124343444E-01   5.0736151804920970E-01   2.2223266096606528E-02
   5.1565730628983033E-01   3.1777520399503234E-01  -7.9568615810244658E-01   1.8354306304234741E-02
  -5.1636935716942202E-01   5.6280984832541678E-01  -6.4545159509010385E-01   2.2031878883866857E-02
   8.6615910054546603E-01  -4.2380400700658293E-01   2.6487464240170934E-01   2.4625256341093204E-02
   1.1178188458626987E-01  -7.2985238992317587E-01   6.7440366191307878E-01   1.7100753371420857E-02
  -6.7633517019551021E-01  -3.3315405902145558E-01  -6.5694680950145318E-01   2.0641849279747956E-02
  -5.5004558771375950E-01  -1.1472227108845531E-01   8.2721741516540365E-01   2.4456886521361957E-02
   5.0700227304011349E-01  -3.4938310243918406E-01  -7.8795948046973132E-01   2.0442637102077103E-02
   8.3551506036414604E-02  -9.9548137432208996E-01   4.5121826390891701E-02   2.0944419875854318E-02
  -9.1694833135966398E-01  -2.7722902789644656E-01   2.8696658988167760E-01   2.0837219557277162E-02
   6.8829639382827370E-01  -8.5834397307005900E-02  -7.2033362442824859E-01   2.3480556758188733E-02
  -4.0329660337814878E-01   7.3527288532158081E-01   5.4472528288535082E-01   2.0376165152204652E-02
   6.6533546528293330E-01   7.4289849144964916E-01  -7.3692265798917615E-02   2.0862984589025144E-02
  -9.7091155095588526E-01   9.1578734592707409E-02   2.2123312498546803E-01   1.6467025076191830E-02
   2.3706262135451061E-01   7.9571440846995020E-01   5.5735078156385959E-01   2.1593625337773740E-02
   6.8025049070858711E-01  -7.2358394176211628E-01   1.1698525169748921E-01   2.2765503808620182E-02
   9.1698629425482796E-01  -3.9884020697986709E-01  -7.9136240152581498E-03   2.1423656487417308E-02
   2.2437427428683656E-02   7.0888561068650606E-01   7.0496649055965923E-01   2.1323055592792692E-02
  -2.5028684272587891E-01   7.4271843768481806E-01   6.2106828825929785E-01   2.5684978726240719E-02
   3.9774169973821287E-01   8.3087269686602418E-01  -3.8916847494618203E-01   2.1561167916262022E-02
   5.3966780267783729E-01   8.1219401124447951E-01   2.2158418456983146E-01   2.2173748439376828E-02
   7.5999595793363567E-01   6.3307395822286434E-01  -1.4704933643022785E-01   2.1820486288525322E-02
   1.6743479037543997E-01   9.2402775099409826E-01   3.4371253448880967E-01   1.7109077740394107E-02
  -3.1255385242750763E-01  -4.5160633525952178E-01   8.3568044567656851E-01   2.1644156777521312E-02
  -6.2424758772443134E-01   4.6145011075013950E-01  -6.3037984145189183E-01   2.2162887515224287E-02
  -7.6094465048023964E-01   3.1181821902691564E-02   6.4806707437450850E-01   2.1165445010382173E-02
   7.1514129245465118E-01  -6.2204386348580245E-01  -3.1880144875133069E-01   2.4302398845399646E-02
   4.4633830382653112E-01   8.7015528174544307E-01  -2.0883463359261971E-01   2.4427691875592616E-02
   9.3915955112539748E-01  -1.1315983424467457E-01  -3.2430570368659821E-01   2.3904237884089738E-02
   2.5665712809779646E-01  -1.4018074351966902E-01   9.5628263486422468E-01   2.3852678953164305E-02
  -3.4019730523962996E-01   2.4915873588778545E-01   9.0674457144142568E-01   2.1936821930787000E-02
  -9.3086709338908040E-01   1.9338349553934470E-01   3.0998270612785692E-01   2.2717405555843015E-02
   2.7421347607286796E-02  -2.6565203046655900E-01  -9.6367892391833223E-01   2.4130029704517408E-02
   9.9352060089230231E-02   9.6884431691718724E-01   2.2686969328955077E-01   2.1984451477415309E-02
   6.2881347650587970E-01   6.7229022240332723E-01  -3.9066541774960604E-01   2.1370379792286855E-02
   4.0476235701981231E-01   4.0815674468074876E-01  -8.1827593519019004E-01   2.1477611976615045E-02
  -1.8005331178811500E-01   9.1196716200485674E-01  -3.6864169641935422E-01   2.2022292863338344E-02
  -6.8946684638629527E-01   7.1874755130906677E-01   8.9651688335229025E-02   2.2095946164305098E-02
  -7.1940590738837713E-01   3.0863604287487511E-01   6.2225311044079480E-01   2.2223150764791390E-02
   8.1632238568420447E-01  -5.3138725737296557E-01  -2.2637434777926248E-01   2.0999001814035822E-02
   4.4138739047563468E-01   3.8241424680636599E-01   8.1174904703894128E-01   2.0346143962255163E-02
  -2.6894938055292110E-01   4.8740681128386507E-01  -8.3072307721303531E-01   2.2174501325630924E-02
  -5.5420440298412279E-01  -3.3844433187953217E-01  -7.6046887768772570E-01   2.2984430065495708E-02
   5.7960052109983708E-02  -6.3885034311540636E-01   7.6714462225889032E-01   2.3023986117814776E-02
  -3.9461313967242311E-01   8.3983210614351087E-02  -9.1500125154711025E-01   2.1434778123444195E-02
  -3.3838328053433586E-01  -9.1668782444125653E-01  -2.1255631718670913E-01   2.0958759165055238E-02
  -1.1231155942191644E-01  -9.8433823887119462E-01  -1.3588357191423945E-01   1.6734534873719328E-02
   2.8097591610535230E-01   3.9823737967568915E-01   8.7318928302962977E-01   2.4524436156012598E-02
   7.4024476482391756E-01  -3.9269376028270386E-01   5.4573738994667877E-01   2.3126789947369568E-02
   7.0168260616828899E-02   2.5312826941887522E-01   9.6488470524877438E-01   1.9149048110991218E-02
   8.9060943902375182E-01  -2.6558024788895910E-01   3.6916386477150902E-01   2.3404690123253524E-02
  -6.5503494116832570E-01   5.6249767985926126E-02  -7.5350195052842261E-01   2.3398941279845630E-02
  -3.0917030838764474E-02  -9.8816227602276569E-01   1.5026461143470331E-01   2.1232872893392702E-02
  -2.9745734015685290E-01   8.4765310453523774E-01  -4.3932145993404851E-01   2.1473124116299424E-02
   9.5542210107496003E-01   2.8470852559230252E-01   7.8164341182959073E-02   2.1589028618425682E-02
  -8.7066119853058836E-01  -3.0017499094972297E-01  -3.8967172361054537E-01   2.3184183845822134E-02
  -6.3257825794057804E-01   5.9258226445237962E-01  -4.9868928947527377E-01   2.5122784492272511E-02
  -9.2485745874881395E-01   3.7094396775773450E-01   8.3900260910410082E-02   2.0593364514749188E-02
   7.6001609223982029E-01  -6.3615122786957218E-01  -1.3299306303920011E-01   2.1371503397216162E-02
   9.6590627349927444E-01  -2.4519448308191611E-01   8.3094742799630942E-02   2.2935035772866143E-02
   1.2150365321113378E-01   1.1483586465746877E-01   9.8592575097961603E-01   2.3425022365190528E-02
  -7.8429199793723984E-01   6.0286006559069047E-02  -6.1745579549047278E-01   2.1537040979892161E-02
   2.7618496857850107E-01   1.2659577377196868E-01   9.5273048297741009E-01   2.5189081637580907E-02
  -9.6536225269160151E-01   2.6087613917160861E-01  -4.4001237609851973E-03   2.1200961196605292E-02
   8.4871769766318845E-01  -5.2253416872266376E-01  -8.1463563576677930E-02   2.2098357123568321E-02
  -2.0593784692283141E-01   9.4452565212350982E-01   2.5585326983536238E-01   1.6843303825080382E-02
   5.1668039427340142E-01   7.5102491034860507E-02  -8.5287806045990031E-01   2.3333066401957212E-02
   9.8901123745822552E-02   6.1592722095351550E-01   7.8157035909142100E-01   2.3014375867195884E-02
   7.1716340593669443E-01  -2.2885624768217152E-01  -6.5825638400407218E-01   2.0517047063999314E-02
   7.7747432947475410E-01   1.4116831571947781E-01   6.1286635871510135E-01   2.2851000859032803E-02
   4.9509823929628034E-01  -8.5972694325695613E-01   1.2548831214010935E-01   1.8222529964650686E-02
  -9.8171471986864293E-01  -4.4144358871354931E-02   1.8516879967496979E-01   2.1045730556157762E-02
   9.3796269817358286E-01   1.3818519311816721E-01   3.1801073761404179E-01   2.1500259094370974E-02
  -3.9037330728272552E-01   5.3205430714978110E-01  -7.5135004838258527E-01   2.2631322274102836E-02
   7.5594366108787927E-01   4.2139606578518229E-01  -5.0097358912603766E-01   1.9667704283647410E-02
  -8.9375374809075971E-01  -6.9812143188606956E-02   4.4309197965787223E-01   1.6109733587693790E-02
  -8.0756245396232433E-01   1.9883499964339826E-01  -5.5525446947067313E-01   2.1169562985386667E-02
   7.4010999881201051E-01   6.0118708978289046E-01  -3.0134908783147915E-01   2.1020222931735292E-02
   1.4331832512117221E-01   1.4578802750906064E-01  -9.7887982343057782E-01   2.1327057768002015E-02
   1.3233722984795623E-01   9.3560043851293066E-01  -3.2732045009528660E-01   2.5731921258152512E-02
   9.9580681654040716E-01   1.3897256080631636E-02  -9.0419303276950557E-02   2.2801884985419302E-02
  -9.3580854786836109E-01   1.9725787561671694E-01  -2.9215011936278436E-01   2.1619337206768141E-02
  -7.4080911126348603E-01  -2.4084542445229146E-01   6.2705290222548173E-01   2.3377304739400921E-02
  -9.6965431473093381E-01  -2.4420420818171595E-01   1.1610970244746425E-02   2.0828247432456858E-02
   5.4745591500372974E-01   8.3618644883658426E-01  -3.2927859169575155E-02   2.3216589716975812E-02
  -6.0524430832093054E-01   2.9271946753508348E-01   7.4026660101013312E-01   2.1964120418602854E-02
   8.7574869750528225E-01  -3.7949045318688074E-01  -2.9841450158766985E-01   2.2762735233553361E-02
  -5.8050549964534292E-01  -7.6748530802598189E-01  -2.7199203452633406E-01   2.1465523607605252E-02
  -2.5377272320395034E-01   2.0338804475943788E-01  -9.4563878315484934E-01   2.1168407292930178E-02
   2.0431115383206459E-01  -1.2219633184426523E-01  -9.7124920020745282E-01   1.9111660852147259E-02
   4.8064328845028301E-01   2.4894992761765526E-01   8.4083646614954936E-01   2.1607904667876831E-02
  -2.4064459127332700E-01  -9.6840781750707165E-01  -6.5394798585848219E-02   2.5619796166391690E-02
   9.3426519974263495E-01  -2.7061515375738172E-01   2.3219813760390715E-01   2.0135751178327057E-02
  -1.9590843320831773E-01  -9.5060148853290922E-01  -2.4078350399659722E-01   2.2258535237835572E-02
   7.3301564821561937E-01  -2.6409905921802243E-01   6.2684906188905697E-01   1.8976126199759864E-02
  -4.3790217991266731E-01  -8.9082894509214121E-01   1.2110107932531759E-01   2.4400291649959293E-02
   3.9075413399468166E-01   1.0190585713556157E-01  -9.1483681771534151E-01   1.5628465695108930E-02
   1.0938327086774999E-01  -1.2158629418513964E-01   9.8653538868131693E-01   2.3388812845814546E-02
  -4.8454716569119327E-01  -6.1030859552815597E-01   6.2668769131448645E-01   2.1778539692084217E-02
   8.9655735328380412E-02   8.0159806603291858E-01   5.9110268960224843E-01   2.1239390530152548E-02
   8.1002795187941423E-01  -2.4508334577060724E-01  -5.3271837850774996E-01   2.2754243291863032E-02
  -5.4750643233209137E-01  -6.5135196575329175E-01  -5.2533543880487219E-01   1.8958083968770765E-02
  -1.9411321969114281E-01   9.7973944797741534E-01  -4.9301845990262753E-02   2.0695494280103696E-02
   9.7564120381256085E-01   1.4967134425584937E-01   1.6038307308386457E-01   2.2526097795205730E-02
   5.9051331094538710E-01  -8.0648348618492757E-01   2.9638085419311522E-02   2.1632087735696656E-02
   9.1658917959489176E-01  -3.7608631420503400E-01   1.3573267888476803E-01   1.9154516246978934E-02
   1.5140202782242752E-02   7.4642063153065691E-01  -6.6530219831674060E-01   2.0359906996214802E-02
   2.4122196404863607E-01  -7.7820572736888085E-01  -5.7983429525235017E-01   2.1575710987489395E-02
  -5.2284119591336004E-01  -8.1694650783961204E-01   2.4338341600148178E-01   2.1876081594081817E-02
   4.1298891802415527E-01   9.1014319676950545E-01  -3.2855973025047822E-02   2.1690079972149933E-02
  -7.4670003959916790E-01  -6.6117764048195137E-01  -7.2685477155485749E-02   2.0245273365248923E-02
   3.7212273907370736E-02   9.9370491893487056E-01   1.0566825803090083E-01   1.8083880260628976E-02
  -1.9456444577929659E-01  -8.4399432617379783E-01   4.9981822078134792E-01   2.3170769643983697E-02
   9.2046270680837203E-02  -8.2324395621472064E-01  -5.6017575153668079E-01   1.9695070034484928E-02
  -5.0753778363769876E-02  -8.5373721858857933E-01  -5.1822467673629528E-01   2.3703493703465055E-02
  -2.9406369405376281E-01  -6.4140466078974807E-02   9.5363124133525882E-01   2.1606122572403099E-02
   3.4107018784549629E-01   7.0337946790783911E-01   6.2364128398360785E-01   2.5728402616615344E-02
  -9.4157759584864582E-01  -1.2054622281894411E-01   3.1448408411232802E-01   2.2618978547616004E-02
   3.6937007927137828E-01  -9.2548710314552202E-01   8.3900932356950459E-02   2.2187251146527571E-02
  -6.1411114698186892E-01   4.3422115377099075E-01   6.5902920175846748E-01   2.2930887935054151E-02
  -1.2545228802259238E-01   2.9720148901735345E-01  -9.4653737293134092E-01   2.2126971201176770E-02
  -1.2232569233866761E-01   6.8645740813017788E-01   7.1680726267042249E-01   2.2322839842173176E-02
   6.3354106323409915E-01   3.2169064452741018E-01  -7.0366245488852570E-01   2.2524710118300186E-02
   5.2944681849528585E-01   5.5818987830926971E-01  -6.3883497566922748E-01   1.7072255228609741E-02
   4.9630957499987218E-01  -2.1746982824553788E-02   8.6787319033455272E-01   2.3828882142208986E-02
  -3.2677947889460994E-01   9.4477108662287392E-01   2.4955281100424562E-02   2.1829326614452271E-02
   7.4517205489715818E-01  -1.1411296666621479E-03   6.6687128175040690E-01   1.9518199675152301E-02
  -4.8441030312799577E-01  -5.9263046858543555E-01  -6.4353382656053934E-01   2.3948463694088055E-02
  -3.3983890523431581E-01  -4.4595184180439000E-01  -8.2803168615724729E-01   2.4237182985207033E-02
   3.8959550362440765E-01  -4.4914562506913888E-01  -8.0404200825385778E-01   2.2191441678718306E-02
  -9.6408337070449974E-01   2.2216621152779172E-01   1.4555215143184463E-01   2.3318911600100515E-02
  -6.1044528692551711E-01   1.8816701551213068E-01  -7.6938269147653723E-01   1.7428912007529778E-02
  -3.5402166935782584E-02   1.4953332504389957E-01   9.8812270051728212E-01   1.9962737805386067E-02
  -5.1031917452159527E-01   6.6413341725937975E-01  -5.4635258230832608E-01   1.9163247856621502E-02
  -9.3482586345375278E-01   5.0053341817685570E-02  -3.5156118669561249E-01   1.9873054970714242E-02
  -3.0941020766560773E-01   9.3504470300869897E-02   9.4632036722564478E-01   2.1414900123929290E-02
  -3.2670266878312501E-01   9.0235307187821689E-01  -2.8111261067751689E-01   2.0961681197436226E-02
  -8.8679153349557644E-01   3.2551869118488219E-01  -3.2808285205088845E-01   1.9608699426973050E-02
  -6.5167143239196771E-01   6.5020529597684371E-01   3.9058599218080800E-01   2.2237122165542344E-02
   6.6029688659427199E-01  -7.2246265098139774E-01  -2.0507496066278365E-01   2.4005164453598815E-02
   7.0495855241204683E-01   2.7353856185722529E-01   6.5437763910313462E-01   2.1076064594687289E-02
  -2.0664797551787388E-01  -3.6903383389475230E-01   9.0615155666991178E-01   2.0887471352017130E-02
   1.9533471308721157E-02   9.3371567642682560E-01   3.5748213814598734E-01   2.2271892025241308E-02
  -1.1030414754068476E-01  -9.1303736035830169E-01  -3.9267769687781783E-01   1.9499083718299459E-02
   1.4795870773053674E-01   7.0163846417946640E-01  -6.9700192710679731E-01   2.3400320050684353E-02
  -8.1255616109471358E-01   3.3744423403026435E-01  -4.7527242081436851E-01   2.2736386738304572E-02
   4.9446540515535710E-01   6.3172653701810510E-01   5.9701385706837752E-01   2.4302534062648191E-02
  -6.9745400056147976E-01  -6.7708612532642469E-01  -2.3476008176697455E-01   2.3349032751990730E-02
   4.7080216358156867E-01  -2.8763607714521635E-01   8.3403285899982684E-01   2.4169541820016333E-02
  -6.6508420754700603E-01  -7.4657118788952896E-01   1.7159786851492335E-02   2.2718894691095257E-02
  -1.7691791164908177E-01  -4.4263282105597481E-01  -8.7907692397295758E-01   2.2551583776527448E-02
  -2.9262380659177145E-01  -7.6446407818192234E-01   5.7442665413889457E-01   1.6780528925378055E-02
   1.1533391453969281E-01   8.7744983338882160E-01  -4.6559626076986502E-01   1.6494538465357829E-02
  -8.6179181003431271E-02  -1.7553339518609492E-01  -9.8069423162167126E-01   1.5346173622556326E-02
   2.8236547773279969E-01   1.9463588870700849E-01  -9.3935435689198811E-01   2.2938101736026403E-02
   5.6684312149384910E-01  -7.9075842346899190E-01   2.3106274327105138E-01   2.4853461747205138E-02
   7.9468811533986274E-01  -1.3123918988850802E-01   5.9266101135048963E-01   2.3257330031501468E-02
  -8.0570283123514503E-01  -5.5448151154908487E-01   2.0831034801447900E-01   1.8646877671679318E-02
  -8.6984141207048608E-01  -4.2251458073822476E-01   2.5467105628795918E-01   2.3607615074213899E-02
   8.3297382536344137E-01   5.4528275591252857E-01   9.3921895018322665E-02   2.1100252446260485E-02
  -8.8142935140117533E-01   4.2431142621919439E-01  -2.0746592989774597E-01   2.3074736531065500E-02
   9.8832920437970592E-01   1.5210865205239545E-01  -8.2669063730580738E-03   2.1203433044236703E-02
   8.8900793670795881E-01  -2.4283998311863581E-01  -3.8819277565302359E-01   2.2477032330096720E-02
   4.0550261597459913E-01   5.6189354468893961E-01  -7.2100157619429339E-01   2.4963896956905564E-02
   1.4817317647115972E-02   6.3763473292515149E-01  -7.7019633501154451E-01   2.3045253699628607E-02
  -1.6632155857633494E-01  -7.6731925332516954E-01  -6.1932083981506949E-01   1.9758274143578340E-02
  -6.2803320735384904E-01   5.6040693576452360E-01   5.3992439915959948E-01   2.5287959737533234E-02
   9.9296806372416916E-01  -1.1837115725156157E-01   1.6412052888700923E-03   2.0803027698939673E-02
  -4.2456614495253015E-01  -7.0773369736472560E-01  -5.6467389011233937E-01   2.2072670060659866E-02
  -3.6280804162024313E-01   3.9048565846588845E-01   8.4610358436077159E-01   2.2016611513984414E-02
   1.3384637943373391E-01   8.7181792782674101E-01   4.7118854764559854E-01   2.2709300794279343E-02
  -5.6637254841478323E-01  -8.1767988864738967E-01   1.0306180720197157E-01   1.9354863705038823E-02
   3.4609531083752287E-01  -7.9399550060984145E-01   4.9978913636413260E-01   2.2574610474014269E-02
  -7.2811354889483137E-01  -1.0683071287265957E-01   6.7708039308703469E-01   1.8578452909396489E-02
  -5.1237631395215901E-01   4.4129000788537062E-01  -7.3670458247612948E-01   2.1157091801693113E-02
   3.6799273427694818E-01   7.8400481173098715E-01   4.9991779594452800E-01   1.9187830757326020E-02
  -6.5241015676519467E-02   9.5747125998471602E-01  -2.8105585953111953E-01   2.1360722148174544E-02
  -8.3290695863377663E-01  -4.5891035414287566E-01  -3.0930128535118117E-01   2.2396429027073394E-02
   2.3716259143781650E-01  -7.6308717508874170E-01   6.0120867295605728E-01   2.1248976609297303E-02
   3.3202604666262840E-01  -1.7921047025766796E-01  -9.2608979677329976E-01   2.2212769124420503E-02
   4.9853580306186371E-01   7.2317280448104455E-01   4.7799910870678772E-01   1.9545557573229368E-02
   9.7011506384108798E-01   1.1241367753869835E-02   2.4238480678380809E-01   2.1228144653188389E-02
   9.4364588656390218E-01  -1.3073138271415514E-01   3.0404234301273276E-01   2.2840273834762099E-02
  -5.1107027873066783E-01   2.8417821061981198E-01  -8.1120275813576920E-01   2.2483191540630871E-02
  -6.8407349586082748E-02   9.8875577747450318E-01  -1.3297536250523320E-01   2.0631044845231603E-02
   7.8099080609509208E-01  -5.9818796571741517E-01   1.7951188948311694E-01   2.4130643154245645E-02
  -8.4352594243012255E-01  -5.3592872653553511E-01  -3.5275834807601880E-02   2.2839173429577219E-02
  -6.4190356654102203E-01  -2.0888886635252386E-01   7.3778401499075130E-01   2.1212713008639907E-02
  -5.8268176743448911E-01   1.5633371130739246E-01   7.9752224333135490E-01   2.1871933180769289E-02
   5.8123580199704383E-01   1.8982768908038728E-01  -7.9128401407791191E-01   2.1051496233302771E-02
  -2.1071805673525476E-01   3.4331127111425381E-01   9.1527879451653042E-01   2.1956152039921370E-02
  -7.1177824729586660E-01   4.3803672713054844E-01   5.4908610650897147E-01   1.6778471825560092E-02
  -8.2168826651016750E-01   4.4809511437657914E-01  -3.5219193794202090E-01   2.2943489568049915E-02
  -4.8162697252697936E-01  -8.6002024536145054E-01  -1.6852488511471140E-01   2.2735115384772424E-02
   5.3871388106868156E-01  -8.0124651071361796E-01  -2.6036778489892054E-01   1.8573255457384689E-02
  -1.1509435430924677E-01  -2.6099436030157519E-01   9.5845460690473451E-01   2.3599828829560900E-02
  -6.9017482523799014E-01   6.8414077316939980E-01   2.3581796601379965E-01   2.1944186287105567E-02
   1.8554247776489290E-01   9.7736979308964677E-01   1.0159860481702114E-01   2.0844848963102537E-02
   4.7307290885862371E-01  -1.9496624559086541E-01  -8.5917994971032847E-01   2.2547886490629833E-02
   7.8831311814516507E-01  -6.1461956596736433E-01   2.8376343850746451E-02   2.1476878716463603E-02
  -1.3546264936175629E-01   5.7251939370197018E-01  -8.0862315973698315E-01   2.0798080824781473E-02
  -8.6989654595639525E-01  -4.8111492417964303E-01   1.0866659590117560E-01   1.9923496266541562E-02
   1.7610187899763367E-01   7.0626656636411251E-01   6.8569356526786027E-01   2.1040345890305633E-02
   3.3806036504988359E-02  -9.9321731508038606E-01  -1.1124979514737369E-01   2.0751405212665980E-02
  -1.7601849506648992E-02   9.1055131512360123E-01  -4.1302115856288228E-01   2.3042647895501318E-02
   8.7694749763646910E-01  -1.1563821516349437E-01  -4.6646638633768295E-01   1.9992787525869278E-02
   9.8191733837045074E-01  -1.0716720869425251E-01   1.5605617574505805E-01   2.2159745320726118E-02
   8.4450584984362020E-01   5.3083417457098427E-01  -7.0886872462019576E-02   2.0899539225574765E-02
   4.1866070265124557E-01  -1.5583077085533634E-01   8.9467311735079917E-01   2.1433359599257633E-02
  -3.7239173414899706E-01  -1.8769827371940275E-01  -9.0889699877393077E-01   2.1732349069169072E-02
   1.6073523524897861E-01  -6.1202183272504093E-01  -7.7433420460246846E-01   1.7075622754197883E-02
   1.6664114864726753E-01  -5.3475061664294454E-01   8.2841565990601004E-01   2.1388592173236613E-02
   7.3922498291718872E-01   3.1610083465688760E-01  -5.9466518895955307E-01   2.0788879710049523E-02
  -3.1379359249430911E-01  -9.4741421296518666E-01   6.2768546112454401E-02   1.8664584283933617E-02
   3.3406165940504384E-01   9.3619486341542579E-01   1.0927939160757016E-01   2.2155983664074025E-02
  -3.9260498532730681E-01   2.3740407853724363E-01  -8.8853847918366906E-01   2.3550195641740185E-02
   3.9947153298258509E-01  -5.7693349759147425E-01  -7.1243963512245143E-01   2.0767974914091889E-02
   9.7125632821206870E-01  -2.7191361441366677E-03  -2.3802048484666213E-01   1.6655044053675640E-02
  -2.7572637901952239E-01  -8.9490156225919452E-01  -3.5089337095310799E-01   2.3287310017964064E-02
   2.7543794872865823E-01  -9.3600387641689017E-01  -2.1915902840792123E-01   2.2022308840014619E-02
  -7.8575864660663903E-01   6.0266049753148642E-01   1.3922526350488282E-01   2.1498195771640600E-02
   5.0622001800773954E-03   6.0939491508152743E-02  -9.9812862523026790E-01   2.2841221809884979E-02
  -3.8061117047706192E-02  -9.6254822303435023E-01  -2.6842553846922885E-01   2.4363137836647847E-02
  -4.8309147408763797E-01  -4.6739967387339360E-02  -8.7432145296364733E-01   2.4098421641496599E-02
  -6.5942090368976185E-01  -7.3160526620533259E-01   1.7296764506000004E-01   2.0508250627403703E-02
  -9.3894132425739691E-02   4.4192978534308204E-01   8.9212216468521567E-01   2.0646263406654479E-02
  -7.1611648471026567E-01  -6.7787819082204698E-02  -6.9468121603386556E-01   2.2500633039964439E-02
  -7.7078240943597284E-01  -6.3195638760195169E-01   8.0781195046669438E-02   2.6269043113109220E-02
  -2.0595203362744771E-02  -7.6335542780836771E-01  -6.4565031436060742E-01   2.2222999372322949E-02
  -3.9176627848714090E-01   6.6103674355802795E-01  -6.3996062902848471E-01   2.1428975778446885E-02
   4.4181535826121391E-01  -5.4457079546266022E-01   7.1291082046331757E-01   2.4127118759219294E-02
  -7.3774773669128110E-01   5.1989512364049863E-01   4.3062435767350963E-01   2.2039760791385174E-02
  -1.7987677905121639E-01  -7.3434193758607291E-01   6.5451223293418436E-01   2.4252596341092909E-02
  -6.9620756967680090E-02   7.8264943719725952E-01   6.1855703751073765E-01   2.0138863123313415E-02
   6.7485494554294147E-01   1.3585829760918175E-01   7.2533669798719575E-01   2.2795978655706852E-02
  -2.0507201830467907E-01   9.5510689641402528E-01  -2.1381366591219927E-01   2.1475512970180585E-02
  -5.9521107055154427E-01  -3.5441644047834564E-01   7.2118844154045049E-01   2.2404825697883627E-02
   9.3297414903235367E-01   2.7524412633264052E-01   2.3194807211256804E-01   2.2018053993691379E-02
   8.7728081340520827E-01   1.5601994149828595E-01  -4.5391205347067806E-01   1.7367869500480765E-02
  -4.0851113719924780E-01  -1.7560448907073109E-01   8.9570179982089168E-01   2.1337067767409458E-02
   4.2640506209081969E-01   1.1772761976489962E-01   8.9683829677808439E-01   2.1042791660187400E-02
   5.8456347839057674E-01   7.2955859902802844E-01   3.5500674686007038E-01   2.1224786359392560E-02
   3.6617046605106180E-01  -7.9238796086554490E-01  -4.8789395289067876E-01   2.1024784103704994E-02
  -4.4972679827700936E-01   1.3764192422924299E-01   8.8249674651297240E-01   2.3343002823129701E-02
   2.7195970777634315E-01  -6.6497719165722593E-01  -6.9558842135409006E-01   2.1269542524884439E-02
  -8.6162463814116794E-02  -5.5381804110313606E-01  -8.2816762021837462E-01   2.2362951432507984E-02
  -6.7418037973578499E-02   3.0235734635464952E-01   9.5080746908150004E-01   2.3244945380712342E-02
   6.3028792489340634E-01  -6.1230064459538882E-01  -4.7731022654206265E-01   2.4704979138827320E-02
  -4.6325061544109118E-01  -4.0774299201454935E-01   7.8685736938562982E-01   2.0807636369196065E-02
  -1.3230126937911990E-01  -3.1125746402830865E-01  -9.4107128593286688E-01   2.3733141222738463E-02
  -7.0064145242708217E-01   6.8956191392906163E-01  -1.8331918066410306E-01   2.5077539888208670E-02
   4.2366731072691026E-01  -8.7073406505071098E-01   2.4965615911026888E-01   2.2621061539506008E-02
  -3.2971956724083701E-01   9.3512859888017185E-01  -1.2969005565162547E-01   2.2584607106463296E-02
  -5.8600330998302210E-01   7.8915262375491241E-01   1.8395177930555490E-01   2.1743166213419948E-02
   1.4436952236063920E-01   4.2704185687553719E-01  -8.9263245151050494E-01   2.2200556909438065E-02
   9.9930595397921759E-02  -5.0987449113133820E-01  -8.5442488224359181E-01   2.5654585798767657E-02
  -1.4163030809560042E-01  -5.0775531686846520E-01   8.4977961497117000E-01   2.3961895136965063E-02
   4.9385726167121548E-01  -6.2116556369242541E-01   6.0848857637369011E-01   1.6323989816492838E-02
  -1.3725207047485186E-01   6.8229473766831008E-01  -7.1807782315045649E-01   2.2366926748625410E-02
  -1.2839877866068616E-01   1.2735570623725032E-01  -9.8351119857745157E-01   2.0091841152341456E-02
  -4.5340361047609887E-01   8.8968811270406629E-01  -5.3667756803454524E-02   2.1984929085672053E-02
  -3.4112373748173450E-01   9.2132144821558199E-01   1.8655129263673110E-01   2.3504912289648500E-02
   4.4278323790077669E-01   8.1758976118110950E-01   3.6808964485016497E-01   2.4165993721603640E-02
  -2.7291056754787317E-01   6.2453119877928493E-01  -7.3176540221030332E-01   2.1637372162970978E-02
  -4.6181799791963671E-01   8.6072916768370628E-01  -2.1417151233535376E-01   2.1390835576297071E-02
   8.1521996907950580E-01  -3.7455482726740201E-01  -4.4172964965541545E-01   2.0455976167778211E-02
   1.5952917152648565E-02  -5.2866913972253195E-01   8.4867805741597841E-01   2.1058135873826193E-02
  -4.7566142011020398E-01  -4.6499360554367656E-01  -7.4667741376195095E-01   1.8741206747108039E-02
  -4.2486259002422324E-01  -3.1956648036178911E-01  -8.4697641302877322E-01   2.2342971532859561E-02
   6.8931668753465658E-01  -6.1611437934353610E-01   3.8111097577002169E-01   1.8710328575582352E-02
   4.7459856021014239E-01  -7.2091923649331146E-01   5.0500659510580714E-01   2.2774357415575927E-02
   7.2288535025790201E-01   5.3310131600899000E-01   4.3959044263040265E-01   2.3289267559407416E-02
  -6.5531330043316184E-01  -2.3134771503517996E-05   7.5535718553554449E-01   2.5703585662484851E-02
   6.3623629455328778E-01   5.3007954437667876E-02  -7.6967105588000137E-01   2.1014617946977716E-02
   4.6686779449820168E-01  -7.9789320018743090E-01  -3.8131470408973893E-01   2.2894187778664818E-02
   7.3012191591357025E-01   4.0994479824938290E-01   5.4668752527469486E-01   2.3281264700319126E-02
  -9.6938088291197743E-02  -9.0788794598693431E-01   4.0785105684560054E-01   2.1845091378709171E-02
  -8.0147912851064297E-01   3.4085036193485853E-01   4.9137789666477260E-01   2.6303035022412011E-02
   9.0887578617554023E-02   9.9487505367101967E-01  -4.4306609395481562E-02   2.6392376707361888E-02
  -7.3272393945129259E-01   5.5456441329316588E-01  -3.9442862480274577E-01   1.8017990842473722E-02
  -3.6861886046437652E-01   5.2377221089543413E-01   7.6797318104452925E-01   2.2743272928831550E-02
   9.7224228474648395E-01   1.3522596474881716E-01  -1.9094208076976714E-01   2.5954472055495307E-02
  -9.6876607402437659E-01  -1.8566084961610780E-01   1.6438473998282483E-01   2.2960911692606815E-02
   2.2815989240993852E-01  -6.4858531794167486E-01   7.2614058476715221E-01   2.3730191259944231E-02
  -7.2205068978180575E-01   3.4308488494021158E-01  -6.0077913005627969E-01   2.1476789115804235E-02
   8.0239393504801252E-01   1.6237671740375385E-01  -5.7428022309961832E-01   2.1532706649441757E-02
  -6.5662783246535241E-01  -5.5969407115567531E-01  -5.0555161590587260E-01   2.4009832535153075E-02
  -3.8797146551618389E-01  -9.1975701264998619E-01  -5.9373223143077726E-02   2.1635754737773913E-02
   3.8715452746284601E-01  -6.9431401107805035E-01  -6.0666253047780136E-01   2.3767329079968724E-02
   4.2201310646712180E-01  -8.8374105005439442E-01  -2.0225403436946822E-01   2.6374191239989519E-02
   3.3596641940666289E-01  -2.7846562244814458E-01   8.9976856032294971E-01   2.0677423613793424E-02
  -5.4605705770572896E-01   7.2266906144944185E-01  -4.2375832422920627E-01   2.1742832745107461E-02
  -9.9630352983650176E-01   5.4401353656917121E-03  -8.5730282645806159E-02   2.0854106035356503E-02
  -5.0503646345150983E-01   5.3564917298316423E-01   6.7677037026368402E-01   1.9980327775172206E-02
   9.3729279848742450E-01  -2.6080547820443222E-01  -2.3122005198980843E-01   2.0568216963489942E-02
   8.6838129851236374E-01   3.9091785852564084E-01   3.0511825294417933E-01   1.7841094562370036E-02
   3.3268407315403774E-01  -9.3972036136260079E-01  -7.9037648688341732E-02   2.1073993981784977E-02
   4.0603220526244845E-01   5.8819108800320476E-01   6.9940624266825013E-01   1.6785054224376736E-02
  -5.1654606726435225E-01  -2.5862714556359667E-01   8.1626721113331353E-01   2.0698118309562909E-02
   6.8730932576090992E-01  -1.3699150929390682E-01   7.1332966929986918E-01   2.3367659906778324E-02
  -3.3250882049328285E-01  -5.6502193366491937E-02  -9.4140606883477300E-01   1.9206500600826414E-02
   8.6009853916255298E-01  -5.0106692897124709E-01   9.5720612313992425E-02   2.1549373932526130E-02
   5.6378756626069286E-01  -1.4386602416516995E-01   8.1329339553493955E-01   1.8974933768326859E-02
  -6.1893157948545409E-01  -5.4301651042359990E-01   5.6750045755313491E-01   2.1696198131656281E-02
   8.5598352404077200E-01   2.0582467772238501E-02  -5.1659323320301631E-01   2.3276243435205437E-02
  -6.6513416926740305E-01   7.4485766811914100E-01  -5.2759749024016544E-02   1.7180130550247549E-02
  -6.0281287111365875E-01  -8.0652426305957156E-02  -7.9379583555891084E-01   2.0152398328720995E-02
  -8.2980241793702482E-01   4.4238350688418783E-01   3.4018345054207883E-01   2.2639164814080263E-02
   1.9648995848796584E-01   9.6270443370795550E-01  -1.8598889626115404E-01   2.0473774647028188E-02
   5.8574228231680800E-01   2.9874125097432436E-01   7.5343191044220612E-01   2.4468128026952582E-02
   8.6923128927159982E-01   1.4204669898283304E-01   4.7356066249142010E-01   2.0427162896988515E-02
  -4.6030345554830640E-01   8.8138226228369873E-01   1.0623575924309820E-01   2.1259277267318235E-02
  -1.0681289564949572E-01   5.7351089633202771E-01   8.1220456604934447E-01   2.4468309257942442E-02
  -9.6842782339675377E-01  -6.9748379150643318E-02  -2.3933807569395209E-01   2.0728201583204466E-02
  -3.8022965912676550E-02  -7.3938509291737419E-01   6.7220825525633740E-01   2.2635351583452498E-02
  -5.6935464199552221E-01   8.2165855884885292E-01   2.6692776336996408E-02   2.2466795957999448E-02
   4.1331052180477207E-01   8.8078521279246881E-01   2.3106670355460661E-01   2.0107254632956288E-02
   5.5745059759645130E-03   3.6837264126622688E-01  -9.2966150939450411E-01   2.0684606285846340E-02
  -7.6938827870878103E-01  -4.6192816662338298E-01  -4.4120748573148578E-01   2.1743578504537603E-02
   6.8126590870278320E-01  -6.8582023423854288E-01   2.5598313996894637E-01   1.9624905823410243E-02
   9.7815887664058696E-01  -1.3403070118059112E-01  -1.5887411113917815E-01   2.3306456073964443E-02
  -3.2544406026572554E-01  -6.6399170086681778E-01   6.7320218717540498E-01   2.4107386479586838E-02
  -9.1803486781413567E-01  -3.9649474274515013E-01  -1.9749564399168820E-03   2.3061784258293100E-02
  -8.2092685240842087E-01  -7.2073958495796066E-02  -5.6646663405848478E-01   2.1172046372660608E-02
   2.8479084212129940E-01   3.5647025163275634E-01  -8.8984444480185445E-01   2.0780492851420233E-02
  -4.8889485355810755E-01  -7.8097010347738713E-01   3.8867405321029057E-01   2.1177450186817106E-02
   8.0708503366661368E-01   4.0658497329099407E-01   4.2813830466955744E-01   1.9496975260176316E-02
  -7.9858007696686525E-01  -5.7202130192238271E-01  -1.8724713834560407E-01   2.2611705540159894E-02
  -5.1522594038572417E-01  -1.9730594413471445E-01  -8.3403392902372690E-01   2.1822739692305361E-02
   7.9911570942659899E-01   4.7442844494280613E-01  -3.6923127383358798E-01   1.9528186407261005E-02
  -7.2482386398678508E-01   4.6445098747518409E-01  -5.0883754424039189E-01   2.2000591759872780E-02
   2.7209379717785777E-01   9.3044725927310594E-01   2.4542384409119715E-01   2.2607137017381666E-02
  -9.3884438767211815E-01  -2.0549414351724797E-01  -2.7630304507311902E-01   2.2159271526521475E-02
   9.0550085943747973E-01  -3.9530676996857486E-01  -1.5427492075835829E-01   2.1830769992130196E-02
  -5.0298756938678943E-02  -4.0531131588714233E-01   9.1279393746028834E-01   2.0953315134031389E-02
   5.0479295909675752E-01  -6.9978570899349969E-01  -5.0545428075623641E-01   2.0310587366764902E-02
   2.8535717018807025E-01   4.9463650921671122E-01  -8.2091778466065825E-01   2.2361788495863588E-02
  -4.1817795094162377E-01   8.1408606982994271E-01   4.0297775652646459E-01   2.2007397357150573E-02
   5.6466896603331075E-01  -8.1599749061063313E-01  -1.2368126016507687E-01   2.1269546499219353E-02
   8.1784152720358811E-01  -4.0240177908803644E-01   4.1134905441496494E-01   2.0263718198289870E-02
   6.4896373622588532E-01  -3.8075369667922194E-01   6.5869013316494005E-01   1.9261979444191858E-02
   6.1103623400049675E-01   6.2954006850227504E-01   4.7991043215233490E-01   2.3099614123250242E-02
   6.0709985377184043E-01  -2.6619537434117388E-01   7.4871208767427566E-01   2.3241214110878942E-02
  -1.9581611474299009E-01   1.9671596150593453E-01   9.6070748914316048E-01   2.2254116211444139E-02
  -9.4692040792126874E-01   2.7878917173619894E-01  -1.6005729844297067E-01   2.4245467019818529E-02
  -9.7374847011095901E-01   8.1238001373075494E-02  -2.1263655398231753E-01   2.1450321523832780E-02
   7.8969277557698767E-01  -4.9861986668341486E-01  -3.5744027298295155E-01   2.0051772438410897E-02
  -5.2274516997421960E-01  -8.5202485737098196E-01  -2.8127027759471108E-02   2.2005052352683760E-02
   5.6223459280355339E-01  -8.1435674972188216E-02  -8.2295837895779797E-01   2.0234465800659018E-02
   3.8170759168518850E-01  -3.1209992409993008E-01  -8.6999594931626624E-01   2.0841185376955282E-02
  -4.3819858343520436E-01  -8.4279061772832104E-01  -3.1254755821233857E-01   2.1702798539074912E-02
  -9.3389992976933129E-01  -3.2932913313850087E-01   1.3918779847056166E-01   2.1216218888071227E-02
  -5.0047652740218246E-01   4.1647955843402808E-01   7.5899145115478692E-01   2.1418291514937450E-02
  -2.5356667016136515E-01  -9.0094751393890639E-01   3.5213281714515276E-01   2.0288529781495601E-02
   5.8586518005679009E-01  -7.1844569496582355E-01   3.7496369715227055E-01   2.2215209749903692E-02
   4.2257865328460892E-01  -4.4527816752041529E-02  -9.0523176884346199E-01   2.3469846053053244E-02
   5.2559205434877700E-01  -4.7940531773727803E-01  -7.0279693634125344E-01   2.2685367480149860E-02
   8.3683961685876333E-01   4.9886583446688801E-01  -2.2546027334617915E-01   2.3741017739951209E-02
  -8.4019548117999836E-01  -3.7213081872574709E-01   3.9444924535257532E-01   2.1432592793935754E-02
   5.9666381758580762E-01  -5.1061711386216215E-01   6.1908194273052883E-01   2.5190489602777397E-02
  -6.9977923559583823E-01  -4.3731753319577739E-01  -5.6485608484680813E-01   1.6480556427501024E-02
   2.8144178070082777E-01   1.3314002689615582E-02  -9.5948593601382619E-01   2.6230258531984484E-02
  -2.0458713182111196E-02  -4.2596909120019246E-01  -9.0450637056740195E-01   2.1276703598519350E-02
  -2.9710999405135094E-01   8.2304823300484706E-01   4.8406327848991530E-01   2.0366015126906380E-02
   9.0400776216802611E-01   4.2665880029986364E-01   2.7059823847147468E-02   2.2410443350286928E-02
  -9.3401456975732060E-01   3.8275447563738058E-02   3.5517850947775944E-01   2.5808331861220268E-02
  -1.3536745946752897E-01  -9.5529054786598646E-01   2.6286045742030190E-01   2.3067977518956572E-02
  -9.1164143232662766E-01   4.0647372644578219E-01  -6.0737209145089448E-02   2.1648238848223564E-02
  -2.4427228823421911E-01   6.1641302155594948E-01   7.4857600553122409E-01   1.9612628592222890E-02
   7.5043575014627359E-01   4.4415318521053261E-02  -6.5944936453307239E-01   2.1248183235586677E-02
  -8.5930817287771894E-01   4.8049699007683814E-01   1.7524869914682681E-01   2.2033754045269748E-02
  -3.9175748022604581E-01  -5.4510869485916320E-01   7.4120347238520070E-01   2.2232378818929907E-02
   1.4311327198001267E-02   5.0994260033852416E-01  -8.6008937342221365E-01   2.2652382309329497E-02
   9.9725812588213678E-01   2.6223236642445595E-02   6.9199510273142657E-02   2.2257527513004111E-02
  -9.8552459045361331E-01   1.4833482954892394E-01  -8.2085686656866627E-02   1.9537625195980357E-02
   1.5628175812776277E-01   2.8714642783399323E-01  -9.4505181924520567E-01   2.1594369439934433E-02
  -8.5030490681913271E-01  -1.9339199696517678E-01  -4.8947022478300663E-01   1.8913780762422351E-02
   9.0642846021388070E-01   4.0167256419495327E-01  -1.3056261979350936E-01   2.1227726720520987E-02
   1.2329846613769457E-01  -7.2309555969511949E-01  -6.7965454445423496E-01   2.3649500745531026E-02
   9.2849052540459666E-01   4.6542611582990858E-02  -3.6842791634311673E-01   2.5117599822930407E-02
   4.6695944878357824E-01  -8.8384034236126645E-01  -2.7841020212196747E-02   2.2234968758409325E-02
   7.5774159280152622E-01   6.5249752738001554E-01   8.6403299457812821E-03   2.4140378725863032E-02
  -1.6247837719698696E-01  -1.0484355165653571E-01   9.8112619301467880E-01   2.1197761738620668E-02
  -3.7008549855056660E-01  -5.6557398383970882E-01  -7.3699578870320516E-01   2.0048201781628045E-02
  -7.4413277112583351E-01  -5.7366010536340938E-01  -3.4231637771370202E-01   2.0602491594671765E-02
  -2.7934549564418222E-02  -1.4424514063972586E-01   9.8914761301964375E-01   1.6749554194718228E-02
   6.4215106413630316E-02  -8.9246214570730622E-01   4.4652854173926801E-01   2.0572201331231605E-02
   1.8915227649308484E-01  -9.2092055053884251E-01  -3.4077376056955865E-01   1.8172769264746420E-02
  -1.2655253550591751E-01  -3.5776192954072500E-02  -9.9131454129087419E-01   2.5018119354917951E-02
  -2.9561201293048915E-01  -9.3250246021902825E-01   2.0749144439384497E-01   2.3087220339712981E-02
  -9.9443728660458532E-01   7.8992826176100967E-02   6.9675077489888606E-02   2.6864229317036234E-02
  -3.9384361135567264E-01  -8.6821385376495427E-01   3.0181436997752202E-01   2.1575175062235247E-02
  -7.6598794067686171E-01   5.7057952404079230E-01   2.9614435919497704E-01   2.1270448282093394E-02
   2.9451165388428277E-01   8.7098990935728188E-01   3.9324224534520508E-01   2.4537702217482366E-02
   7.0021672793000551E-01   5.4710183125703890E-01  -4.5866776664835642E-01   2.2547308585503973E-02
  -8.8203670363603112E-01  -4.4501400746499450E-01  -1.5483470734570435E-01   2.0823638732153031E-02
  -8.8046593070743544E-01   1.9795339796168445E-01  -4.3080644969511814E-01   2.2834817526487909E-02
   9.0163781517368324E-02   3.8785872677610328E-01   9.1729826150827751E-01   2.4935876460720747E-02
  -1.1879165126556425E-01  -6.7081550094450932E-01  -7.3204856893662970E-01   2.3790317422512505E-02
   8.8266365932893862E-01  -1.2552521724631440E-01   4.5293297995985364E-01   1.9567500327256441E-02
   3.4685509353097994E-01   2.6235277152299909E-01   9.0047907658413492E-01   2.0025381094772924E-02
  -3.6726486366065245E-01  -3.1961064745496035E-01   8.7347899456927038E-01   2.3490134763277636E-02
  -1.3595303966925531E-01   9.1294755717344564E-01   3.8476425101057403E-01   2.5046312622136079E-02
  -8.7188951650417916E-01   1.8781126247976295E-01   4.5225612289483283E-01   2.1045514760820402E-02
   1.1775265454843726E-01  -9.6621599709699665E-01  -2.2926177025542888E-01   2.2019663361399213E-02
   3.5382456068211616E-01   4.9493455610776058E-01   7.9362961476278179E-01   2.1056507257973589E-02
  -2.6284195220664456E-01   3.4671053804924256E-01  -9.0039208735184068E-01   2.1219238211940925E-02
   6.8939039948113736E-01  -7.2347934005740475E-01  -3.6311452922457339E-02   2.1314784205611831E-02
   4.5133984553003045E-02  -1.1218619614534235E-01  -9.9266166483490643E-01   2.5646614508172222E-02
   3.6103008617713836E-01  -6.7854203014639677E-01   6.3971711732588056E-01   2.5159397182594527E-02
  -9.8308059127524565E-01  -1.4853016361141344E-01  -1.0719767514027660E-01   2.4119124047655269E-02
   2.0816018677669281E-01   2.7801320850122119E-01   9.3775156227006579E-01   2.0291823713509109E-02
  -1.7686619514757364E-01  -9.7803984687027956E-01   1.1025609710116033E-01   2.0617642707419259E-02
   8.4117790206440119E-01   6.0204764016929734E-03   5.4072496792956510E-01   2.2836860091070514E-02
  -2.4680816300215120E-01  -5.8040749242166667E-01   7.7602375828082514E-01   1.9891480718818922E-02
   2.7028680149682751E-01  -5.3157964336573479E-01  -8.0272543730454479E-01   2.2417891649832788E-02
  -6.1463422795902209E-01  -7.1693755587237273E-01   3.2897614928891916E-01   2.2516958958922597E-02
   6.2454819470388027E-01  -3.5712350909655659E-01  -6.9455190716222627E-01   2.2241993978189351E-02
  -5.4473636911995075E-01  -4.8651804550033563E-01   6.8305378965389405E-01   2.2205606655320302E-02
  -6.4747597257359483E-01  -2.1416487149928498E-01  -7.3137423577507307E-01   2.1292341143542161E-02
   2.3328670049599988E-02  -6.3551899310352997E-01  -7.7173271445390492E-01   1.9984216206984019E-02
   9.2039432271835401E-01   2.0944510877184816E-01  -3.3016213762236716E-01   2.1756472704834162E-02
   5.6146036203125779E-01   1.3231608445926537E-01   8.1685660654798972E-01   1.9516699737244508E-02
   8.7599437142289957E-01   3.6304985218265839E-01  -3.1753529892840095E-01   2.3870983782407186E-02
   3.1641106139746724E-03   2.2196725583991825E-01  -9.7504898632782488E-01   2.2699306051710714E-02
  -5.6044481061885029E-01   7.5948678151866744E-01   3.3027479914280011E-01   2.1659610841568888E-02
   4.9751472086352555E-01   7.3729461139116061E-01  -4.5702927536170570E-01   2.2860627634345194E-02
   9.5799815547825772E-01   2.7833433757976915E-01  -6.9061788452710590E-02   2.2002426004789117E-02
  -1.0913680885349854E-01  -6.3594260621166860E-01   7.6398047001084092E-01   2.2095908574356766E-02
  -4.7473139664214079E-01   2.8556690940426552E-01   8.3251524988765126E-01   2.1210027988071593E-02
   8.8048538565964058E-01   2.6887603379867641E-01   3.9044995081122388E-01   2.3322955683043451E-02
   3.3702661315908750E-01  -8.7081070352957059E-01  -3.5791309090455070E-01   2.2786510632623615E-02
  -7.9179453982036038E-01  -3.1924006139804177E-01   5.2071795620012775E-01   1.8758047309818749E-02
  -4.3015517339550104E-01  -7.2337217196447731E-01   5.4009186961893904E-01   2.1833468922335454E-02
  -9.1404961582438435E-01  -9.7953035516315729E-02  -3.9359687834691312E-01   2.5692228329475521E-02
   9.6239899692116388E-01  -2.6150171338267136E-01  -7.3518872563884007E-02   2.2239369383168274E-02
  -6.7094483982030332E-01  -6.0259437822349877E-01   4.3210304008643865E-01   2.0756502724980276E-02
   4.8030662224141495E-02  -9.1489184680174364E-01  -4.0083159074854037E-01   2.4794619755631064E-02
  -7.8992937883417013E-01  -3.2716139670691175E-01  -5.1862992293102880E-01   2.3651956365750268E-02
   9.8313096718067640E-02  -8.1885980669913820E-01   5.6551140747676695E-01   2.3093095849564977E-02
  -7.7826200219404961E-01   5.7363897935297689E-01  -2.5543409582078897E-01   2.2850019727253205E-02
   1.7022863082687340E-01  -9.2980156320286546E-01   3.2632999603517260E-01   2.3107235789368707E-02
   7.0582440114237776E-01   1.8861550503981060E-01  -6.8281484020968754E-01   2.2487714088026238E-02
   2.4209602383936759E-02   5.1591825392589543E-01   8.5629565596145997E-01   2.0452631536826100E-02
   4.0528562056900021E-01  -4.2932529164241843E-01   8.0710802233415623E-01   2.1114995015432764E-02
  -6.6194311772072174E-02   9.9766189495764940E-01   1.7001659875841450E-02   2.1559021225206245E-02
  -2.0859432779906499E-01  -8.4878267722053379E-01  -4.8585632985523545E-01   2.2649867265642642E-02
  -2.4192033178482983E-01   4.8012633340734218E-01   8.4318044156511344E-01   2.1223148391274553E-02
  -1.6569534671469097E-01   8.3657876468769583E-01   5.2218868481680758E-01   2.0393042259737330E-02
   6.4061623405008640E-01   7.6342059795680601E-01   8.2461089531716513E-02   2.4282020296432653E-02
  -6.8948005241462624E-01  -3.9068911293168824E-01   6.0990103652885743E-01   2.2637849854046119E-02
  -6.9946694343073687E-02   9.7350149559586007E-01   2.1772068809164708E-01   2.5185871763166018E-02
  -6.9412357889534721E-01   1.7095007987806276E-01   6.9926284572483794E-01   2.1989945808735660E-02
   1.0914400604558125E-01  -4.0510902696823603E-01   9.0773028054217235E-01   2.2487546845789054E-02
  -7.3690017091193276E-01  -4.7000310461715510E-01   4.8587572460475936E-01   2.3937882033908071E-02
   7.0517808790689331E-01   6.3038723385396444E-01   3.2455477154083718E-01   2.0879479305911470E-02
  -1.6541104968211682E-01   8.4919290740976798E-01  -5.0150831563195987E-01   2.1865018741270287E-02
   2.5528520278466548E-01  -3.9591374223185344E-01  -8.8208943648088293E-01   2.1723055471983938E-02
   7.1640871973497999E-01  -5.1250443950442985E-01   4.7338963420837298E-01   2.1911685754101730E-02
   1.7235595946576307E-01   5.0270130601313978E-01   8.4710378358812672E-01   2.0086134694457484E-02
   9.3633812536755449E-01   2.8135951023077678E-01  -2.1001843011000547E-01   1.7659824311143729E-02
   6.4338302975111760E-01   4.6736338509780779E-01  -6.0632478367471565E-01   2.5941341962980883E-02
  -2.6547548640332734E-01   7.5032223173221925E-01  -6.0542490425097206E-01   2.6669942280884844E-02
   6.3240543495492493E-01   4.0195023913519207E-01   6.6219285038320530E-01   1.8414716576167036E-02
   3.0664154531043461E-01   9.0591306496202257E-01  -2.9204876548402488E-01   2.1622326670128013E-02
  -4.2135397217302621E-01  -2.0994496745787016E-02   9.0665321994707763E-01   2.2162724850402106E-02
  -5.2189650156735725E-01   1.0367162143795232E-01  -8.4668544133000143E-01   2.3590564647643681E-02
   1.3054468376269996E-02  -9.5010236336839746E-01   3.1166501243674877E-01   2.1573342039472294E-02
  -1.1706683624270890E-01   7.7969545581588679E-01  -6.1511816103264198E-01   1.7418252583854516E-02
   5.9781704081760844E-01  -7.1205198211356348E-01  -3.6823465409467299E-01   2.1201246166664358E-02
   1.1801689616609187E-01  -9.7406169680217491E-01   1.9306947724119892E-01   2.2085850668602904E-02
   3.0818125296772844E-01  -5.4268207146850313E-01   7.8135810268141172E-01   1.9493403831420312E-02
  -7.5921954308115102E-01  -2.0298263115592978E-01  -6.1837184351542395E-01   2.2383131870894064E-02
  -9.0828231161076580E-01   3.4931261601481118E-01   2.3022584283240821E-01   2.2294909325380043E-02
  -5.6903798419608841E-01   7.7115260926694064E-01  -2.8551606918497824E-01   2.1536900315589613E-02
   1.4712947432130940E-01   5.6472951522806713E-01  -8.1205510429785938E-01   2.0245894292857977E-02
   9.1649570408265148E-01   1.0472188222057561E-02   3.9990743637982886E-01   2.3522925595535100E-02
  -6.6279597380885979E-01   6.6922389855063855E-01  -3.3591795235064463E-01   2.1546693067581657E-02
  -5.0728100681501366E-01   6.3669217090944556E-01   5.8076592498816905E-01   1.9239104955258504E-02
  -7.4840093340795315E-02  -9.9719554556150331E-01  -6.5886544790681060E-05   2.3297158450531907E-02
   5.8495428935895468E-01   6.2086527822472605E-01  -5.2187621679426419E-01   2.1386283139633439E-02
  -8.3114163606794697E-01   5.4246194155667035E-01  -1.2222365874438514E-01   2.1126016715729720E-02
   2.1801319535558745E-01  -8.6143321409600002E-01   4.5869713788411781E-01   2.1043435474892349E-02
  -5.4154117894179956E-01   2.5929078033297803E-02   8.4027426143055752E-01   1.5794944258129586E-02
  -4.5915628993111292E-01   8.5011989564689205E-01   2.5782099302037670E-01   2.1928680130551305E-02
   3.3214843784843672E-01   9.3117911725391042E-01  -1.5027596888748102E-01   1.8719877541033579E-02
   8.9009340885832131E-01   4.2215771679781362E-01   1.7180391629712746E-01   2.2056625037147172E-02
  -2.2947584664582350E-01  -1.6839324332948129E-01  -9.5863681934670168E-01   2.5377080851456996E-02
   4.4982234503937528E-02  -2.7736579194036674E-01   9.5971079812635533E-01   2.2699934400020365E-02
  -2.9896204373984671E-01  -7.6666604105785101E-01  -5.6819440149615658E-01   1.9108562270062201E-02
  -8.2277683230181519E-01  -1.1307309206897018E-01   5.5700337528362702E-01   2.4373762525801239E-02
  -3.7358342184597765E-01  -8.1280784585984715E-01  -4.4696625446506068E-01   2.1301915442211201E-02
  -3.7430894889445349E-01   6.4304002124079087E-01   6.6812599250453699E-01   2.3923540228558541E-02
  -2.6523455394496444E-01  -2.2113873931375884E-01   9.3848190678794516E-01   2.0867065484399205E-02
  -2.9812318645925909E-01   8.8946317833816053E-01   3.4637814607153742E-01   2.3290236628557190E-02
   4.4146595523506029E-01   6.6805918380574986E-01  -5.9900311960889744E-01   2.3739793047338539E-02
   6.6142606857351813E-01   7.0968416001736720E-01  -2.4261893749627945E-01   2.2822845791935928E-02
   2.6709836881153870E-01   6.0331037008012859E-01   7.5144864011587220E-01   2.3141303697551891E-02
   2.0048048788977630E-01  -2.6322740152234516E-01  -9.4367309438346893E-01   2.4415164625335288E-02
  -2.3323070290562784E-01  -5.6691626833949282E-01  -7.9006922729224875E-01   1.9596845997867845E-02
  -5.3448839965955379E-01   7.0751991929119792E-01   4.6231776348691795E-01   2.1322365364865749E-02
   3.2414755621070079E-01  -8.7755671985762102E-01   3.5330237083178950E-01   2.1892781787451629E-02
   2.6608205896500813E-01  -4.1260859083060390E-01   8.7117994046564533E-01   2.3549040949779014E-02
  -8.5341473319076417E-01   5.1453034315931729E-02   5.1868668619178981E-01   2.4005019191334184E-02
   4.1895747413848116E-01   2.4159074571035916E-01  -8.7527626864357301E-01   2.6259353517053916E-02
   1.3905957321591357E-01   2.6990590680083528E-03  -9.9028033918540216E-01   1.7354631073703263E-02
  -8.7367848212316623E-01   3.9779052622665913E-02  -4.8487476408594778E-01   2.3484486896032952E-02
   7.9410177345166230E-01  -9.6426842147717906E-02  -6.0008685830831511E-01   2.2903894724736049E-02
   7.2418847934956067E-01  -4.9601322722239995E-01  -4.7908446520190031E-01   2.0362486901962228E-02
   8.2590925963204000E-01  -2.6051759876712239E-01   5.0000447556663738E-01   2.2066037103278244E-02
  -9.0349189486746812E-01  -3.4216283625612327E-01  -2.5812204360332624E-01   1.8746900490135640E-02
   8.0407925947000062E-01   5.2428650179473335E-01   2.8032161623038698E-01   2.6511564724579383E-02
  -3.4638528445787857E-01  -8.2261366414056631E-01   4.5091461972336430E-01   2.2787594514762723E-02
  -3.9967620398086328E-01   7.6241120571727574E-01  -5.0890872007480600E-01   2.2571502770997824E-02
  -1.5800707319782318E-01   5.0299577816961145E-02   9.8615603090529919E-01   2.3740796424898085E-02
   5.3491710383904775E-01  -4.1026650609638810E-01   7.3861023956881863E-01   1.9938219158385665E-02
  -1.3110726655298778E-01   4.4648167513705567E-01  -8.8513558194426487E-01   2.2007204040293268E-02
   1.9506175511744379E-01  -2.8071012100624601E-01   9.3976206544803737E-01   2.0234257231332430E-02
  -7.6451732291489458E-01   6.4362661199504085E-01  -3.5468962415440707E-02   2.2466726594668400E-02
   4.6098204350977916E-01  -8.0123476112496394E-01   3.8146875773327764E-01   2.0246083265112315E-02
  -7.9328723428661218E-01   1.7378955884723503E-01   5.8351739747292974E-01   2.1823048226349262E-02
