   0.00000000000000000E+00   0.00000000000000000E+00   0.10000000000000000E+01   0.21778230253173058E-01
   0.33063712530123285E+00   0.00000000000000000E+00  -0.94375796228298747E+00   0.17640795156218539E-01
  -0.30549648443788197E+00  -0.21555369770531982E+00  -0.92747425915852699E+00   0.20395375647341941E-01
   0.62072740412820504E+00  -0.76564586459262673E+00   0.16877173873747073E+00   0.25146022184158370E-01
  -0.70200399076062653E-01   0.98570185221695816E+00   0.15317885789370364E+00   0.21011148165597300E-01
  -0.30018230928251177E+00  -0.50327365589881567E+00  -0.81031241411696198E+00   0.19665502968027854E-01
   0.40724737003125810E+00  -0.82482436863787945E+00  -0.39219171396620212E+00   0.19804093219208865E-01
  -0.46775895937749867E+00   0.87356038171884753E+00   0.13451325367152864E+00   0.20558897951152552E-01
  -0.51675023369342199E+00   0.27665341283166245E+00  -0.81020496489862825E+00   0.23663260003781189E-01
  -0.92002014597315795E+00   0.63471238247494344E-01   0.38669669370044929E+00   0.19479611898285121E-01
   0.47989451055523408E+00  -0.78020816630850742E+00   0.40121873830177568E+00   0.21107687626143450E-01
  -0.68749534224640652E+00   0.34373213054449425E+00   0.63968615493915371E+00   0.19104999020309599E-01
   0.10896269403779310E+00  -0.88749139034029878E+00  -0.44775681276767837E+00   0.21443057207904292E-01
  -0.88682848225053579E+00  -0.31212307081007562E+00  -0.34075567748358887E+00   0.21771102625875831E-01
   0.78623502387924271E+00   0.41592549459002603E+00   0.45699066749294648E+00   0.19937546483793558E-01
  -0.34877103923215752E+00  -0.67290131872100623E+00   0.65235157503945040E+00   0.20753125814826433E-01
   0.35304175775732527E+00   0.14000424261080788E+00  -0.92507314809726915E+00   0.20146635017502804E-01
  -0.66265858414448331E+00   0.71707460864842931E+00   0.21607315078771497E+00   0.19601411715291457E-01
   0.73481668214162188E+00  -0.74064962168253479E-01   0.67420977820363448E+00   0.19614746344758394E-01
   0.86167109870618797E+00   0.50422912932792918E+00   0.57235502895224021E-01   0.18194598140776005E-01
   0.97480211695747410E+00   0.51176055823526988E-01   0.21712172642454361E+00   0.18720778699975835E-01
   0.64804911244343344E+00  -0.33585822854362751E+00  -0.68354341353041692E+00   0.19602771387222100E-01
   0.47637271070352599E+00  -0.84002011351470285E+00  -0.25968297862532386E+00   0.21184409314779499E-01
  -0.42715286009992437E+00  -0.40737104844353605E+00  -0.80721079217170322E+00   0.19378540053509676E-01
   0.33554575686509869E+00  -0.26467322570092133E+00  -0.90407805451017187E+00   0.19925630491623679E-01
  -0.40512524641521341E+00   0.22144282900649062E+00  -0.88703810977804942E+00   0.17056938595100705E-01
   0.87743550155851335E+00   0.25411130559376877E+00  -0.40685917093533758E+00   0.18994240115812910E-01
  -0.92347402619694918E+00   0.36118485724219251E+00   0.12938787361469983E+00   0.19523786506293824E-01
  -0.57502362323374712E+00   0.57713600951051713E+00   0.57988090091794697E+00   0.19397448137244269E-01
  -0.51889921426106889E+00  -0.67459727905268863E+00  -0.52503534788998196E+00   0.20060690753120863E-01
   0.72622039673588948E-01  -0.99556331114466434E+00   0.59830868757857328E-01   0.20981528491603649E-01
  -0.18362345071231087E+00  -0.83058063075536992E+00   0.52575492785376277E+00   0.19080865967083121E-01
   0.51681089808504888E+00   0.85170837772972230E+00  -0.86598700484071728E-01   0.17765160148470210E-01
   0.63548626242723283E+00  -0.55378380617339829E+00  -0.53803411256756772E+00   0.20738265842930741E-01
  -0.43362583322727905E+00  -0.52555923505488988E+00  -0.73195363733399599E+00   0.20353417334673649E-01
   0.57198317389172548E+00  -0.12091834211307342E+00   0.81130389086049259E+00   0.19160137252780800E-01
  -0.78163905483182938E+00   0.46106069739622213E+00   0.42007549473649819E+00   0.22521839889531339E-01
   0.17832123620097209E+00  -0.71750550556681292E+00   0.67334046826332161E+00   0.23272809722040641E-01
  -0.63033368082107111E+00  -0.57578003442015235E+00  -0.52072718652446826E+00   0.19233966522461173E-01
  -0.20367018086144087E+00  -0.22807095275623471E+00   0.95210403734924431E+00   0.20075579276196565E-01
   0.83201597181596798E+00  -0.42916827230223170E+00  -0.35151673742831624E+00   0.18382273717106920E-01
  -0.45475889926609736E+00  -0.76100202843652313E-02  -0.89058207433653136E+00   0.21015873971424449E-01
   0.28499808024485973E+00  -0.52282909563214786E+00   0.80338398727956672E+00   0.17667939221790028E-01
   0.34377434143648644E+00   0.80159960977652911E+00   0.48913931325955223E+00   0.18671155175464669E-01
  -0.26805237812151228E+00  -0.80754366755756224E+00  -0.52537714793382784E+00   0.16087062523113923E-01
   0.61051463290875996E+00   0.47774796828631610E+00  -0.63168723416147898E+00   0.23638657805898845E-01
  -0.93955751370700169E+00   0.26319571937360159E+00   0.21899701308494982E+00   0.19474168102169537E-01
  -0.58005243329083633E+00  -0.68407872159287331E+00   0.44223916300712190E+00   0.21290981630816184E-01
  -0.99879121956253658E+00  -0.49149477289557084E-01  -0.65468079573655948E-03   0.21050510384923910E-01
   0.51186008967918772E+00  -0.81558255085266862E+00   0.26985987352377566E+00   0.17773277265750502E-01
   0.41399789745044197E+00  -0.74657272054712187E+00   0.52080218302296155E+00   0.17675793234254195E-01
  -0.54489058037704763E+00   0.79803892870814219E+00   0.25734825370055425E+00   0.20902402592419548E-01
   0.40618839789968947E+00   0.90027213961263941E+00  -0.15659201783285059E+00   0.18689869937447853E-01
  -0.96503272492451941E+00  -0.99418028506966308E-02   0.26194083374081800E+00   0.20178362908485979E-01
   0.27258249999047890E+00   0.95872427075120803E+00  -0.80910774137346694E-01   0.21322390111514412E-01
   0.25405114124584316E+00  -0.94943133067018726E+00  -0.18449435214532181E+00   0.20583621350961274E-01
   0.90375623571792074E+00   0.10502797461144402E-01  -0.42791863437628452E+00   0.15932923050895498E-01
  -0.74615098945143388E+00  -0.19591717728576238E+00   0.63629801240065598E+00   0.19946220050485294E-01
   0.93478111204834158E+00  -0.18532410044183631E+00   0.30304991396317871E+00   0.18965888789832616E-01
   0.53493144814697691E+00   0.41736949379544086E+00  -0.73460945503874076E+00   0.13961605549916286E-01
  -0.25851310946664163E-01   0.50664156159342644E+00   0.86176913253406406E+00   0.19124512219784586E-01
   0.28187100901694367E+00   0.80827708715440971E+00  -0.51694959585722944E+00   0.21615758807403792E-01
  -0.48329657426787059E+00   0.72927078278764079E+00  -0.48434341811698256E+00   0.17252699995853174E-01
   0.39028463194587154E+00  -0.90870564218457572E+00  -0.14809443584683879E+00   0.19913519536388698E-01
   0.12261372920422964E+00   0.11113399043217488E+00   0.98621250731333410E+00   0.17485007542570138E-01
  -0.48490565365390709E+00   0.78321830174578322E+00   0.38914727143451561E+00   0.20929477924189716E-01
   0.46254197314774192E+00  -0.73918308796771115E+00  -0.48955417017845188E+00   0.19161369121737649E-01
  -0.87252303777548601E+00  -0.48785115771304577E+00   0.26548003109062624E-01   0.25260044881893907E-01
  -0.17422437990048484E+00   0.92004413878179903E+00  -0.35094821290547873E+00   0.20552852109412198E-01
   0.46068718586272073E+00   0.58858962353254218E+00   0.66432640460221604E+00   0.19839827847988128E-01
   0.28698375194103409E+00   0.92913620679533393E+00  -0.23312279027119048E+00   0.20445759850304272E-01
   0.28855100668383910E+00   0.39840896880892507E+00  -0.87063689912290765E+00   0.21016893885217467E-01
   0.17463158243970628E+00   0.51363763416904662E+00  -0.84004773148900813E+00   0.22018972079834567E-01
  -0.33445247042583093E+00   0.49213293670299191E+00  -0.80370810474832688E+00   0.19225820628363637E-01
   0.43232670674556256E+00  -0.28468187299119635E+00   0.85559911747544526E+00   0.17112820016472945E-01
  -0.73918593903061225E+00  -0.33860495063572327E+00  -0.58219484276693090E+00   0.21987975472732336E-01
  -0.46554053878710572E+00  -0.44798061789877991E+00   0.76327280361142080E+00   0.20489975094356842E-01
   0.72325452475209595E+00   0.35889914549735524E+00  -0.58999516590128775E+00   0.18617984162987773E-01
   0.71240597653119009E+00   0.48643405532150780E+00  -0.50582569569577396E+00   0.20611473512207296E-01
   0.41767204081837456E+00  -0.35773045981208329E+00  -0.83521193983398578E+00   0.18765820033019687E-01
  -0.29891575621740663E-01  -0.75047883372978852E+00  -0.66021815624112179E+00   0.15714567852086966E-01
   0.15424935317495883E-01   0.99301296637296665E+00  -0.11699282023104078E+00   0.21107906543463454E-01
   0.12937034252010893E+00   0.80051032327580240E+00  -0.58518931706337562E+00   0.22079894579479863E-01
  -0.48894798998518740E+00  -0.76399120452757407E+00  -0.42100748508067115E+00   0.18356704514810977E-01
  -0.86044929986131580E+00  -0.49450664135172334E+00  -0.12284211015449677E+00   0.17560098829352777E-01
   0.33407298059499169E+00  -0.39679689647302868E+00   0.85495465761977740E+00   0.23999380464456210E-01
  -0.39467247170703511E-01  -0.88942149169313756E+00  -0.45538088070879806E+00   0.19313973506902844E-01
   0.68318794477948008E+00  -0.72910737354462829E+00   0.40702210638294614E-01   0.14893920890628720E-01
   0.20115584996714053E+00  -0.51065589631414054E+00  -0.83592277130342540E+00   0.19875312410840167E-01
   0.21126189151936969E+00  -0.22679111407390901E+00  -0.95075454443761309E+00   0.20101560438375330E-01
   0.95938110190634707E+00  -0.23515361142626137E+00   0.15585467698516497E+00   0.22507417737924900E-01
  -0.98550232009173111E+00  -0.90960747522312313E-01   0.14321773460014434E+00   0.19010652239028154E-01
   0.83828396614829459E+00  -0.53531444822303466E-01  -0.54259964662163351E+00   0.23605772470661163E-01
   0.45811805456679305E+00   0.11386598932115992E-01  -0.88881842546422041E+00   0.19068547676506512E-01
   0.67135570751750628E+00  -0.73423697173024072E+00  -0.10088400927835059E+00   0.23945114075937746E-01
   0.32958326923304099E+00   0.87297981650335843E+00   0.35955682251825449E+00   0.21328021691079297E-01
   0.51403717222270016E-01  -0.41977291243806175E+00   0.90617236762053177E+00   0.20783650371202392E-01
  -0.24950021032963349E+00   0.15566385298810270E+00   0.95578157019183363E+00   0.22388861347923943E-01
  -0.67881347843609485E+00  -0.64541137423214812E+00   0.35022338514904955E+00   0.15364563127237567E-01
   0.79950919238858764E+00   0.37195226155420846E+00  -0.47163181233972978E+00   0.22377508931499965E-01
   0.74767907785286458E+00  -0.65026676594818733E+00   0.13464445641902709E+00   0.20329298104977370E-01
  -0.92390048273308545E-01  -0.73823401121672749E+00   0.66818756622891184E+00   0.23578420072501514E-01
  -0.67238425244567745E+00  -0.72835847117670627E+00   0.13188386758128798E+00   0.18930696594620742E-01
  -0.96182898761479774E+00   0.14821217713018392E+00  -0.23003945125613615E+00   0.20652850522567930E-01
  -0.93967120357247824E+00  -0.26539127805780449E+00  -0.21583674086562579E+00   0.19349908259234015E-01
   0.93727491715631361E+00   0.32340419178351659E+00  -0.13009788009985424E+00   0.18958602373611341E-01
  -0.55358400151198539E+00  -0.81358862860357528E+00   0.17781534432363158E+00   0.21184753722865438E-01
  -0.18811837531621747E+00  -0.28642029782977763E+00  -0.93945457040747227E+00   0.19151767964116245E-01
  -0.23375751327801819E+00  -0.74834581526800947E+00   0.62075435218525488E+00   0.19360274011843967E-01
  -0.75113652598441982E+00   0.59398609135407343E+00  -0.28805284690481231E+00   0.19059224066227950E-01
   0.52453004750435650E+00  -0.63735995505443390E-02   0.85136807932518055E+00   0.16442995272614093E-01
   0.78597301589287738E+00  -0.59891997502352179E+00  -0.15343168449208544E+00   0.18198748061367866E-01
  -0.45984672195588627E+00   0.45852863946683431E+00  -0.76045544188671543E+00   0.19237753140515103E-01
  -0.82185111686756163E+00  -0.32426144655431455E+00  -0.46841782201582066E+00   0.19078090051842449E-01
  -0.65582110561957574E+00   0.28609396143831178E+00  -0.69860498327198539E+00   0.18487304154780955E-01
   0.79611414833234806E+00   0.60415071156374989E+00  -0.34701304616318943E-01   0.21508373488845912E-01
  -0.80226689463457801E+00   0.46696720152120741E+00  -0.37189980166281750E+00   0.20979285210922981E-01
  -0.60092453490403563E+00   0.29698381606481372E+00   0.74208511394984145E+00   0.20362186207296504E-01
   0.18618753439589922E+00  -0.19869507910956097E+00   0.96221331708370217E+00   0.21534432797925444E-01
  -0.30741004751793266E+00  -0.36739523762391380E+00  -0.87779257347980011E+00   0.20654507460762684E-01
  -0.89014634037298856E+00   0.43906778716021638E+00  -0.12189737896610615E+00   0.20716350816907189E-01
  -0.90681568397570564E-01   0.62707099961739521E+00   0.77366582876058154E+00   0.21342437298710874E-01
  -0.61719711823017975E+00  -0.67473943094818523E+00  -0.40471523022006545E+00   0.21748202130655245E-01
   0.79258220407664781E+00   0.43037802687223986E-01   0.60824435658776044E+00   0.22399246913174017E-01
  -0.13458254076092752E+00  -0.98725218146295379E+00  -0.84974525117662361E-01   0.18261058938934309E-01
   0.47848242730990470E+00   0.79992825654100130E+00   0.36217309555362615E+00   0.23827593271438567E-01
  -0.94539590524076081E-01  -0.60883029416683887E+00   0.78764709021760526E+00   0.20660548149323284E-01
  -0.58957438755620939E+00  -0.75927555023878501E+00  -0.27550441075835952E+00   0.25285149731796672E-01
   0.24185480484044844E+00  -0.70928659605757738E+00  -0.66213199441549697E+00   0.19822461776053572E-01
  -0.86091420142865083E+00   0.11549786500457612E-01   0.50861905215029279E+00   0.20333401954580301E-01
   0.12554925416669035E+00   0.71065981209205742E+00  -0.69224274373623407E+00   0.18510126357180370E-01
   0.98619560997228861E+00   0.13497749222594962E+00   0.95912957747007546E-01   0.20694349178277630E-01
  -0.97618104160058894E+00   0.20019066259573667E+00  -0.83631768061361064E-01   0.19840019700235443E-01
   0.38483966034616929E+00   0.70296073230085354E+00   0.59811758431573703E+00   0.21548991887306045E-01
   0.65159901453099212E+00  -0.62760324984669846E+00   0.42606676125239162E+00   0.22210579307629746E-01
   0.82432772520774966E+00  -0.94953449464256962E-01   0.55809286314076423E+00   0.20430690556910640E-01
  -0.36919367568067196E+00   0.91445395540620134E+00  -0.16574074115723053E+00   0.20742076342560138E-01
  -0.34251227013419955E+00   0.85161424158712584E+00   0.39678524208128202E+00   0.19996364705801687E-01
   0.15790041477583949E+00   0.93222833633768809E+00  -0.32560372839186624E+00   0.21864510896801602E-01
  -0.12091719686896556E+00   0.94880294834876733E+00   0.29180815051337805E+00   0.20146322346743930E-01
  -0.31611583392377751E+00  -0.29649508286350612E+00   0.90120000298515168E+00   0.20633559995237548E-01
  -0.32362628948647970E+00  -0.93985587163617712E+00   0.10925641996795950E+00   0.19618885432188510E-01
  -0.33666723663210524E+00  -0.43835381305620252E+00   0.83336732978776529E+00   0.18683347072680847E-01
  -0.87499177329540179E+00   0.38640028110173846E+00   0.29169199411342411E+00   0.23654146168208001E-01
  -0.63471069052028006E+00   0.77009883750170804E+00  -0.63954044577237204E-01   0.24000166221181514E-01
   0.92354012995677615E+00   0.27524133380321519E+00  -0.26705025093724993E+00   0.22036779803265585E-01
   0.38171242745504969E+00   0.27585843452361325E+00  -0.88215517162716606E+00   0.17540685453313977E-01
   0.80337033975336547E+00  -0.39981312597145963E+00   0.44129985441363090E+00   0.22121198820401960E-01
  -0.18639357745084331E+00  -0.97164726984749772E+00   0.14546139447626830E+00   0.20919591614352601E-01
  -0.80964970384427104E+00   0.51001262707215744E+00   0.29043842254743235E+00   0.16830657027528461E-01
  -0.64728750998249052E+00  -0.10092713954297179E+00  -0.75553463979114865E+00   0.20370845114847345E-01
  -0.53692974532732674E+00   0.53138975972667535E+00  -0.65523382989613588E+00   0.21751256149905859E-01
  -0.91032715375633266E+00   0.24630752058479477E+00  -0.33262152431444553E+00   0.19103568915873687E-01
  -0.77838822484524528E+00   0.24391340588980373E+00   0.57846177215914951E+00   0.20402279467005267E-01
   0.59719035517850905E+00  -0.77220122746747544E+00  -0.21695378304950250E+00   0.16456650305844589E-01
   0.35578361270229564E+00   0.16720671548070906E+00   0.91948895329452229E+00   0.17039817110363127E-01
  -0.84635910380560520E+00   0.31513139081034230E+00   0.42938150161751526E+00   0.19587272992692147E-01
  -0.96640488609567321E+00  -0.37875717100701528E-02  -0.25699659614662201E+00   0.19335643437597735E-01
   0.74686690284350787E+00  -0.30410564657163230E+00  -0.59136248203635289E+00   0.18596878709704841E-01
   0.77233432443718297E+00   0.52563662439097469E+00   0.35665926371681639E+00   0.19870437536768499E-01
  -0.99153592344520103E+00   0.37703742055164940E-01  -0.12423743539171332E+00   0.20521568336887584E-01
  -0.31624808570861324E+00  -0.43850521072777940E-01  -0.94766253491803898E+00   0.18136566864375769E-01
  -0.74018112034503369E+00   0.67053857290135710E+00  -0.50099214925804748E-01   0.15462635637758751E-01
   0.30563587128419406E+00   0.92761550897829070E+00   0.21474678504531414E+00   0.18935825952963968E-01
  -0.58794336320644758E+00   0.64073357748459836E+00  -0.49374394613532174E+00   0.21458682570842828E-01
  -0.26709689952830934E+00   0.85523439832961656E+00  -0.44410963756277905E+00   0.21072138262959780E-01
  -0.81213185110200115E+00  -0.45170893388035488E+00  -0.36932491857212968E+00   0.21176907219858033E-01
  -0.70518748049590385E+00   0.68539239917387995E+00  -0.18151549935614872E+00   0.20335681072377949E-01
  -0.20399170978167784E-01   0.21223361597983967E+00  -0.97700602151241900E+00   0.20245209191776772E-01
   0.90989064905877381E+00  -0.31946625714724902E+00   0.26465131267335701E+00   0.16045878677278531E-01
   0.31388183952845672E+00  -0.24627112114652597E+00   0.91696713447291300E+00   0.19948482219462587E-01
   0.52464303427403003E+00  -0.84323745981853904E+00  -0.11704816507112170E+00   0.19910209177409165E-01
  -0.76876663415426394E+00  -0.44536175358692515E+00   0.45896706924691560E+00   0.19088097907955230E-01
   0.41499428815228473E+00   0.90965684320020812E+00  -0.17440424880445636E-01   0.19684624500771995E-01
   0.15703875301666517E+00   0.97425701254520447E+00  -0.16174703569915622E+00   0.19422697151815983E-01
  -0.32742031718678133E+00   0.89221191037787762E+00  -0.31105279756524545E+00   0.19270735352717099E-01
  -0.77916838519471698E+00  -0.62071256606841274E+00   0.87249858669360761E-01   0.22219854492610457E-01
   0.44562152240173741E+00   0.88767281604018899E+00   0.11601047554267903E+00   0.21436563915494762E-01
  -0.16643580104834460E+00   0.15828168378403557E+00  -0.97326565371839069E+00   0.18381120189920518E-01
  -0.71654359096865419E-01  -0.20731907406538669E+00   0.97564566024304544E+00   0.17452532015610325E-01
   0.35076741573717839E-01  -0.55307820886045433E+00   0.83239060367370932E+00   0.20576498438873225E-01
   0.68357083300103860E+00   0.27671843087980347E+00   0.67539457081152610E+00   0.24192620046113684E-01
   0.13985520974884474E+00  -0.81960245380175689E+00   0.55560088015431153E+00   0.22899128617863043E-01
  -0.64301009088993011E+00  -0.34036462529512584E+00  -0.68606846951410927E+00   0.14459809063896057E-01
  -0.99566435155436339E+00   0.92893121346722882E-01   0.48339476923223877E-02   0.17060247661448421E-01
   0.78764728213702151E+00   0.29823718941404548E+00   0.53913480484251242E+00   0.20823654608544188E-01
  -0.24384297631485979E+00   0.61526036545633811E+00  -0.74966344822222997E+00   0.19872869625829116E-01
  -0.61877515130116945E+00   0.16637269831280929E+00  -0.76774829038450465E+00   0.21205009158451138E-01
  -0.87356578856584888E+00  -0.42204219322183018E+00  -0.24241122124982986E+00   0.19455461228140916E-01
   0.42695205172129974E+00   0.86799504911613579E+00   0.25356762459125071E+00   0.17136530415316462E-01
   0.99367230669749518E+00   0.98046665521989929E-01  -0.54792319557562141E-01   0.20322180671174965E-01
  -0.88509335753995988E+00  -0.21152200780675989E+00   0.41456988391830618E+00   0.20208957713848546E-01
   0.31821491527883944E+00   0.63805483850408218E+00   0.70115996089024546E+00   0.19831589737602972E-01
  -0.68279771500698139E+00   0.48841480164876050E+00   0.54335831815814395E+00   0.20928282661876747E-01
   0.49247257633433494E+00  -0.38971208049851191E+00   0.77820001019798501E+00   0.21897070403305883E-01
  -0.56965075757644223E+00   0.39273855463415697E+00  -0.72197953024754014E+00   0.19044566303629832E-01
  -0.69085176327308956E-01   0.80165610572084733E+00  -0.59378003214347830E+00   0.20710067288040580E-01
  -0.27976476725730792E+00   0.95790180207667552E+00  -0.64465592215707315E-01   0.19558593096020902E-01
  -0.46904084923793249E+00   0.65187193782877417E+00  -0.59587218295328881E+00   0.21258338828035649E-01
  -0.54174183918972874E+00  -0.42097341256046794E+00  -0.72752812013593271E+00   0.20157438239383933E-01
  -0.10428774145656276E+00   0.44114423037538725E+00  -0.89135617739958273E+00   0.17478165200715851E-01
  -0.70185796490656327E+00   0.45047349373025965E-01  -0.71089108407102830E+00   0.19537181328709099E-01
   0.61199971302861478E-01   0.62090182755424506E+00  -0.78149567116672336E+00   0.17874871759026457E-01
  -0.52986978979072959E-01  -0.50131514587959991E+00  -0.86364084234731897E+00   0.18920749697752284E-01
   0.40720938952376823E+00   0.86233178355668794E+00  -0.30093921006014102E+00   0.22157368073380573E-01
   0.89597744857463668E+00  -0.13175791433585257E+00  -0.42410407172715348E+00   0.19453101581785464E-01
  -0.72741328896894908E+00  -0.56455556252874117E+00  -0.39006015414193862E+00   0.21873951360317969E-01
   0.99792289747071261E+00  -0.11745325563143916E-01   0.63339861312395537E-01   0.20503650196827702E-01
  -0.94054497893030042E+00   0.33821181455162497E+00  -0.31431053222856289E-01   0.20416756734997189E-01
   0.85547661685624810E+00  -0.47155511142848017E+00  -0.21399891331000237E+00   0.21792759798041274E-01
  -0.47720850432338174E-01   0.91059643366668130E+00   0.41053240484465481E+00   0.21362078753410660E-01
  -0.83740845805431507E+00   0.32779800018896471E+00  -0.43737346221645634E+00   0.20403512514110843E-01
  -0.69654543467766694E+00  -0.21779654666270870E+00  -0.68365862950122880E+00   0.19204534535358291E-01
  -0.67944326311899994E+00  -0.46072792775426191E+00   0.57103995375933991E+00   0.19740485824302805E-01
  -0.48780312781332819E+00  -0.81800910403972293E+00   0.30481012811857738E+00   0.15178820102399966E-01
  -0.43544451854460386E+00  -0.27577975440857344E+00  -0.85693266849140781E+00   0.20033975562464300E-01
   0.39231011340259053E+00  -0.88558440752428702E+00   0.24866248625778700E+00   0.19348670691653889E-01
  -0.73605179256423414E+00   0.17625943554894685E+00  -0.65357506840679314E+00   0.20919216024431364E-01
  -0.69556382832578312E+00   0.18663694466528918E+00   0.69379940300549869E+00   0.21062904630758380E-01
   0.93852931264692030E+00  -0.20089021395863604E+00  -0.28072379884532900E+00   0.18859912946854521E-01
   0.45169697780822909E+00  -0.89217034552550900E+00  -0.13837643606787620E-02   0.19959937024857852E-01
   0.57859240407257828E+00   0.44231543805947758E-01  -0.81441660130553384E+00   0.20288455471404437E-01
   0.79352544992613716E+00  -0.56205364496999055E+00   0.23326607231972107E+00   0.18780557255706501E-01
   0.15838700664238384E+00   0.35474923909677952E+00   0.92144806336934770E+00   0.18907014570758360E-01
   0.84981073061523649E+00   0.41439909357401999E+00   0.32572244837626513E+00   0.19641586766020454E-01
  -0.35559728389279732E+00  -0.55809411674018772E+00   0.74972096712580683E+00   0.20660965211877734E-01
   0.55653363955636759E+00  -0.25723804398265421E+00   0.78999930175293276E+00   0.19174728528541646E-01
  -0.79025500948320981E+00  -0.56779673158615906E+00  -0.23044281630540625E+00   0.24238469228796022E-01
  -0.80897325600437997E+00   0.58624263783093444E+00   0.43380187398165578E-01   0.21228069019083910E-01
   0.26642640675766510E+00   0.44082994199495557E+00   0.85713822223893588E+00   0.19716495330615973E-01
   0.61691821296975502E+00   0.40124851754469409E+00   0.67706096156431106E+00   0.14535402484898784E-01
  -0.56400167504991161E+00  -0.34676914319032515E+00   0.74943530199206765E+00   0.19678899813643708E-01
  -0.52351231224808552E-01  -0.21587074498089670E+00  -0.97501752294542854E+00   0.20973240402718887E-01
   0.62741629757571707E-01   0.98999660290245484E+00   0.12637331259788581E+00   0.16705516004152789E-01
  -0.36074997279933319E+00   0.60444478122974843E+00   0.71028583230232178E+00   0.17323809595617412E-01
   0.49325554578817837E+00   0.63112349465383255E+00  -0.59865023264435480E+00   0.17755761053995945E-01
  -0.74897785285930718E+00   0.43179036214725880E+00  -0.50258258931542887E+00   0.19416406969149629E-01
   0.85410623667633556E+00  -0.51620444025365497E+00  -0.63525682467786490E-01   0.19777708488162130E-01
  -0.19386678363099663E+00   0.88784055042878574E+00   0.41731861595055048E+00   0.19610896408919016E-01
   0.98022984438853500E+00   0.39859976830828606E-01  -0.19380566146806449E+00   0.20373365208942083E-01
   0.97146463253571846E+00   0.23694692521906927E+00  -0.10612368325226199E-01   0.20241548476765670E-01
  -0.86042984063925187E+00   0.16691329292467000E+00   0.48145658369426725E+00   0.21957667168407774E-01
  -0.77818209540565386E+00  -0.49796752191724400E-01   0.62606142658785635E+00   0.21504047296446057E-01
   0.45207409715167257E+00  -0.46519947319031280E+00  -0.76106403201567441E+00   0.18215723665094379E-01
  -0.39793507689031182E+00   0.76287435736818732E+00   0.50957863912292956E+00   0.19453709261007583E-01
  -0.20013853823196673E+00   0.22704729664416362E-01  -0.97950449757274594E+00   0.20973569376625787E-01
   0.65762056814688841E+00   0.74021085053001312E+00   0.14008242255114683E+00   0.21681224655628387E-01
  -0.18294686440354480E-01  -0.64542381679601091E+00  -0.76360552719353625E+00   0.24784153452372081E-01
   0.63119494721319680E+00  -0.34419436256787239E+00   0.69507062906515160E+00   0.21581897007701287E-01
  -0.44725579221950779E+00  -0.31641523913862074E+00   0.83656658597325650E+00   0.20638600977892753E-01
  -0.18743368376589908E+00  -0.87783417610653558E+00  -0.44076725541866751E+00   0.18753299079771829E-01
   0.74123660603988084E+00  -0.50263988168617180E+00  -0.44488362883454091E+00   0.22087585607918764E-01
   0.70724049940085287E+00  -0.50318647606800260E+00   0.49660270469410217E+00   0.20067610392145923E-01
  -0.35658825506271413E+00   0.76397418090456115E+00  -0.53776227764927276E+00   0.19326034767322212E-01
  -0.81096252816719772E+00   0.57225435985738482E+00  -0.12192098069192914E+00   0.23607059194878151E-01
  -0.13871451331755692E-01   0.14392763620877888E+00   0.98949098953618786E+00   0.18242033041837347E-01
   0.44288065583508146E-01  -0.76331715766009589E+00   0.64450406055243992E+00   0.15599389510047808E-01
   0.19250926716574748E+00   0.96977774971763764E+00   0.14990429682934997E+00   0.20489181337837375E-01
  -0.24893830996756339E+00   0.11247263932923711E-01   0.96845403447170197E+00   0.15444221931539305E-01
  -0.14854682045474271E+00  -0.69683154824510296E+00  -0.70168342969113873E+00   0.19866852954902391E-01
   0.99594891785197515E+00  -0.61722641733387845E-01  -0.65391654872251029E-01   0.20005301520346578E-01
   0.17797400091409207E+00  -0.93015633827652999E+00  -0.32114551431185862E+00   0.20049455795466044E-01
   0.24834144404090760E-01   0.86135932426080630E+00  -0.50738878562763290E+00   0.19348825124675697E-01
  -0.16386212938644790E+00  -0.57092503859093058E+00  -0.80448356282952316E+00   0.20255223684314112E-01
  -0.64083627334436399E+00  -0.23424415885093006E+00   0.73106671707192894E+00   0.17463887820842103E-01
  -0.66331505918143141E+00  -0.99456739908962075E-01   0.74170175215501222E+00   0.19783396314380548E-01
   0.87467655321139726E+00  -0.28415409161288663E+00   0.39267974162399200E+00   0.20000436454313208E-01
  -0.59930923477155906E+00   0.79241912080207888E+00   0.11357983141732712E+00   0.18844583125150204E-01
  -0.70968867144910641E+00   0.70012201205415370E+00   0.78556717434256282E-01   0.21321113892236204E-01
   0.54526792819896464E+00   0.81474657852971577E+00   0.19715704210534923E+00   0.19337071689906983E-01
   0.22444921872935600E+00  -0.36705245345360499E+00  -0.90271537298612059E+00   0.21422278344848583E-01
  -0.85617780100699847E+00   0.49290680786634977E+00   0.15492724686712087E+00   0.21075308505189197E-01
   0.80610128950274429E+00   0.56381872198363081E+00  -0.17974748900265106E+00   0.17757290998480429E-01
   0.88366408580491174E+00   0.11670797812275443E-01   0.46797604205449944E+00   0.19491404646126611E-01
  -0.36690686696158947E+00  -0.90396611627098822E+00  -0.21960102825437006E+00   0.19470309631190466E-01
   0.36923177870712981E+00   0.62878171921055581E+00  -0.68432553889167902E+00   0.22042254271205083E-01
   0.94335027361163448E+00  -0.29771774247871117E-01   0.33046013789107465E+00   0.20944857953082395E-01
   0.96541141306319422E+00  -0.22949368467005227E+00  -0.12374753421337067E+00   0.24797523124594944E-01
   0.84434524328445681E+00  -0.52595486450368911E+00   0.10223791198874066E+00   0.20689329762492732E-01
   0.79983655003404075E+00  -0.36862649711500095E+00  -0.47368343738658164E+00   0.19616190131339598E-01
  -0.22662243975830354E+00   0.95014251301973873E+00  -0.21417627027878144E+00   0.19631630913695620E-01
   0.67484456554834360E+00  -0.63120720905794847E+00  -0.38231174659319944E+00   0.19622377773244760E-01
  -0.78787535385162111E+00   0.10060447561539450E+00   0.60756165636035186E+00   0.18951921353509090E-01
   0.75837544212847485E+00  -0.31045246179184048E-01  -0.65107824527172942E+00   0.17039720773351589E-01
  -0.88620812313768227E+00   0.46283472322980129E+00   0.20473921402110046E-01   0.19273237736561949E-01
   0.76888397751629178E+00   0.18369052608819911E+00   0.61243384928020361E+00   0.15282586537753155E-01
  -0.53600168413649041E+00  -0.13174557183058494E+00  -0.83387367083142649E+00   0.17640378217144675E-01
   0.71778904614996375E+00   0.67850077905815220E+00  -0.15625484966747646E+00   0.21132395173908372E-01
   0.91234691968316406E+00   0.30580388224437816E+00   0.27222616286629869E+00   0.18928950069667615E-01
  -0.27768682612438544E+00  -0.72068545222104896E+00  -0.63521847072791227E+00   0.19257732525324724E-01
  -0.57267208289338212E+00  -0.47301590484821704E+00   0.66955405997960904E+00   0.20203392058304341E-01
  -0.86485183948678879E-01  -0.97321926541524295E+00  -0.21298961097193947E+00   0.21575405745037291E-01
   0.95709740966652534E+00  -0.28922123281192141E+00   0.17765891488455927E-01   0.19407689813480126E-01
   0.70307661260615606E+00   0.42396249739692282E+00   0.57091074399350494E+00   0.21072669866717641E-01
   0.10302809748969055E+00  -0.97424395275370890E+00  -0.20058397655466892E+00   0.19950796588709036E-01
  -0.33129556077720768E+00   0.93567347238085552E+00   0.12148417383374625E+00   0.24027377296630691E-01
   0.30732005312371002E+00  -0.95095507488745756E+00  -0.35197023934278399E-01   0.20639923796678492E-01
  -0.37959128963216177E+00  -0.92324148879671397E+00  -0.59460963663730382E-01   0.23086431808232558E-01
  -0.66994886176293422E+00   0.40419935498981263E+00  -0.62272899727599662E+00   0.20622190517396735E-01
   0.32333975310281177E+00  -0.45857030304596635E+00  -0.82774674945163229E+00   0.19664707109979734E-01
  -0.61324850595141212E+00   0.70193007482711045E+00   0.36224361968372587E+00   0.19403281189499584E-01
  -0.83320480341561576E+00  -0.52295171976341470E+00   0.17969767489211411E+00   0.17162118011450855E-01
   0.69796639340037381E+00   0.11826311330463844E+00   0.70629791852671420E+00   0.19487204458431818E-01
   0.38045989778207662E+00  -0.68026363780353560E+00  -0.62649153965712245E+00   0.20106525046564936E-01
  -0.27184718649735440E+00  -0.92477583141629349E+00   0.26624944849102677E+00   0.18248379023651298E-01
  -0.88050632654574287E-01   0.60697564354122979E+00  -0.78982761045486316E+00   0.23688154753756904E-01
  -0.49074930273104295E+00   0.26719959461557463E+00   0.82931869537968794E+00   0.20879402276310601E-01
   0.28973014522192803E+00  -0.80892870035791420E+00   0.51155723109632267E+00   0.20472929720632829E-01
   0.20919691476067359E+00  -0.87864599882423289E+00   0.42920608057759591E+00   0.16694093076114219E-01
  -0.10881860735875289E+00   0.24719265611135213E+00   0.96283659125373733E+00   0.21762863301565214E-01
   0.54930927726146872E+00   0.63130122957185975E+00   0.54746513629229487E+00   0.21223375044353232E-01
  -0.84726341194246702E+00   0.19204606555743378E+00  -0.49524036536566685E+00   0.23256713512915042E-01
  -0.34290872719641269E+00   0.49756288330742193E+00   0.79677147411747928E+00   0.23852914087116834E-01
   0.33362835045291517E+00  -0.77980925489747133E+00  -0.52970713583103390E+00   0.20937906921149902E-01
   0.92739381054297776E+00   0.37393559613420491E+00   0.10624975780319294E-01   0.22322650691458324E-01
   0.67282256394935513E-01  -0.55562753818266974E+00  -0.82870449304168248E+00   0.16070610295452196E-01
   0.25420039336407230E+00   0.72294038074733735E+00  -0.64244794800703175E+00   0.17974471723611420E-01
  -0.58451232985139667E+00   0.19038216744451334E-01  -0.81116144050052286E+00   0.21309387984788326E-01
  -0.13148936754462254E+00  -0.94785658943964302E+00   0.29030747850953337E+00   0.20873077003982551E-01
  -0.78627982441320576E+00  -0.31028829400242702E+00   0.53430816232376799E+00   0.23517457008610777E-01
  -0.41592353911921154E+00   0.86914562725639033E+00   0.26756959511059075E+00   0.19472040421001955E-01
   0.51366248225910831E-02   0.37133721308745021E+00  -0.92848386591360732E+00   0.20319043582737263E-01
  -0.13477359077754592E+00  -0.80713957295674488E+00  -0.57477107529531268E+00   0.25168658515131954E-01
  -0.70844350204061146E+00  -0.70553096604805821E+00  -0.18271846204688760E-01   0.19627216173241396E-01
  -0.40772997621573082E+00  -0.88908286978265982E+00   0.20805748521538367E+00   0.21687510340886840E-01
   0.86683093976346359E+00   0.12440293487871766E+00  -0.48283333735601969E+00   0.21209961716799921E-01
   0.74294817746755171E+00  -0.17371848164668230E+00  -0.64641309913399392E+00   0.22804983563154926E-01
   0.44352772639416232E+00  -0.57429024856253674E+00  -0.68809437312450450E+00   0.18027349745497707E-01
   0.10619587521506677E+00  -0.74539051438421544E+00  -0.65811504856927605E+00   0.20872121042882576E-01
   0.66263542551620969E+00  -0.79333029734943356E-01  -0.74472851647028138E+00   0.18922033203093071E-01
   0.57799281126722624E+00  -0.81586342961862446E+00   0.17063831174284134E-01   0.21624373662664804E-01
   0.68366295586679904E+00   0.63174652862154612E+00   0.36537827843222592E+00   0.19597522432305271E-01
  -0.90606291969515751E+00  -0.30542400078140353E+00   0.29285860974225725E+00   0.18031778900045217E-01
  -0.91187109846324943E+00  -0.78944910844838692E-01   0.40281360557847012E+00   0.19375101418194245E-01
  -0.12969355306820898E+00   0.74202129844183548E-01   0.98877379931869680E+00   0.18930769602201691E-01
  -0.47650653849646957E+00   0.52538129778129528E+00   0.70492269839447952E+00   0.19858252206284566E-01
   0.38684603285877167E+00   0.72683865826045990E+00  -0.56749952574391149E+00   0.19582328456924928E-01
   0.77677455019252675E-01  -0.43356095370716830E+00  -0.89777007769376160E+00   0.21303167487573174E-01
   0.95016992296133163E+00   0.28121911722318699E+00   0.13450994612989994E+00   0.18399429540506003E-01
   0.10699732405934088E+00   0.27495261875133403E+00  -0.95548554676976871E+00   0.17424723218416809E-01
  -0.88807941224037748E-01   0.96617841424651030E+00  -0.24210002358456398E+00   0.20039661425919342E-01
  -0.18080260764189734E+00   0.53241040008593510E+00   0.82695198346108623E+00   0.20736090943015446E-01
  -0.65592787936064534E+00   0.60010684562866590E+00   0.45785411531082593E+00   0.19908601693910830E-01
  -0.25027974727114478E-01   0.78890265237087287E+00   0.61400831066302408E+00   0.16924465042075114E-01
   0.29285153535253639E+00  -0.95365024817738411E-01   0.95139029335135339E+00   0.18509228945913177E-01
  -0.49998267857075301E+00   0.12321407409345270E+00  -0.85722553221104436E+00   0.18220745480466816E-01
   0.31375127486842180E+00  -0.72423414017954524E+00   0.61403993983847249E+00   0.17528020255283678E-01
   0.53489300481692803E+00  -0.68078804352509525E+00   0.50041693935276677E+00   0.20128840188497144E-01
   0.84704025467774102E+00  -0.44328052801720513E+00   0.29330049511764467E+00   0.21688459673096499E-01
   0.82359289166417293E+00   0.52962594630317261E+00   0.20295592083680342E+00   0.22003249976241559E-01
  -0.25973081357931017E-01   0.99955927309731263E+00   0.14375625549741597E-01   0.19808633675220854E-01
   0.15568744509902296E+00  -0.98528749546240624E+00  -0.70498019291024588E-01   0.19356995225269989E-01
  -0.57428626463363708E+00  -0.58810977285060473E+00   0.56949291596187068E+00   0.21024659684739058E-01
  -0.92327364795348077E+00   0.11029090181547700E+00  -0.36796968349498710E+00   0.21156681203510837E-01
   0.91822784526357693E+00   0.12351704021693755E+00   0.37629930236270159E+00   0.21747419962111721E-01
  -0.87235437969563867E+00   0.56932853903576955E-01  -0.48554761493825843E+00   0.16000686491712733E-01
   0.95729024245582217E-01   0.91253035093798751E+00   0.39764847860136721E+00   0.15274055196948636E-01
  -0.23396571358721682E+00  -0.88474905295180850E+00   0.40308703547311270E+00   0.20612092581209430E-01
  -0.24508101494906581E+00   0.29295755288741371E+00   0.92418135034080506E+00   0.19541532164295057E-01
   0.89013055750878300E+00  -0.13288459547179490E+00   0.43590053323596734E+00   0.21029030147560447E-01
  -0.79868981513208614E+00  -0.59839240026123786E+00  -0.63412258388015411E-01   0.17801258907942125E-01
  -0.37604135193659222E+00   0.50356889550431196E-01   0.92523353014712217E+00   0.20202998689852172E-01
  -0.80122111201817026E+00  -0.20441699603608648E+00  -0.56236858143743174E+00   0.19764879398323752E-01
  -0.20617396600961990E+00   0.96178479431823916E+00   0.18017298676018650E+00   0.15802008810511969E-01
   0.22390196808038113E+00   0.61986804710725352E+00  -0.75208477771137727E+00   0.21286870805662474E-01
   0.15553430179429120E+00   0.87387811718913699E+00  -0.46059322320604246E+00   0.18517145541890656E-01
   0.39222213065131367E+00   0.34697392909615573E-02   0.91986399056414669E+00   0.20048843556997695E-01
  -0.41378907541141430E+00  -0.14083600780382777E+00  -0.89941304192014415E+00   0.18841303783442166E-01
   0.87560205584541728E+00   0.47490509659621744E+00  -0.88239384779224966E-01   0.19939972883883477E-01
  -0.48971128290511384E+00   0.40245346451028075E+00   0.77344299615362722E+00   0.18636372851722129E-01
   0.64392892871161442E-01   0.60600946577792059E+00   0.79284682173496945E+00   0.19801627388956550E-01
   0.74822428339425440E+00  -0.22006890127298878E+00   0.62588345594979111E+00   0.20813587876499208E-01
  -0.77838978843223952E-01  -0.99592401889140381E+00   0.45567992800200054E-01   0.19277069141928810E-01
   0.77450011015089193E+00  -0.63244130241558461E+00  -0.12945206647064680E-01   0.22792433141791558E-01
  -0.21082155375125561E+00  -0.38821769907446535E+00   0.89712947259536302E+00   0.20506086827554580E-01
  -0.83352041600385873E+00  -0.14703273411902509E+00   0.53256463570372214E+00   0.20348500198738094E-01
  -0.41240374305119454E+00   0.81744934277085102E+00  -0.40211904297218753E+00   0.19590279104732971E-01
  -0.76870953782329654E+00  -0.54563310266295173E+00   0.33372168604676333E+00   0.21303067276444054E-01
   0.19065560403355428E+00  -0.34297490830859340E+00   0.91979272280297619E+00   0.20602544153550343E-01
  -0.11828652960477307E+00   0.39693020129951845E+00   0.91019487595260773E+00   0.22723279629301693E-01
   0.48919697199344525E+00  -0.86091044150429363E+00   0.13971232694836386E+00   0.18960239901333439E-01
  -0.32514899485535861E-01  -0.98324619459166596E+00   0.17935914287388094E+00   0.20541448519832719E-01
   0.50010808237049975E+00   0.45463248151441599E+00   0.73702185361069561E+00   0.21040703126205193E-01
   0.97627741419662251E+00  -0.10340389667404730E+00  -0.19023681211106130E+00   0.15954158864362359E-01
   0.14425564872458460E+00  -0.93598233495436722E+00   0.32113451459539516E+00   0.19622546725539751E-01
   0.27962332761464959E+00   0.88153580704214007E+00  -0.38040165030697909E+00   0.19054734124195834E-01
  -0.45721289283018240E+00  -0.88619729515987111E+00   0.74904770750496077E-01   0.18012494374643837E-01
  -0.31898445424686776E-01  -0.83280096610275034E+00   0.55265273005551485E+00   0.21272685927552812E-01
   0.69637584307487765E+00   0.71761783496498766E+00  -0.92373222265470806E-02   0.18814843207259693E-01
   0.93457603498071073E+00   0.12484960658638482E+00  -0.33313692466455613E+00   0.23138762394369246E-01
   0.17087757116489213E-01   0.37868238457366304E+00   0.92536893192409064E+00   0.19215141495901936E-01
   0.46781180191856070E+00   0.73530774217377670E+00   0.49038213903547917E+00   0.16966310108278645E-01
  -0.95691932945830649E+00   0.13454660883056851E+00   0.25729867267683088E+00   0.18049827131275460E-01
  -0.76419951456603010E-02   0.72108272626419789E+00  -0.69280682862799903E+00   0.20623129332552607E-01
   0.38217818688138304E-01  -0.66621001551541803E+00   0.74478427317020268E+00   0.20215072377394543E-01
  -0.45977450107891815E+00  -0.68132177340414143E-01   0.88541821450006675E+00   0.20063544148841286E-01
   0.95244185726146846E+00   0.18008181496881306E+00   0.24581506962320826E+00   0.19982604055582141E-01
  -0.22750511890821803E+00   0.63790306953776565E+00   0.73574526484704894E+00   0.19161292621898623E-01
  -0.79664861791165620E+00   0.60810654120297868E-01  -0.60137595888504680E+00   0.20597939935025473E-01
   0.61174532310957341E+00   0.58309508192519965E+00  -0.53457252556431323E+00   0.18525877500129465E-01
  -0.53021645986372556E+00  -0.56703359185715796E+00  -0.63035181557218367E+00   0.19604165344931593E-01
   0.76896278372845317E+00  -0.56526178964306140E+00  -0.29862241444692605E+00   0.20150117378876377E-01
   0.23234287687399496E+00   0.56879371794748212E+00   0.78898066769053077E+00   0.18933177330878646E-01
   0.54476936947446897E+00  -0.99612440829138102E-01  -0.83264860278178032E+00   0.21293414799380676E-01
   0.30906269525676477E+00  -0.63009073270346838E+00   0.71236642183768772E+00   0.20656724964609199E-01
   0.34460593230786962E+00  -0.85765385235693292E+00   0.38167606809379134E+00   0.22458676312281160E-01
   0.31127009739243910E+00   0.94794884876889296E+00   0.67111150988728843E-01   0.19051312885418975E-01
   0.61993019324186160E+00   0.73064867544701595E+00   0.28607528480214639E+00   0.19490642079814626E-01
  -0.24436687995410974E+00   0.39445442678317538E+00  -0.88582759788383780E+00   0.21438373223662606E-01
  -0.59523026975736393E+00   0.14749353506231527E+00   0.78990289471516517E+00   0.19307108308664726E-01
  -0.76428453366220905E+00   0.37347918761652849E+00   0.52572088414104068E+00   0.17346639335034799E-01
  -0.93824524361968120E+00   0.29365690302752534E+00  -0.18292481004316399E+00   0.20314279215797853E-01
  -0.41150178890708317E+00  -0.19738181990278131E+00   0.88977901464247644E+00   0.16357768697223482E-01
  -0.24336481101845742E+00  -0.96993474634293375E+00   0.39572038035914003E-03   0.20002117431335894E-01
   0.47274333453154488E+00   0.53192127375026610E+00  -0.70254786184849394E+00   0.21812235992028875E-01
  -0.94125869602435130E-01  -0.47709926500129024E+00   0.87379437627328205E+00   0.18614872960744232E-01
  -0.22177042644798117E+00   0.79071311891166296E+00  -0.57060550429703261E+00   0.19739974773230824E-01
  -0.54203743859336595E+00   0.75851602855623113E+00  -0.36173035480372084E+00   0.19716294469083285E-01
  -0.76721644868079281E-01  -0.34729060306446474E+00   0.93461383802715903E+00   0.20898365759921860E-01
   0.94912329099553494E+00  -0.42773274715120713E-01  -0.31198625844730737E+00   0.21321075353462501E-01
   0.51293706885645696E+00  -0.63034336063788421E+00  -0.58272018249987234E+00   0.18818641547778885E-01
   0.24624045048556489E+00   0.24828546075598845E+00  -0.93686710398105699E+00   0.24806466363099758E-01
   0.41459902290270928E+00   0.41699735275276140E+00  -0.80883920404818888E+00   0.22239650416745329E-01
  -0.69666714646987304E+00   0.37661154309744656E-01   0.71640527949309685E+00   0.20489962940740038E-01
   0.76814974552432158E+00   0.63266020771073284E+00   0.98422710947892900E-01   0.19925628278625235E-01
   0.49211191974029560E-01   0.96695259553232937E+00  -0.25016182078364169E+00   0.15848807943309760E-01
   0.24624514685874715E+00   0.76336979807459382E+00   0.59718496216504646E+00   0.19216007813043497E-01
   0.82604675523611548E+00  -0.21466736103298539E+00  -0.52111868347912760E+00   0.19179354487951269E-01
  -0.94111988893056298E+00  -0.14940131560453845E+00  -0.30326984939976770E+00   0.19958482103680258E-01
   0.17292492364181178E+00  -0.47354909013561852E+00   0.86362505175290127E+00   0.19250326871817526E-01
  -0.84453425186713860E+00  -0.34422447953229790E+00   0.41020897736876888E+00   0.17221126298191124E-01
   0.87098555477858053E+00   0.27724283205213279E+00   0.40561136010072651E+00   0.21407058703348032E-01
   0.55578210062093111E-01  -0.27617494704583490E+00   0.95949906784244665E+00   0.18659178127176202E-01
   0.21199891732332307E+00   0.85647805068893901E+00   0.47063978554921820E+00   0.25046347328409241E-01
  -0.98111851168182085E+00  -0.11606748309287636E+00  -0.15470877610443981E+00   0.22339058671790847E-01
   0.57760079536392595E+00   0.69886280890545582E+00   0.42186265006958873E+00   0.18192758472876647E-01
  -0.76540710282183932E+00   0.61263827649892699E+00   0.19704392687495487E+00   0.19365041759285731E-01
  -0.68277999857509819E+00  -0.34051516092179962E+00   0.64642161065993908E+00   0.21122662401758505E-01
   0.61595801340827960E+00  -0.21490845934877792E+00  -0.75789846273657280E+00   0.21899841887377598E-01
   0.32121899850235908E+00   0.52391019244490433E+00  -0.78888304916095431E+00   0.17410583744703043E-01
   0.58766476422345193E+00  -0.57406540371726333E+00   0.57017456725561699E+00   0.18521935362276313E-01
   0.69888025898042350E+00  -0.66011376617100692E+00   0.27534741567515286E+00   0.20146550641465064E-01
   0.79120418165575856E+00   0.97307524814141455E-01  -0.60376087033277215E+00   0.18992500537317020E-01
   0.34507659920568624E-01  -0.82855212579157933E+00  -0.55884756083663933E+00   0.19959934054564466E-01
  -0.19353265763028055E+00   0.98011556794635402E+00   0.43801642660482011E-01   0.20447860668103144E-01
  -0.11566686164251216E+00   0.87238793007326865E+00  -0.47493207575425928E+00   0.19148654954089916E-01
   0.90726831692305898E+00  -0.33902819664996764E+00  -0.24884550022829571E+00   0.19961065387409552E-01
  -0.60207486728531567E+00  -0.74147438305899849E+00   0.29617831360625813E+00   0.23322499225890123E-01
   0.78812242753260064E+00   0.50256702203355086E+00  -0.35537223806095047E+00   0.23088517653005559E-01
  -0.26348129622852301E+00   0.80847555133850946E+00   0.52625553624226185E+00   0.20339738031703435E-01
  -0.19489058024019817E+00   0.52017659722963216E+00  -0.83152508646957857E+00   0.17378578223424413E-01
  -0.22232561082779473E+00  -0.53683510884201835E+00   0.81386693549045608E+00   0.22349967711699125E-01
   0.92030276918370679E+00  -0.37677126080814061E+00  -0.10529116801443827E+00   0.19592637528463474E-01
   0.25961538651190902E+00  -0.86429773498447660E+00  -0.43080073861006263E+00   0.20340936493121475E-01
  -0.92109613070696750E+00  -0.37427047441706518E+00  -0.10725451028408174E+00   0.20693329494525913E-01
  -0.25432801165321262E+00  -0.95480361918905687E+00  -0.15384183849656086E+00   0.19764440075976802E-01
   0.59668471303164439E+00  -0.72961805074815433E+00   0.33410305783815830E+00   0.18566100715414466E-01
   0.38469380721374880E+00  -0.12410055545489314E+00  -0.91466372335803170E+00   0.22665216514208053E-01
  -0.27887930162070496E+00  -0.62082702959302283E+00  -0.73266645511736916E+00   0.20323816350857730E-01
   0.62259095494357020E+00   0.77317597013203632E+00  -0.12074527747633866E+00   0.20225174882135839E-01
   0.59094773641436682E+00   0.15423792118880755E+00   0.79182790838293338E+00   0.20799245660760479E-01
   0.40876210075514674E+00  -0.51152800308014279E+00   0.75581257402287283E+00   0.18287686160543427E-01
  -0.58142907736898075E+00   0.15892043290298337E-03   0.81359707640462409E+00   0.20571030551678846E-01
   0.69013759313554479E+00  -0.43234324759383502E+00  -0.58033560876538759E+00   0.18929900588451839E-01
   0.21654746703586500E+00  -0.97361486047013579E+00   0.71981233610359130E-01   0.19356143189127338E-01
   0.14651675325017144E+00   0.98920818407017874E+00  -0.97906118000488986E-04   0.24104218299814063E-01
  -0.97209042474537932E+00   0.22234552123421208E+00   0.74851020737426860E-01   0.23181586876985662E-01
  -0.91727569485641691E+00  -0.44915776941289981E-01  -0.39571185553055871E+00   0.20432112582910465E-01
  -0.50716808952666925E+00  -0.86040511280745657E+00  -0.49835437398064154E-01   0.19081903320826689E-01
  -0.60872822553266981E+00  -0.78486471293925442E+00  -0.11591949716345677E+00   0.18656875560148029E-01
   0.18981850321968236E+00   0.93345582048411979E+00   0.30435040174075378E+00   0.21492199898799656E-01
  -0.13769601302190609E+00   0.29650186343451312E+00  -0.94505367729972478E+00   0.20753709789077306E-01
   0.20732651250769285E-01   0.50727427443857853E+00  -0.86153523878302718E+00   0.22413951860336238E-01
  -0.59930868535311399E+00  -0.79961806674408953E+00   0.37947951153744996E-01   0.20287216809244894E-01
  -0.11274427832485058E+00  -0.93332818070695256E+00  -0.34086248664712093E+00   0.18080504535970907E-01
   0.80529044003369810E+00   0.23233553471322141E+00  -0.54546082031604670E+00   0.19224679787948611E-01
  -0.30381442088910626E+00   0.69401257395436222E+00  -0.65271995898168911E+00   0.21187833946676882E-01
   0.48752238622251320E+00   0.16422019067349813E+00  -0.85752763915052133E+00   0.22477184496124503E-01
  -0.70065133101698862E+00   0.56976007977364729E+00  -0.42948942226840631E+00   0.20664015035912912E-01
   0.14980284634423535E+00   0.39332399444639177E+00  -0.90711374293409319E+00   0.18019476064159590E-01
  -0.14809171385408190E+00  -0.88702671235132050E-01   0.98498765494980334E+00   0.23521507227279935E-01
  -0.54676900411847495E+00  -0.17431383279102608E+00   0.81893732594930191E+00   0.23975604337954270E-01
   0.43088030557352774E-01  -0.13345216401768825E+00   0.99011814524413433E+00   0.19351774290327868E-01
   0.98716287763635857E+00  -0.15469452498978625E+00   0.39737349620829018E-01   0.18740822965232579E-01
   0.68074856737374767E+00   0.55109828700928665E+00   0.48256819836580617E+00   0.21265323375604942E-01
  -0.27892542972926943E+00   0.91620125560045640E+00   0.28770794894561003E+00   0.21206277678882945E-01
  -0.63983867017669482E+00  -0.46257274450566954E+00  -0.61370427095386193E+00   0.22149299897168566E-01
   0.57812338429036791E+00   0.81503901329226880E+00   0.38532575156827661E-01   0.22439787456441103E-01
   0.53754903875993254E+00   0.81102121535369387E+00  -0.23083678037628619E+00   0.20656533242301007E-01
   0.66050874261165970E+00  -0.18755589278346732E+00   0.72701512227446874E+00   0.19083652403571530E-01
  -0.94353186920192311E+00  -0.32952339259002983E+00   0.34087322222231410E-01   0.18588643775517142E-01
  -0.76813791295581824E+00   0.29220336155509008E+00  -0.56972040702065896E+00   0.20550264501012716E-01
  -0.14807148267738751E+00   0.71611703452120012E+00  -0.68209326993181985E+00   0.18695804111709968E-01
  -0.56742069547946505E+00  -0.26482712690349797E+00  -0.77967964395489930E+00   0.25622636280222415E-01
  -0.73581556537721748E+00  -0.63968871673863603E+00   0.22220215891364081E+00   0.20419370203168606E-01
  -0.88176617940899626E+00   0.37519314080173177E+00  -0.28586449927508262E+00   0.20307739494652893E-01
  -0.46431512882598552E+00  -0.58937677756446882E+00   0.66109490635689450E+00   0.19584726279266679E-01
   0.11177431681659496E+00   0.77806038896391483E+00   0.61816545780681154E+00   0.19787746934858772E-01
   0.33298829930255636E+00  -0.89526872070509755E+00  -0.29599444294555455E+00   0.20515849849896257E-01
  -0.39385674371923934E+00  -0.74614166013178473E+00  -0.53679557416456181E+00   0.20911278020210922E-01
  -0.95155155336590291E+00  -0.25835642814476523E+00   0.16673810999053601E+00   0.20459102524210324E-01
  -0.12072541865638765E+00   0.83809879220592176E+00   0.53199228170455160E+00   0.19161917501781457E-01
   0.25481069350295776E+00   0.53978460161302720E-01   0.96548321389610725E+00   0.23227914415178661E-01
   0.64283091913808532E+00   0.47227063531462485E-02   0.76599354138581788E+00   0.23038233310170037E-01
  -0.53331076866834304E+00   0.84585445033021600E+00   0.10482026471502925E-01   0.17564301400621145E-01
   0.37664971965613026E+00   0.50945394179498726E+00   0.77368706197823167E+00   0.21191546630958170E-01
   0.73480084516390309E+00   0.63727792534080929E+00   0.23225969047539818E+00   0.18093240287752256E-01
  -0.75046594640664865E+00  -0.90498610759542006E-01  -0.65468378988223463E+00   0.20155087086534681E-01
   0.56216694241065401E+00  -0.74709991132617171E+00  -0.35469712623177913E+00   0.23352599358686651E-01
   0.87005320514363205E+00   0.43919075491131088E+00  -0.22387251063881364E+00   0.22584138692448699E-01
   0.14682189773456825E+00  -0.63895656105770948E+00  -0.75510121402824226E+00   0.19838857618588290E-01
   0.43471418885145968E+00  -0.14270978906582751E+00   0.88918923189386656E+00   0.24450372029219573E-01
   0.52495424647824596E+00  -0.49988611809682465E+00   0.68886639345996870E+00   0.19997457152987876E-01
  -0.64214278179177831E+00   0.52753635177456926E+00  -0.55619964522561005E+00   0.18889406582902810E-01
   0.56613825669999707E+00  -0.48407470942388392E+00  -0.66720248050863129E+00   0.24252928878382062E-01
   0.59290550735307246E+00   0.52158797581047567E+00   0.61352183566709861E+00   0.20961902330259779E-01
  -0.12742812850935763E-02   0.92698999306916108E+00  -0.37508389589109697E+00   0.23129573860935497E-01
  -0.72021809224616140E+00   0.60656626230421595E+00   0.33669462281954093E+00   0.21492237944834403E-01
  -0.40666957899355871E+00  -0.64094236055505405E+00  -0.65100901988168858E+00   0.20301711079297707E-01
   0.13228745606511697E+00  -0.97299689618426932E+00   0.18914827248377925E+00   0.20224553497887578E-01
   0.10082235019475765E+00   0.14282263430752445E+00  -0.98459968963567357E+00   0.18632631311136714E-01
  -0.25106728122500699E+00   0.42247797224341577E+00   0.87090618511259577E+00   0.15312943330976592E-01
  -0.84844567304146867E+00  -0.43827584344971893E+00   0.29673932153600180E+00   0.21440241935001731E-01
  -0.13571036269696224E+00   0.98660439345186435E+00  -0.90523302404065878E-01   0.20533408738048459E-01
   0.85096749992263979E-01   0.17459184203919833E-02  -0.99637116322664787E+00   0.21434480168763998E-01
  -0.71005129804845002E+00  -0.68632935451003652E+00  -0.15741401232910557E+00   0.22274903351390620E-01
   0.19562446999764799E+00  -0.80860465703428086E+00  -0.55487798240749486E+00   0.18872202803144267E-01
  -0.96748965810661702E+00  -0.23971567955005865E+00  -0.80623535239995964E-01   0.19124385099881437E-01
   0.73367002840317230E+00   0.61584002832737827E+00  -0.28717477071048941E+00   0.18181110113086572E-01
   0.12560068993768356E+00   0.49489588558101372E+00   0.85982703442155273E+00   0.22201066204725325E-01
   0.17057565607587627E+00  -0.60162204816611808E+00   0.78035559632432283E+00   0.19124054787292934E-01
  -0.68175705933010555E+00  -0.56087168893486372E+00   0.46971295554297887E+00   0.20088703355815335E-01
   0.96806405839621767E+00   0.18080013980089857E+00  -0.17367581377215394E+00   0.20158137673781409E-01
  -0.39555406272368243E+00   0.58951083068821286E+00  -0.70428258814490252E+00   0.20061383483464573E-01
  -0.90909541345383660E+00   0.22334253062075152E+00   0.35165841843060786E+00   0.18775335323665994E-01
   0.14686130089746574E+00  -0.44175179007604121E-01   0.98817018365175857E+00   0.19468526782344040E-01
   0.64040713383067471E+00  -0.45831585766707555E+00   0.61629966538176306E+00   0.18240108803823592E-01
   0.54285573858480307E+00  -0.33977157948817732E+00  -0.76802533868203671E+00   0.19423295150198822E-01
   0.63043151465301794E+00   0.71387683694160819E+00  -0.30485400933979251E+00   0.22711811232828810E-01
  -0.40524870129847296E+00   0.91412229484763785E+00  -0.12406456318756968E-01   0.20471704306665801E-01
   0.75837480932481871E+00  -0.53633193514024036E+00   0.37042638125580352E+00   0.18654586648053383E-01
   0.22405264378831749E+00  -0.84645144060235183E-01  -0.97089423337379410E+00   0.20450834592640903E-01
   0.51422535295256433E+00   0.29806514265882028E+00  -0.80419491238914698E+00   0.20853809170535857E-01
  -0.24798829779905673E+00  -0.92160282962464246E+00  -0.29858002040086118E+00   0.22423646351468231E-01
   0.67643066174012212E+00   0.61078828553826769E+00  -0.41155708001083430E+00   0.20423716934744266E-01
  -0.45005584730993542E+00  -0.83627496039445182E+00  -0.31319949699735189E+00   0.18408547325483290E-01
   0.35013997332551089E+00  -0.93018447740084220E+00   0.11026711695756143E+00   0.21700953186238516E-01
   0.57920443839948887E+00  -0.66692134036167250E+00  -0.46876235376630132E+00   0.17140590196077419E-01
   0.40715971606374685E+00   0.79887940104757216E+00  -0.44273317946225982E+00   0.19515876173660792E-01
  -0.57631025666223058E-01   0.62610076165192513E-01  -0.99637274312540680E+00   0.20849536584645400E-01
  -0.98268194610101189E+00  -0.18059530919237510E+00   0.41491289505611033E-01   0.19346689309336775E-01
  -0.30660727771092533E+00   0.71461943917594073E+00   0.62873765149429339E+00   0.20531117481373210E-01
   0.21918311474983451E+00   0.75910937121109148E-01  -0.97272621627771294E+00   0.20065157625028605E-01
   0.66856224140987311E-01   0.25384493772165240E+00   0.96493160010785251E+00   0.21534747471759052E-01
  -0.94738628134032410E+00  -0.15987462613965286E+00   0.27730729857841557E+00   0.21199521278664389E-01
  -0.46187420252123834E+00   0.84862609522706611E+00  -0.25788751723383652E+00   0.19868360458330295E-01
  -0.52688556115103780E+00   0.69057963394791588E+00   0.49547086153165310E+00   0.19736383024078236E-01
  -0.90378823354741633E+00  -0.40032073509005489E+00   0.15136095255447746E+00   0.21199057138388936E-01
   0.62632228140378138E-01  -0.89569879398301100E+00   0.44022820724659534E+00   0.20923954710841509E-01
   0.97673854516623004E+00  -0.86508466752951013E-01   0.19620932589102372E+00   0.20028831038334447E-01
   0.30291600436212385E+00  -0.59229847002894542E+00  -0.74660861011821733E+00   0.23567025094582045E-01
  -0.17590366180371178E+00  -0.43503362065586043E+00  -0.88306491871384984E+00   0.21067363528346737E-01
  -0.88161622760261604E+00  -0.18798081101221398E+00  -0.43291574459578452E+00   0.20126784281705432E-01
   0.89464681327272044E+00   0.41448820196557679E+00   0.16675314069698752E+00   0.20045320310844526E-01
  -0.33839460982061192E+00   0.10639523464604234E+00  -0.93497012898218812E+00   0.24398121039185747E-01
   0.85785951210867828E+00   0.38094245171417812E+00  -0.34490564791932810E+00   0.15407112307545602E-01
   0.56351362889636591E+00   0.31021408666324118E+00   0.76564979624090534E+00   0.22089586327959067E-01
  -0.34576002951881701E+00  -0.84465783785943926E+00  -0.40866017536550342E+00   0.23744388253913225E-01
   0.44780857082548309E+00  -0.62994396282463416E+00   0.63453769596142529E+00   0.25233904941773237E-01
   0.69666385884562124E-02  -0.99601746447198081E+00  -0.88885749215408247E-01   0.20799192099078687E-01
   0.47431845184722460E+00   0.11241602863124303E+00   0.87314640395756760E+00   0.19594887949848157E-01
  -0.31594123506875904E+00  -0.10696540533481405E+00   0.94272983300879265E+00   0.23224948825623409E-01
   0.42808075380341100E-01   0.96132872613657949E+00   0.27205615043011300E+00   0.23173338832053657E-01
  -0.18711685136589104E+00  -0.12867390806170964E+00  -0.97387386725337366E+00   0.22387306018877909E-01
   0.92758152953611048E-01  -0.15151962521599563E+00  -0.98409233725044254E+00   0.19903370523245416E-01
  -0.39101200235170253E+00   0.35811380657208153E+00  -0.84785854690470974E+00   0.21023443179700712E-01
  -0.46290078594288825E+00  -0.69540659242477187E+00   0.54966583811041370E+00   0.19704795296357592E-01
   0.46630995556350574E+00   0.24522830210404839E+00   0.84995182521689250E+00   0.19889955708765613E-01
  -0.49500936786908001E+00  -0.84840928361795465E+00  -0.18752976615119743E+00   0.18216079659930703E-01
  -0.21309720267379975E+00  -0.65647610927365785E+00   0.72362193178863921E+00   0.17879859184871619E-01
  -0.44977393430074625E+00   0.65098372629170720E+00   0.61149292402037780E+00   0.20636000594455629E-01
  -0.15454105799814608E+00   0.74285826173417735E+00   0.65136676639669777E+00   0.23428203492922354E-01
  -0.27508850448883337E+00   0.24974583157609018E+00  -0.92841441948542802E+00   0.20050571254239632E-01
  -0.88893762967351672E-01  -0.89630177418486123E+00   0.43444335476397195E+00   0.19954386971984126E-01
  -0.73646059169665823E+00  -0.46294897041457078E+00  -0.49325860121228182E+00   0.18682561242144912E-01
   0.26477636100655327E+00  -0.93071548370379487E+00   0.25231362834008475E+00   0.20937884433297888E-01
   0.51776308819412764E+00   0.77448267077634347E+00  -0.36345285412391787E+00   0.16551514885501474E-01
   0.81847468415166635E+00  -0.25680304858281916E+00   0.51395659898614032E+00   0.18591322182005855E-01
  -0.59142950251311144E+00   0.44790516012057013E+00   0.67051630188568856E+00   0.21969880127190783E-01
  -0.84181740066798549E+00  -0.70614795210179090E-01  -0.53512336393585058E+00   0.20444553176541608E-01
  -0.33446355848069437E+00  -0.78818245068652126E+00   0.51662612446354328E+00   0.22472483459383404E-01
   0.60934205340524783E+00   0.18480155269285370E+00  -0.77107110442175597E+00   0.17501276102550624E-01
  -0.44056822779035922E-01  -0.78946718119692408E-01  -0.99590482078597575E+00   0.19064312131522654E-01
   0.85106559755582467E+00   0.15770918203406376E+00   0.50081449915022780E+00   0.21196515652340341E-01
   0.50341068450530352E-01   0.85783597283092972E+00   0.51145207062291909E+00   0.20750949178467655E-01
  -0.37217116691998664E+00   0.35109904823150229E+00   0.85919618297822331E+00   0.21253494409161074E-01
   0.47186699931336068E+00  -0.22392117904970793E+00  -0.85276071704317702E+00   0.19133354737481647E-01
  -0.46044373864428834E+00  -0.77337246865112352E+00   0.43575978276538696E+00   0.20315583399416210E-01
  -0.56137515697808255E-01  -0.35434927742545225E+00  -0.93342657393034312E+00   0.20202742921134380E-01
   0.90317173818271623E+00  -0.39842050377915722E+00   0.15981837665416801E+00   0.20803462502890412E-01
  -0.49024168754538938E+00   0.98290131372398892E-01   0.86602663808190417E+00   0.20267276654030688E-01
   0.44427465972689765E-02  -0.94963445766429055E+00   0.31332835623243760E+00   0.18245823368454796E-01
  -0.50996566534743915E+00   0.85155721933413731E+00  -0.12159491094061314E+00   0.19744039264360962E-01
  -0.65362973371696287E+00   0.68030336166892158E+00  -0.33159539698713653E+00   0.20790062605696151E-01
  -0.83509230772743981E+00   0.49691675488514370E+00  -0.23599698364359847E+00   0.16194086781308927E-01
  -0.69549325545612495E+00  -0.65805551491972225E+00  -0.28853434959945506E+00   0.13710499387604875E-01
   0.81027451516467994E-01  -0.30092965910217312E+00  -0.95019781749559717E+00   0.19218045838947938E-01
   0.30847766111766961E+00   0.30535998260937658E+00   0.90088668189299670E+00   0.22210570847100028E-01
  -0.38361405040284480E+00   0.20197116642545060E+00   0.90113700859872947E+00   0.19435605152474292E-01
   0.27456806285993281E-01  -0.94791480094730984E+00  -0.31733839026124039E+00   0.20306430002233460E-01
   0.71308300276008796E+00   0.22179980145482556E+00  -0.66506952963525279E+00   0.21335889356885032E-01
  -0.59063443646165104E+00   0.77442525587304079E+00  -0.22675203534169966E+00   0.19839641231501615E-01
   0.73174033879959777E+00  -0.35861604825782412E+00   0.57961246234479091E+00   0.20059892499066281E-01
  -0.36507559959902386E+00  -0.85739617501090970E+00   0.36275557287803956E+00   0.20783618718865408E-01
   0.12647157402130640E-01   0.70251138196838658E+00   0.71156012227675702E+00   0.18999165708768546E-01
   0.63199292392305995E+00   0.32837332053451052E+00  -0.70196574451487359E+00   0.21063320434254965E-01
  -0.98816774320463474E+00   0.68256873484215427E-01   0.13735177651570038E+00   0.21330321261236448E-01
   0.41346266634728179E+00   0.37554374326607010E+00   0.82946700985072597E+00   0.18791529593107637E-01
   0.69492886616075367E+00  -0.67785175265184305E+00  -0.23998098342025737E+00   0.20751613770483752E-01
   0.87995091719683749E+00  -0.27627354040040897E+00  -0.38647032770843875E+00   0.22034184592382832E-01
   0.17632196318566393E+00   0.68253405782605969E+00   0.70926569436696030E+00   0.21615716932983996E-01
   0.22237247720392633E+00   0.20737083793214875E+00   0.95265304122618943E+00   0.19445902617268633E-01
   0.53673466047735863E+00   0.69681927595061044E+00  -0.47577179498780869E+00   0.24241699261858669E-01
   0.90620537214362129E+00  -0.42192351068103678E+00   0.27791628822903956E-01   0.18157381218584529E-01
   0.69100272002657293E+00   0.74224130409855288E-01  -0.71903130625917711E+00   0.21621528229323238E-01
