   0.0000000000000000E+00   0.0000000000000000E+00   1.0000000000000000E+00   1.5484052102649751E-02
   7.1560699983526356E-01   0.0000000000000000E+00  -6.9850312940370793E-01   2.0430122823552823E-02
  -8.1377753883430585E-01  -5.3260974783536250E-01   2.3257896250420300E-01   2.1732176815542927E-02
   6.0662284245921984E-02  -8.9795181450539089E-01  -4.3589290668298676E-01   2.0293692704877996E-02
  -5.9350523457278958E-01   8.0438797692641355E-01  -2.6674315566280433E-02   1.8110753396967362E-02
   7.8309969068601414E-01  -4.7613017445491134E-01   4.0006865838378864E-01   1.7718444184268125E-02
  -2.8432411013992634E-01   8.0498360665265256E-01   5.2073140236942361E-01   1.5521697255371822E-02
  -2.6037861623106217E-01   2.0096292130458599E-01  -9.4436056698187265E-01   1.8411879446628613E-02
   6.6520972465403271E-01  -6.7920329016488887E-01   3.1012725268008285E-01   1.7340250550319746E-02
  -3.9478252369958411E-02   5.5319436559613794E-01  -8.3211625477603803E-01   1.9278483897517805E-02
  -8.4436291844456334E-03  -9.6021541145658666E-01  -2.7913270809321808E-01   2.1848867700403062E-02
  -9.3121434404619769E-01   2.3073003094772905E-01  -2.8214091915471959E-01   1.7416674236343336E-02
   9.9018757459230659E-01  -1.1661392801996826E-01   7.7004927860229219E-02   1.8685681286312291E-02
   6.4553735450976770E-01   2.3317014345070083E-01  -7.2726419417960492E-01   1.9124133535711136E-02
  -4.4701389318288411E-02  -1.2717769448726530E-01   9.9087215109615360E-01   1.9585174129229558E-02
   3.4766585526272892E-01  -9.2978997276633954E-01  -1.2090930331287572E-01   1.8756368282913992E-02
   5.7356609515264311E-02   9.8906046240448546E-01  -1.3590298397437412E-01   1.8380002138296486E-02
   5.6920192738523933E-01  -7.4056780578511407E-01  -3.5716731498773839E-01   1.6340614557243897E-02
   7.6332674769725237E-01   4.5614860830086829E-01  -4.5745024144175081E-01   1.9448488568048102E-02
   1.7473931309773316E-01   9.1825427505842007E-01   3.5535230236353827E-01   2.1767637194941431E-02
   8.6878485311134543E-01  -4.6508115416577586E-01  -1.7003646386621835E-01   1.6278113286204105E-02
   5.3927881766774730E-01   5.9153953065158759E-01  -5.9938246595256359E-01   1.9079172584658881E-02
   5.8427541636563775E-01  -5.9339331908701993E-01  -5.5363038815951091E-01   1.7180946940492689E-02
  -5.9237850119566175E-01   7.5202078496346205E-01  -2.8905440716951522E-01   1.9057788939958964E-02
   9.6120321888377908E-01  -2.1541594205122724E-01  -1.7229145050653016E-01   1.8200108206879646E-02
  -7.0360648757921806E-01   3.5434221114973163E-01   6.1593790923595106E-01   2.0521852733919527E-02
  -7.2105282398123033E-01  -4.5871568523528578E-01  -5.1929061723452623E-01   2.2637517973589775E-02
   4.5591240360522835E-01  -8.8984868845531099E-01  -1.7697228406336565E-02   1.9129967504914871E-02
  -4.5886650955889276E-01   8.3349438773154620E-01  -3.0778016834301298E-01   1.8286533908085434E-02
   7.3640015684597601E-01  -1.9771999947842422E-01   6.4700974552434198E-01   1.4424740824748012E-02
  -9.0989369566487265E-01  -2.6118437879768929E-01  -3.2229828243629405E-01   2.1606818759471777E-02
   5.2350182832185243E-01  -6.9947652177228505E-01  -4.8649607524935269E-01   1.9391190234374127E-02
  -4.9024561767982275E-01  -5.5608455434462547E-01  -6.7114022585825416E-01   1.4487507236937570E-02
  -2.7047720243714792E-01  -6.3445113632153802E-01  -7.2409518613375913E-01   1.7163494283559721E-02
  -9.0568032429352474E-01  -4.2235685708405243E-01   3.6848818999488197E-02   1.5063066742879338E-02
  -9.5669644888678071E-01  -1.3689344749001397E-01  -2.5688925380739875E-01   1.9522846580544495E-02
   8.7639275393414948E-01   2.2681386508654970E-01  -4.2484257255625621E-01   1.7618473257351785E-02
  -1.5143424139069916E-01   8.2030391385995002E-01   5.5151533019533669E-01   2.0104751817792831E-02
   2.9067514021354714E-01  -6.6740862171497390E-01   6.8561920518780201E-01   1.7578700945013001E-02
   5.8363641316904733E-01   4.7344527506077414E-01  -6.5971062500599231E-01   2.0913755903710131E-02
  -6.9585265702406884E-01   4.2917211886321160E-01  -5.7584752504721681E-01   1.8626276896177857E-02
   3.1927673663757225E-01  -9.4756841049906608E-01   1.3284309027407110E-02   1.8404873855573690E-02
  -3.2729090087307248E-01   3.3086067216220858E-01   8.8510557665290079E-01   1.9881707889442941E-02
  -1.8925426508573949E-01  -1.4985844396737539E-01   9.7042530362647365E-01   1.8332660567619100E-02
  -4.5816876270442934E-02  -8.6696384209078942E-01   4.9626052669539966E-01   1.7666885292896912E-02
   6.4151724192329808E-01   3.5845128083590998E-01  -6.7820963394972508E-01   1.4593018724154937E-02
   2.2612547387807260E-01  -9.3666975601169397E-01   2.6742669694032206E-01   1.7186013638894697E-02
  -6.3825043733698123E-01  -5.0145836541260297E-01   5.8410263395817043E-01   1.8915038377239932E-02
   5.2848545346116884E-01   8.4149063916362756E-01   1.1223470800038788E-01   1.7664133025003816E-02
  -1.6226786910105728E-01  -9.3970978692648330E-01  -3.0102268188956382E-01   2.0558854666307708E-02
   7.4519798299336521E-01  -6.3736748319295175E-01   1.9606799206117855E-01   2.0741359769054468E-02
  -3.8864334387406040E-01  -2.8533844675610069E-01  -8.7609264468160255E-01   1.8327186711058626E-02
   5.0343152647421929E-02  -7.3189384232334919E-01   6.7955645133475321E-01   1.7472095444350217E-02
  -8.6742354528844938E-01  -7.1991121772644151E-02  -4.9233491798280315E-01   1.9042352311265226E-02
   8.0671811763243681E-01   3.1759059446723276E-01  -4.9833933518188953E-01   1.8187398755285961E-02
  -2.6165085404503822E-01   4.5499150169196393E-01   8.5118832461776268E-01   1.8079968701732624E-02
  -6.8259832524191201E-01  -3.6270574594594910E-01   6.3443208323249988E-01   1.7840923753146286E-02
   4.0766542805852692E-01   6.4862140140741111E-01  -6.4272791786427339E-01   1.9883680012066237E-02
   7.9343131072020991E-01  -5.6609840868716290E-01  -2.2360533725891134E-01   1.9676017645715502E-02
  -4.7658506878028736E-01   8.8374173412561667E-02   8.7467518410512550E-01   1.9476098084066755E-02
  -3.3498548026168810E-01  -1.6039353590711180E-01   9.2847113129760803E-01   1.9650791916135057E-02
  -7.4506137254662547E-01   5.5800815294314407E-01  -3.6539082143359773E-01   1.6359956566836593E-02
  -6.4629798868288972E-01   7.4612857996314243E-01  -1.5997203501436123E-01   1.9013618871636987E-02
   4.4177153936312869E-01   8.4189137190063938E-01  -3.0993035496380629E-01   1.7577480187770106E-02
   4.1980612500484459E-02  -7.1739650823349627E-01  -6.9539907833449943E-01   2.0284221169081786E-02
   8.9131478152331151E-01   6.0868847592489450E-02  -4.4928047323561006E-01   2.1374160465932732E-02
   3.1429882065308349E-01  -8.3121400450081281E-01  -4.5858426712852189E-01   1.5489897615997632E-02
   9.6925634287889135E-01  -1.2948482180471860E-01   2.0922672561419424E-01   1.6737766965346616E-02
  -6.2622258492465441E-01   6.9360138443095884E-01   3.5603706779735895E-01   2.1690027199574215E-02
   2.6537954110492938E-01   8.3165094232560310E-01  -4.8778110796941849E-01   1.7433744260194252E-02
  -7.4988088606202403E-01  -5.9800537907082240E-01  -2.8296328970591861E-01   2.2653696773831208E-02
  -3.7685704382127744E-01  -9.1412796669996172E-01   1.4949524748058555E-01   1.7417769855229896E-02
   1.9965425402988545E-01  -3.1481389866586817E-01   9.2791723125210161E-01   1.7918248193597969E-02
   5.4074171004871889E-01   2.0908739344618463E-01  -8.1478884682810175E-01   1.9269911056942497E-02
  -9.7909914364792385E-01   1.9862930676784406E-01  -4.3718021465157326E-02   1.7474287299371233E-02
   2.5757098845274195E-01  -3.7842528411854643E-01  -8.8907338856096398E-01   1.8473690398403789E-02
   6.9342099452486491E-01   7.1873078894218158E-01  -5.0925213585184545E-02   1.6789798974517193E-02
  -1.8631449884601728E-01  -4.0954793341252422E-01  -8.9306069097082545E-01   1.9903885399933683E-02
  -7.5632421998812855E-01   4.6499459249755474E-01  -4.6016703837561188E-01   1.8759573527982137E-02
   9.3440646825272803E-01  -3.5500122215301073E-01   2.9303316490326697E-02   1.7036409104592338E-02
   6.8325834385353969E-01   6.2532600311797370E-02   7.2749413018440449E-01   1.6731452510056161E-02
   6.3746659908203682E-01  -7.6828261809428646E-01   5.8121887348662673E-02   1.6253174118615289E-02
   9.1268507473896107E-02  -4.1499142901435366E-01   9.0523597663156980E-01   2.0098244096410997E-02
   4.7873605518932720E-01  -8.4639521473381496E-01   2.3329579922806296E-01   1.8195203021224958E-02
  -8.9506004260579992E-01   3.5928369918048201E-01  -2.6416423609885675E-01   1.5343015020925863E-02
  -7.4374933330757500E-01  -5.7373828830888111E-01   3.4301793791714878E-01   1.6104132438007294E-02
  -3.6556366253300436E-01   7.9329293234360429E-02  -9.2739962900056873E-01   2.0907603478063347E-02
  -8.4036441771428798E-01   3.5147502382055146E-01   4.1261719919323329E-01   1.9478606497315913E-02
  -1.9762054641785283E-01  -5.0532410857094074E-01   8.3999622911682951E-01   1.8868885881190621E-02
  -1.9382102587620444E-01  -1.5531424860634002E-01  -9.6866448995931691E-01   1.8940635599050189E-02
  -9.0631512753724106E-01   4.2190505274917891E-01  -2.4269653105617345E-02   1.9224739958714405E-02
  -8.9573747886988765E-01   5.2201571113419404E-02   4.4150805759477149E-01   1.7092938052651607E-02
   9.9034080638174266E-01  -1.1212185747520480E-01  -8.1570682793938846E-02   1.8834271690128689E-02
  -3.4835828907420420E-01   9.3528439654803321E-01  -6.2366657815491279E-02   1.8599293450004592E-02
   6.2051570983637240E-01  -5.5907440873996447E-01   5.4990550037103815E-01   1.9319360670986863E-02
   2.2686515996150373E-01   9.3772232793233563E-01  -2.6307610095332250E-01   1.4270502543991567E-02
  -5.1349562882800672E-01  -1.1840106661862868E-01  -8.4988436072097535E-01   1.9160288001511624E-02
   7.7207772568635073E-02  -9.9546002222220764E-01  -5.5662411125926762E-02   1.6632850469226325E-02
   3.2410921162828785E-01  -2.5390479160923979E-01  -9.1130981325538140E-01   1.8854919166502053E-02
  -9.8387318945310742E-01  -4.3521791627374515E-02   1.7349178864981888E-01   1.9335389973114878E-02
  -6.0081042766671535E-01   4.3336209177659075E-01   6.7173218429516721E-01   1.6188767032445275E-02
   2.6718425825286162E-01  -5.6382251395532261E-01   7.8148368178674605E-01   2.0569892790194628E-02
   3.4111962709768786E-01   5.4998542520487045E-01  -7.6233419972539095E-01   2.1312319939671837E-02
  -3.9058517941530572E-01  -6.4188870548351530E-01  -6.5986521911206263E-01   1.9340234596827425E-02
  -4.6321651785097275E-01   5.3004091099699133E-01  -7.1027254646332691E-01   1.8896908918179287E-02
  -8.3993333174781312E-01  -4.8851313618531699E-01  -2.3636182854556735E-01   1.7142426271989227E-02
   4.6909407935846871E-01   1.1216776718512089E-01   8.7599608259143213E-01   1.8427776613150445E-02
  -2.4844097998594989E-01  -9.6680642153697284E-01   5.9686034702381078E-02   1.9141327979971523E-02
  -9.0404038220266826E-02   9.2895265844259000E-01  -3.5899034561658234E-01   1.8631246678983494E-02
  -7.5324128656997499E-01   6.4503286064743647E-01  -1.2868633529397575E-01   1.7485732692989333E-02
  -7.8881900718496993E-01  -6.1404358855253216E-01  -2.6740330238178371E-02   1.9053405871874701E-02
   7.9363437333182194E-01   6.0694006365572281E-01  -4.2050452979647605E-02   2.0163270377489852E-02
  -6.1840469362018692E-01  -7.7668528624522092E-01  -1.1973137031998721E-01   1.8283159080029218E-02
  -2.7579566989149082E-01  -9.5828739050643196E-01  -7.4980168481252755E-02   1.7100829099342043E-02
  -3.4180405156078470E-01  -1.6735231690481295E-01  -9.2475034055858742E-01   2.0017665110326965E-02
  -1.2078839003106489E-01   6.8186183426287723E-01  -7.2143925857231234E-01   2.1831144935111757E-02
  -4.9372184773266223E-01   1.5571708545405695E-01  -8.5556468275001851E-01   1.8976903796350415E-02
   8.8178733529855772E-01  -4.6313901020245671E-01   8.9181570606026667E-02   1.6688491993264924E-02
  -8.6473969522538247E-01   3.1901419502060153E-01  -3.8788555383884876E-01   2.1161010756973284E-02
   9.9998477634592841E-01   6.6182273471590269E-04  -5.4780532172731524E-03   1.8875143957645537E-02
   5.2123847525711859E-03   9.2858286875196824E-01   3.7108851626742094E-01   1.9990426646046417E-02
  -8.3611034331797444E-01  -1.4352874135459314E-02   5.4837349388965783E-01   2.0278689891690522E-02
   1.9295462486408577E-02  -2.8829633829784121E-01  -9.5734680573525299E-01   1.8266722640891119E-02
  -3.2442253126728264E-01   9.2630386092371779E-01   1.9160161388658135E-01   1.9042035974103013E-02
   7.4877480577349970E-01   6.0385849948622007E-01  -2.7329691333256707E-01   1.6237640131797244E-02
  -4.2101965630928583E-01  -8.1533369720221049E-01  -3.9745869119668899E-01   2.0884393711134237E-02
   5.1174082417676007E-01   6.9278745014002485E-02  -8.5634209540356902E-01   1.8832049230034224E-02
   9.2961503257367699E-01  -3.5023236761160592E-01  -1.1468731355389878E-01   2.0574860715868572E-02
   5.8742791788802488E-01  -3.9935723625317297E-01  -7.0387657947822592E-01   1.7810748038170243E-02
   1.3966369588919114E-01   6.9422236264071930E-01  -7.0608028103049935E-01   1.9032210854698279E-02
  -3.8871891466213792E-01  -2.8546106353749415E-01   8.7601917021714328E-01   1.7123552295137445E-02
  -7.0407667275105643E-01  -1.8555363621380884E-01   6.8545305234978384E-01   2.1061038029288718E-02
   8.9015649333800670E-01   1.9421554487328197E-01   4.1219138697667787E-01   1.9564424550156303E-02
   3.5099109166900261E-01  -8.9824919586524814E-01   2.6448749629507384E-01   1.8340986939621773E-02
   3.5096840117558776E-01  -8.1071809940142340E-01   4.6856946622586868E-01   1.9586658207428509E-02
   8.8527539714967726E-01   3.9815331637498928E-01  -2.4033603113365815E-01   1.8472624855491840E-02
  -1.2472184478689303E-01   2.0908300480392925E-01  -9.6991172718712608E-01   1.9034316907659425E-02
   4.2010496408148636E-01   9.0423320597163030E-01  -7.6642862501085042E-02   1.5720482942038637E-02
  -4.6425297787009558E-01  -4.9339701836809526E-01   7.3554643279960369E-01   1.3961753563753211E-02
  -1.7360525241554915E-01   9.5172503440240987E-01  -2.5314161101143572E-01   2.1088877382103663E-02
  -1.3411456495634523E-01  -9.5301846790169690E-01   2.7160464521961480E-01   1.9281328219268331E-02
   4.6353191362334715E-01   7.0806987284278521E-01   5.3270556616678952E-01   1.7953958969128307E-02
   9.8867789492965165E-01   1.3003402288924819E-02  -1.4948890128161775E-01   1.9070754196934792E-02
   2.1436106119111202E-01  -9.7183081147260832E-01  -9.7950034800973941E-02   1.7961112246247186E-02
   3.5302317505805129E-01   4.6780914840047813E-01   8.1026491874247632E-01   1.8938355154666981E-02
   1.1838317788118088E-01  -6.2725023572165721E-01  -7.6976786434734867E-01   1.8301728724767551E-02
  -3.8513234642148507E-01  -5.1773700906820154E-01  -7.6395121911087624E-01   2.3463194658763693E-02
   1.1754397275299175E-01  -5.3755838025092490E-01   8.3499365404261958E-01   1.7494027881076457E-02
   3.9424726477833118E-01   8.0402681503571908E-01  -4.4509546719588390E-01   1.9036443517343004E-02
   3.3998951683663047E-01   5.8846005448406870E-01   7.3356791963512240E-01   1.7745547765931135E-02
  -8.7613009180212646E-01   2.0354119611017402E-01   4.3699776169316582E-01   1.7769510966842087E-02
  -6.8299241591145598E-01   6.9408051874424714E-01   2.2753811396587946E-01   1.7241627823088818E-02
  -1.1415433133237236E-01   4.5647164394345933E-01  -8.8238451194114606E-01   1.7613975767849461E-02
  -3.2187247229135804E-01  -6.9493230671838439E-01   6.4301415276812861E-01   1.4911198238398992E-02
   9.2229289212582408E-01  -2.1094070870808470E-01  -3.2385156869145168E-01   1.9124379017114520E-02
   4.6866263567590502E-01   6.1029039719594857E-01   6.3867124955780285E-01   1.9117475701369912E-02
  -9.0571985313412959E-01  -2.2705168682302216E-01   3.5793725588364084E-01   1.8377413163910460E-02
  -9.2969761488646280E-01  -4.4346027878820413E-03  -3.6829699859289650E-01   2.1578060687946956E-02
   6.9788364843209205E-01  -1.4417830759711343E-01  -7.0154902100248435E-01   1.8193402965312021E-02
   9.1323255504131495E-02  -8.0963332433155557E-01  -5.7978784321160201E-01   2.1367520641132640E-02
   8.0208370124190544E-01  -3.2092259922228096E-01  -5.0365704751398157E-01   1.6493555034076301E-02
   8.3631149220766349E-01  -4.6002322486064146E-01  -2.9826451446695276E-01   1.9434472114619115E-02
  -4.0395955632840365E-01   9.1171863161648332E-01   7.4738300852550985E-02   1.7187210630566667E-02
  -7.9048837802005120E-01   3.4389430118443975E-01  -5.0681834401301468E-01   1.6198549463273952E-02
   6.4668948555746466E-02  -2.5318276602502240E-01   9.6525458511245254E-01   2.2355228240419311E-02
  -1.4344410969514975E-01   2.1118708893324806E-01   9.6686286559246141E-01   1.7965918415892414E-02
   2.7835945957771333E-02   8.2634007559960078E-01  -5.6248310158677847E-01   1.8160324824758939E-02
  -2.7705066847404342E-01  -9.3557974349576511E-01  -2.1893713860029357E-01   2.0129809098810480E-02
   9.5495965923342591E-01  -2.4134533719548998E-02   2.9575255454335325E-01   1.9292252027401080E-02
   3.9589735350589512E-01  -3.5283446164469034E-01  -8.4780488802726878E-01   1.8723610223726570E-02
  -3.2849645111963154E-01   5.4585384972565575E-01  -7.7080065927676058E-01   1.8328134223108701E-02
   8.8463008805144802E-02   9.5841553342730172E-01  -2.7131892922979310E-01   2.2172895854495249E-02
   2.8331502774080732E-01  -1.8926621077079134E-02  -9.5884012122503001E-01   1.7345886687321558E-02
  -8.7058176235827442E-01  -4.8578324668061529E-01  -7.8115506102190410E-02   2.1532669641724280E-02
  -8.6288918783321424E-01  -3.8871958871966105E-01  -3.2298503195373258E-01   1.5532114498051643E-02
  -1.2531547948948698E-01  -2.9001275089003119E-01  -9.4878271217466689E-01   1.9350582621625040E-02
   6.5945637756323343E-01   5.3609696159002497E-01  -5.2698893144460026E-01   1.7778346611959698E-02
  -6.0889018714393428E-01  -1.8855477639552415E-01  -7.7051919917563278E-01   1.7075138810472099E-02
   7.3246361638879529E-01   6.4530933058426187E-01   2.1696294275184357E-01   2.0739235755976572E-02
  -5.8938803394760617E-01  -8.0396981186078910E-01   7.9084050578500129E-02   1.9335836386290438E-02
   1.7566380629833158E-01   9.0848543748623171E-01  -3.7920500660227607E-01   1.7596455470297658E-02
   1.7206204102619504E-01   9.8500721751849855E-01  -1.2467376402638421E-02   1.9535774529787421E-02
   1.6236006795721955E-01  -4.4109934526031713E-02  -9.8574516078398097E-01   1.5997951729873747E-02
   1.6920110247296474E-01  -9.8477013400221640E-01   3.9984623284333942E-02   1.9805732879078910E-02
   8.0676104736099301E-01  -3.6404320142677644E-01   4.6541289190990084E-01   1.6771738380058223E-02
  -5.5364311821755984E-01   5.4755054449551776E-01   6.2742943736566827E-01   1.8328313334129466E-02
   4.5467074323280973E-01   2.4639389366896273E-01   8.5589985653157594E-01   1.8447501063882080E-02
  -9.5185274663605596E-01   1.0026918582883768E-01  -2.8969369874855486E-01   1.6052193208412743E-02
   1.9842953595395957E-02   7.4210733340479659E-01  -6.6998728562520728E-01   1.7612222232344518E-02
  -5.3339454043531038E-01   8.2692600270169140E-01  -1.7799901766472272E-01   1.8639937831755011E-02
   7.9372823352591606E-01  -6.0423908145585079E-01  -6.9932994682186544E-02   2.2790521858905625E-02
   6.5051557651836269E-01  -2.7570713468241492E-01  -7.0768288137568724E-01   1.8921548264904213E-02
  -7.7143309980216105E-01   6.1623709255876546E-01   1.5856487090257003E-01   1.8245207485217441E-02
   9.1765675064718461E-01   2.6799316482939037E-01  -2.9340373480304933E-01   1.8429605000755724E-02
  -1.5402561163152781E-01  -3.7854169001709081E-01   9.1267863998262743E-01   1.9036265587194861E-02
   8.0431565617358415E-01  -2.4917098183657433E-01   5.3943502578591830E-01   2.0524757850674970E-02
  -3.2544224742192691E-01  -4.1473097674126844E-01  -8.4975617710270192E-01   1.7851775325924512E-02
  -4.8561864335359334E-01   3.4082869184131996E-01   8.0499089190198294E-01   2.1369313851699436E-02
   4.3111483348178438E-01  -8.2657997107436518E-01   3.6180872262934009E-01   1.8248692705360118E-02
   4.5411427914707589E-01  -4.5005515310302000E-01  -7.6891519730081352E-01   1.8582310196250572E-02
   8.6072849086868252E-01  -3.9182271248056444E-01   3.2499450301704060E-01   2.1272790233845610E-02
   8.0494102173622508E-01   4.9654808128368683E-01  -3.2482295870170734E-01   1.7826116189095326E-02
   7.7125761598005428E-01   2.0593195424331964E-02   6.3618991668760225E-01   1.8928349670692764E-02
   6.9737182855174753E-01  -5.7419044704051618E-01   4.2892640775522821E-01   1.7731215550249725E-02
   5.5929629883849028E-01   2.8336603194176209E-01   7.7903231129854075E-01   1.5978196038438740E-02
   6.5364612248878559E-01   6.2777246813175366E-01   4.2266827987340374E-01   1.6510805547667459E-02
   1.8199335378979089E-01   7.8009170964494050E-01  -5.9861117908002512E-01   2.1196493345759388E-02
  -2.7448119571802416E-01   8.7096299705241655E-01   4.0753347219912638E-01   1.7653381206835114E-02
  -6.3752638680614461E-01  -6.7501114625274416E-01  -3.7137589927250052E-01   1.8583458981885545E-02
   7.3385287154018499E-01   2.7780895295330525E-01  -6.1990495125560407E-01   1.8052608911413026E-02
   6.8550593983353733E-01  -7.2579995864514410E-01  -5.7411031027543151E-02   1.8106879569854912E-02
   5.2345405758974941E-01  -6.5503641919012656E-01   5.4490654164489891E-01   1.4149288338490880E-02
  -7.9796232342962802E-01   2.7520492309463255E-01   5.3620740454722106E-01   1.8705757176929688E-02
   6.3522126118788939E-01   7.4973189094178156E-01   1.8546169696119916E-01   1.7139810758219889E-02
   7.0081029466450974E-01  -5.0636323385271300E-01  -5.0245517839352178E-01   2.0567507020989852E-02
  -4.0100871711998582E-01  -7.4561234884551712E-01  -5.3221634139027917E-01   1.7421117769170502E-02
  -4.9619600384833786E-01   6.5855738729367576E-01   5.6576646543062967E-01   1.6102100334380939E-02
   7.1003281449387509E-01  -3.7632501989154447E-01  -5.9517466490563499E-01   2.0838870778925735E-02
   3.4309783319747264E-01   7.4558264161080591E-01  -5.7130587375227612E-01   1.9301532009969960E-02
   9.2832101196013994E-01   2.4529307791405741E-01   2.7937681485898160E-01   1.8406061179328219E-02
  -1.4873680102974771E-01  -6.1638393543058356E-01  -7.7327110909599063E-01   1.7328969142884669E-02
  -9.3532583787232184E-01   1.4053186570718563E-01   3.2467887478136958E-01   1.9625492042668607E-02
   7.4840978903168364E-01   1.6941314648209022E-01   6.4123472572887738E-01   2.1989098221036948E-02
  -6.4527387557158890E-01   6.5602751286280955E-01  -3.9147097960367114E-01   1.9117817080418133E-02
   3.6115439310777945E-01  -4.6328148648993616E-01   8.0928225522040602E-01   1.6469386207575789E-02
   2.0924715891430873E-02  -6.1537955812436511E-01   7.8795314309134152E-01   2.0019278312392989E-02
   3.0625574438058968E-02  -3.3696120507912903E-02  -9.9896278491896541E-01   1.8310010156074536E-02
  -7.0483729116452540E-01   5.6366831688941854E-01   4.3067670185291460E-01   1.9400591461144982E-02
   4.7393922127223833E-01  -7.4609409163404709E-01   4.6768068269774705E-01   1.8165567025141271E-02
   7.3320760195623648E-01  -6.7702401777839780E-01   6.3601036035433304E-02   1.7761165604315786E-02
   5.9355520058075388E-02   9.6724610757337909E-01   2.4680334200083748E-01   1.7361528843513520E-02
  -8.8179180827923193E-01   4.4193478380524560E-01  -1.6473267348845173E-01   1.7759373416781971E-02
  -2.7737678341596310E-01   2.1991286010614925E-01   9.3525421890614701E-01   1.7175697004641337E-02
  -2.2847512568094643E-01   7.3617966835996657E-01  -6.3705463881717800E-01   1.5920471873461221E-02
   5.0314873218553621E-01  -7.5216410946271228E-02  -8.6092034754932420E-01   1.8533576005420437E-02
   7.1556447180958082E-01  -4.5097068129327819E-01   5.3347252159577260E-01   1.9737448194885260E-02
   4.6845795581862157E-01  -2.9863736200544156E-02   8.8298091762528070E-01   1.9076549949915712E-02
   8.4975220640233555E-01  -1.0764915858811072E-03   5.2718121066690928E-01   1.6598803536779234E-02
   1.8650638524687666E-01  -8.7045254339035036E-01  -4.5555212431445637E-01   1.7702318512782422E-02
   9.9027286611898635E-01   1.2751765221464212E-01   5.5667755497719983E-02   1.5022380946696094E-02
  -6.0549899892255343E-01   1.1008510767513981E-01  -7.8819555401685592E-01   1.8374403886156382E-02
   5.3525843991683919E-01  -8.3833259214965831E-01   1.0342566140676137E-01   1.8872623966025161E-02
   5.9739880137214962E-01  -6.7470332979670608E-01   4.3346290369575575E-01   2.0517132339670887E-02
  -3.8687831176059447E-01   4.3098374567877462E-01   8.1521664779981382E-01   1.4118811053166773E-02
  -1.1875738162165494E-01  -9.8562564708027089E-01   1.2016142529100621E-01   1.6228707666095225E-02
   5.1220103745855150E-01  -5.7020216170866779E-01   6.4227688111058913E-01   1.7855967238140508E-02
  -1.7567311962416118E-01   9.6932866802924948E-01   1.7187462982696497E-01   1.8297298412997182E-02
   8.5463611803939389E-01  -1.9207698885016707E-01  -4.8239354897926220E-01   2.2148315235301785E-02
  -6.6352384109244528E-01  -2.9109396658831316E-02   7.4758862707246027E-01   2.0611778183344626E-02
  -4.0095889666480477E-02  -4.0635974549055244E-01  -9.1283299506355870E-01   1.8050385910717810E-02
   3.9491459638379255E-01  -7.5321155667702459E-01  -5.2603689267122657E-01   1.7299853443399078E-02
   9.3930992425105266E-01   3.1291282029759108E-01   1.4065003767112456E-01   1.9860663840587694E-02
   8.7473845530268885E-01  -2.5103852972348099E-01   4.1450246248838933E-01   1.9216571760236686E-02
   9.0881855282604657E-01  -3.3134485209659580E-01  -2.5349443194724297E-01   1.8373852626870357E-02
   9.9581179462010656E-02  -9.7591523213271713E-01  -1.9409546204973404E-01   1.8824862634796051E-02
  -5.2956384893952259E-01   8.4356386322515657E-01   8.9230816184813885E-02   1.8633023120833016E-02
   8.9827259289370235E-01   4.2427376281477053E-01  -1.1444703160423594E-01   1.8102581703339986E-02
  -5.1640945374109215E-01  -8.3513514426186450E-01  -1.8939526632295134E-01   1.9139790861543739E-02
  -9.7733096352376609E-01   1.9198085481899607E-01   8.9261072818304061E-02   1.6731296001694793E-02
  -6.9218124083068079E-01   7.2095133922387439E-01  -3.3381077175563698E-02   1.5843196486556358E-02
   9.8839937900699972E-01   2.2917214638410210E-02   1.5013816587328568E-01   2.2206028606798042E-02
   9.2163578168601052E-01  -2.7476618691886907E-01   2.7402742279210174E-01   1.7061874672885188E-02
  -7.0730660604377701E-01   3.8744204584086251E-02  -7.0584435370553162E-01   1.8859553833100653E-02
   6.1047954274418101E-01  -2.6087693518607251E-02  -7.9160227395942648E-01   1.8386049458205903E-02
   3.4439612640836059E-01  -1.0377577488020919E-01   9.3307121735852973E-01   1.7817190563670887E-02
   2.2300941983163187E-01  -3.1260356788214691E-02   9.7431493304774523E-01   2.0178907740337246E-02
   3.2873545213514407E-01  -3.5320624166380660E-01   8.7588718072548079E-01   1.9017056629002791E-02
   2.1390975548741035E-01   5.9805417706387835E-01  -7.7238191188282208E-01   1.7408508634739008E-02
  -3.3529591281830501E-01   7.6247651950506494E-01  -5.5335902274272363E-01   1.9110393216524016E-02
  -3.6598479517598780E-01   8.2827873799533406E-01  -4.2427521950362265E-01   2.1480396967792101E-02
  -6.4889353164333920E-01  -7.1974442436085794E-01  -2.4678968412981143E-01   1.8538624537210917E-02
   5.2954890007277652E-01  -3.1427437128947222E-01  -7.8791470476335154E-01   1.9024272401994311E-02
   8.1328829211607907E-01  -5.7683581500801315E-01   7.6305939683308192E-02   1.6736401120102087E-02
   2.5589045663465457E-01  -6.0737783150765656E-01  -7.5207196729858560E-01   2.0447994365171870E-02
  -1.3629711649874813E-01   9.9012017920007338E-01   3.2941262497682788E-02   1.6907492472036929E-02
   8.8375721237833335E-01  -1.1056496766510477E-01   4.5469613754076663E-01   1.8340856013322692E-02
  -2.5217302209708183E-01  -9.4789576871467939E-01   1.9468533221388678E-01   1.9965262038752717E-02
   4.3733486592064592E-01  -8.0836278599452811E-01  -3.9406575754477275E-01   2.2464847581659745E-02
  -1.2142665344074476E-01  -9.9229370355859778E-01  -2.4673340109174968E-02   2.2664325430275100E-02
   1.9100546479967484E-01  -5.0788424604612982E-01  -8.3998244328962883E-01   1.7492185439407805E-02
  -5.7304039475937393E-01  -4.1499226655020136E-01   7.0668672315075200E-01   2.1028976588658498E-02
  -9.7407851822174134E-01   1.5418439448186552E-01  -1.6552405516177140E-01   1.8455480195843275E-02
  -5.2735058029308934E-01   3.9347475792804376E-01  -7.5304646625424727E-01   1.8547405497807847E-02
  -4.3420455826348334E-01  -3.9498453347789425E-01   8.0960090161539692E-01   2.0608865368102224E-02
  -9.0270878201620448E-01   1.5665448548162181E-01  -4.0071963646583244E-01   1.8092407031257993E-02
   5.5172217074776970E-02   4.3725564198461901E-01  -8.9764332004180396E-01   2.0559564213837369E-02
  -8.7099654061961810E-01  -3.9001963510484047E-01   2.9874690033763533E-01   1.8052946258836747E-02
  -1.3780680703131382E-01   8.9826640551935224E-01   4.1728497295155122E-01   2.0222370540857061E-02
   2.0918264595515276E-01  -8.3621373529582836E-01   5.0694103161393400E-01   1.8023026338253790E-02
  -3.8338931736644763E-01  -9.2357342817435021E-01   4.9753491905224569E-03   1.9228995084744182E-02
   6.8653513358344699E-01  -6.6283033847657515E-01  -2.9887364010663013E-01   2.0500624523605428E-02
  -2.6786397843111524E-01  -2.9581205618459174E-02   9.6300251366920814E-01   1.9048547847999797E-02
   9.5487259942751183E-01   2.6546968776397328E-02  -2.9582693810965103E-01   1.7959754269367023E-02
   7.4397398167138293E-01  -5.5246495266161570E-01  -3.7587922352349760E-01   1.7194567885952434E-02
  -8.8288347545011269E-01   3.8603724433049620E-01   2.6737990718609938E-01   1.7730061435946254E-02
   7.2328231170188228E-01   6.8598855620421463E-01   7.9261581715471418E-02   1.7355295861634656E-02
   9.4126381938286094E-02   7.2104492267278654E-01   6.8646518026117187E-01   1.7976236801250218E-02
  -6.4707536963158718E-02  -9.1800120481709157E-01  -3.9126298395648117E-01   1.3621826451480645E-02
  -6.6540638698916456E-01   7.3997866379558239E-01   9.8315396969807338E-02   2.0656530293189154E-02
  -5.0096816158435730E-01  -6.4973434758646986E-01  -5.7173086207163379E-01   1.8878320591347703E-02
  -7.1862826228432252E-01  -6.5206282148359209E-01   2.4163505019982491E-01   1.7924797562708272E-02
  -6.2035499961730034E-01  -2.9081785295574489E-01   7.2841241810668631E-01   1.6875716928581634E-02
  -4.1377565528798134E-01   8.9054395102572510E-01  -1.8900047191076637E-01   1.8787413530928709E-02
  -3.7792433051921001E-02   7.6794158156446634E-01   6.3940398756051113E-01   2.0743941887236796E-02
   2.9710668436058522E-01  -7.5738601831375422E-01   5.8145854312332296E-01   1.5670365521220100E-02
  -5.9318742438458365E-01   8.1576279639705386E-02   8.0092071402363433E-01   1.6333662159903203E-02
   7.8693509661106695E-01  -1.0370545373464026E-01  -6.0825844226564020E-01   1.8789219320504066E-02
   1.0057783701983538E-01  -8.9324727436873025E-01   4.3817052106827727E-01   2.1007309532644566E-02
  -1.9743746850786436E-01  -7.3481494478251256E-01   6.4889555627502897E-01   1.9630127778326807E-02
  -2.4564573519711236E-01  -6.2557265606894763E-01   7.4048431769910720E-01   2.1813824780740342E-02
  -4.5918484186900618E-02  -8.5788893463794320E-01  -5.1177931634226103E-01   1.8579817964395072E-02
  -9.4234165581606141E-01   2.7254324549639363E-01   1.9419676374269529E-01   2.1095676144381618E-02
   1.4218008202286034E-01  -9.3393303569028702E-01  -3.2795412655171456E-01   1.8169416124683898E-02
   4.3756921548798848E-01  -1.9436054844625264E-01   8.7792776403579928E-01   2.1078078761302037E-02
  -7.9915071660107628E-01  -5.8089829761694433E-01  -1.5464572409776553E-01   1.5985503155579605E-02
   3.5454428338385253E-01   6.8767127046245697E-01   6.3356655127964325E-01   1.9803428552259088E-02
   7.2864195161025353E-01   6.6548723653753905E-01  -1.6188775234473569E-01   1.7101456528176354E-02
  -3.9769501095825434E-01   8.0485205714343894E-01   4.4051316026980211E-01   1.9757796324977670E-02
   3.9355821423606158E-01  -5.7821943959142405E-01  -7.1468469389367905E-01   1.7244088477601911E-02
  -6.6823433428579912E-01   4.9643420942875300E-01   5.5409020041006309E-01   1.9385688458517279E-02
   4.6523624570462134E-01   3.7542952303011576E-01   8.0162828600296336E-01   1.7923436801429184E-02
   5.5631249558471740E-01   7.8489717493050950E-01  -2.7286046258556599E-01   1.5709737791238211E-02
  -1.7302374349501645E-02  -9.3249088143395724E-01   3.6077885731343961E-01   1.6985625242325057E-02
  -9.5069608452135394E-01   3.0842052540854374E-01   3.2461275121050117E-02   1.8068632303551947E-02
   4.0876786922578549E-01   9.1074490528537168E-01   5.8758374597587490E-02   2.0132440800716686E-02
  -6.9494070374113610E-02  -7.8533103171152358E-01   6.1516318551564150E-01   1.8939380581845824E-02
  -8.4427465644667538E-01  -5.2984049028605451E-01   8.0432327675392549E-02   1.8262605238099066E-02
   3.9466097336246729E-01   2.8044125111712411E-02  -9.1839873864858319E-01   1.7849466730585275E-02
  -1.3241804409392861E-01   3.7051832758020628E-04   9.9119388835611133E-01   1.9384665537512553E-02
  -6.4560979890065546E-01   3.5046548247317459E-01  -6.7849976651307724E-01   1.8749136476118717E-02
  -7.9913767306026786E-01  -4.5824117200544307E-01   3.8909382901158732E-01   1.7797147802471638E-02
  -6.0877774397901713E-01  -6.2069164953160305E-01  -4.9409668551565486E-01   1.9099669547577020E-02
  -9.0690618511098382E-01   2.6999350500333143E-01   3.2345738307149236E-01   1.5097380325492501E-02
  -8.0713626083463072E-02   9.9199220810287176E-01  -9.7143036948860626E-02   2.0834267146803373E-02
  -2.1509457126615694E-01   8.1789285106677489E-01  -5.3365307980530811E-01   1.7861930577849620E-02
   1.8829006663275693E-01   9.5704454112271939E-01   2.2048264583552943E-01   1.6107787431752777E-02
  -9.7732325628073830E-01  -2.0064803296592090E-03  -2.1174330395434242E-01   1.8123917171741904E-02
   9.4346529620666395E-02  -9.4998838266364291E-02   9.9099644453276312E-01   1.7269072650039483E-02
   3.5027012290481152E-01   3.6432696633108578E-02   9.3593990171179690E-01   1.9205161184989387E-02
  -7.4363085734418419E-01   5.9690288234927386E-01   3.0119777065689352E-01   1.8125731677526284E-02
   7.0735111913235728E-01  -3.3229546158361982E-01   6.2388630412370060E-01   2.1627605017430258E-02
   5.9367174282433197E-01   1.5105949335398314E-01   7.9040172775592933E-01   2.0406839280114468E-02
  -8.4021665294382614E-01   5.3663331217388847E-01  -7.7850268985765840E-02   1.8344007429497363E-02
   8.3719682849978624E-01   1.3001774774977996E-01   5.3122203984772156E-01   1.6990278684239634E-02
   2.6080089909628814E-01  -8.8542241434098922E-01   3.8472072885814379E-01   1.9352491894586144E-02
  -9.5533939077959377E-01  -2.4682237895753726E-01  -1.6249726665583194E-01   1.7051166204948349E-02
  -5.9197455260143296E-01  -3.2768815977413598E-01  -7.3633321194699172E-01   1.7600847964319661E-02
  -8.3685705275522686E-01   2.1415786024511898E-01  -5.0379230259013239E-01   1.9154753056152385E-02
   8.1953402888904829E-02   3.1396495872693814E-01  -9.4589092629463404E-01   1.5903630500283805E-02
   1.0401474388188767E-01   4.7349348889088922E-01   8.7463412295263136E-01   1.8995754048889208E-02
  -5.6430709963669176E-02  -1.5852461801946493E-01  -9.8574110214334620E-01   1.8365122070672732E-02
   5.8273045248903132E-01   1.7766415148744996E-02   8.1247127594438151E-01   1.8662542418924626E-02
  -3.2344353494059960E-01   3.2738955722662548E-01  -8.8780648652962845E-01   1.8181871617311248E-02
  -9.0456738010292276E-01   4.0922380230446790E-01   1.1955640711065378E-01   1.8924107303374256E-02
  -2.1173089898666948E-01   9.7403614352386380E-01  -8.0147473593718920E-02   1.8292282545090298E-02
   7.0737625043113290E-01   4.1252555062165470E-01  -5.7396995601711742E-01   1.8824460331950991E-02
  -7.3608641292627297E-01   2.1701840679983455E-01   6.4115505442552178E-01   1.6624324386581550E-02
  -6.1015727431356197E-01  -5.2227131006176801E-01  -5.9576906540085596E-01   1.9348551092781367E-02
   9.0861002492123983E-01   4.3327905857808577E-02   4.1539200183272768E-01   2.0122793432966963E-02
   2.1483746525113840E-01   4.8303233411522095E-01  -8.4883722098154219E-01   1.9902939532888124E-02
   7.0189761445324494E-01   5.8923704794471900E-01  -4.0017426223363852E-01   1.9131179206216899E-02
   9.4724469412635770E-02   5.5244743934670612E-01  -8.2814799501886255E-01   1.7246741532687465E-02
  -5.0626059530704958E-01   7.9428897200823289E-01   3.3586491121499446E-01   1.9347481303477728E-02
   9.7139835397805676E-01  -2.3614176198844365E-01  -2.4946064493521107E-02   1.8478513011495728E-02
  -3.0606371993447436E-02  -9.9077391347050909E-01  -1.3202387049216099E-01   1.7740995127021250E-02
  -8.0139426502464381E-01  -1.4566490806337091E-01   5.8012840522120692E-01   1.7784778376926446E-02
  -2.5721503966760081E-02   4.1069896642353862E-01   9.1140812110290365E-01   1.9073997723271084E-02
  -9.1304601916239498E-01  -1.3863907999627249E-01  -3.8357029654222518E-01   1.4634426242851943E-02
   3.1476507847602315E-01   2.5252053645710987E-01  -9.1496247138305974E-01   1.9537214692381276E-02
   2.8878057169635319E-01  -8.9228371346001047E-01  -3.4703826317099566E-01   1.8858245636596448E-02
   8.2070083180184525E-01   1.8133102425260121E-01  -5.4182026939130096E-01   1.9512488772278327E-02
  -2.8035319622161809E-01   6.5054424818767291E-01   7.0582877988805359E-01   1.7643084502025187E-02
   2.1731943778853377E-01  -4.5071252936668564E-01   8.6581203377589996E-01   1.7818806581020929E-02
  -2.9232876969250693E-01  -8.1833056205227823E-01  -4.9485248470758227E-01   1.8237717900308332E-02
   3.4191995888660398E-01   3.3727401630801843E-01   8.7711856646547019E-01   1.7729171679333153E-02
  -1.4750075971390776E-01  -8.9815043680383670E-01   4.1420926927447840E-01   2.0520048878260790E-02
   6.2173020683825939E-01  -7.5754553439468450E-01  -1.9893796325369114E-01   2.1914888929455984E-02
   3.1750675101401530E-01   8.8075660512996361E-01  -3.5136486104968653E-01   1.9839995322931883E-02
  -5.1450274262626285E-01  -7.2759995885397010E-01  -4.5374577431173346E-01   1.6312537197345950E-02
   3.2991505155927578E-02   9.0837209218070373E-01  -4.1685933207114072E-01   1.9482599932614210E-02
  -9.3117895947319819E-02   8.7043897847176694E-01  -4.8338912090713312E-01   1.8833551621164685E-02
   6.2407163302995787E-01   7.6512182185772124E-01  -1.5850297967055137E-01   2.0484871631903014E-02
   4.6710348662597906E-01  -2.1587127021774761E-01  -8.5744616593488238E-01   1.8462274112369579E-02
  -6.0450285279637583E-01   6.2310282707281352E-01   4.9630551866255787E-01   1.8389224781695837E-02
  -9.7943562711564275E-01  -2.0080870735787899E-01  -1.9537537865487212E-02   1.9529330874524353E-02
  -2.8426786349437538E-01  -3.8609174982132753E-02  -9.5796717761703202E-01   1.8109842799697251E-02
  -8.4400441810673001E-01   5.3161443647362265E-01   7.1011500119013941E-02   1.7818565022840258E-02
   1.1346717868691313E-01   9.8728135450752585E-01   1.1135854885287024E-01   1.8429525645817207E-02
   4.1190407465226321E-01   8.5381963020030546E-01   3.1831913604035229E-01   1.5319602565513261E-02
  -3.8032278487587163E-01   7.2064876839696720E-01   5.7967226250028192E-01   2.1244560597396726E-02
  -1.7983163668900516E-01   5.8222147445190577E-01   7.9289263909611529E-01   2.0756055204026830E-02
  -9.4096930488562620E-01   3.0776073644721875E-01  -1.4092585413800797E-01   2.2201941077914724E-02
  -9.7573687795589911E-01  -1.7869883192808854E-01   1.2650799367791578E-01   1.8827966815882660E-02
   5.3891132205945417E-01   8.4153537764936263E-01  -3.7320170426672358E-02   2.0254417070078623E-02
  -6.7124197502120273E-01  -3.8870675666255213E-01  -6.3114282717504970E-01   1.6949569136049569E-02
  -2.0326541266825506E-01   8.0742609760165464E-02  -9.7578881064599300E-01   1.9249000116469932E-02
   1.2936338261915771E-01  -9.7583005852901614E-01   1.7612726111702974E-01   1.6837014568672580E-02
   5.7208560163974517E-01  -8.1786141357982362E-01  -6.1812398219963400E-02   1.9641315605467077E-02
   5.3070552992475059E-01   8.0440774294566548E-01   2.6698281517047073E-01   2.2615475421277770E-02
  -9.7386482366360169E-01   1.0861632906241374E-01   1.9947380352233532E-01   1.8446902352214436E-02
   5.6143490172742440E-01  -1.1505403138887606E-01   8.1948363069892060E-01   1.8331917401443822E-02
  -1.7865945049380913E-01   5.6171096169543686E-01  -8.0781284729845541E-01   1.9156260560793960E-02
   5.3142531067789651E-02  -5.1502591177869314E-01  -8.5552567558679086E-01   1.9250017540769361E-02
  -4.7878397869909194E-01   8.7671428448232031E-01  -4.6238134972343800E-02   1.9495621104577020E-02
  -5.4688588227602332E-01  -3.9280056610279263E-02   8.3628518396529596E-01   1.7909903076057956E-02
  -4.6047859873437593E-01  -3.8436391322864494E-01  -8.0013988921637206E-01   1.7882191498134092E-02
  -7.7380755496697597E-01  -2.7974575117638558E-01   5.6829937759493462E-01   2.0271743345537687E-02
  -8.3969983914048960E-01  -3.3727798822439956E-01   4.2561454252261849E-01   1.9425037967607563E-02
  -5.2645259169151694E-01  -8.4888894536914811E-01  -4.7278188748515077E-02   1.8862580488027166E-02
   4.0648792648112186E-01  -6.8488324263802882E-01   6.0473342025945360E-01   2.2006807502451213E-02
  -2.3807014886516673E-01   7.4468490732850778E-01   6.2351182267576046E-01   1.6671613069157902E-02
   5.3371781131635724E-01  -2.4931786775654209E-01   8.0807542884374896E-01   1.5922473225859972E-02
  -4.2076297549735333E-02  -7.8067175241807671E-01  -6.2352321541462698E-01   1.5819553810385098E-02
  -4.5936218333244971E-01   3.0309221086814881E-01  -8.3493801939730989E-01   1.8285386877100455E-02
   8.1172852554636314E-01   5.7582882838314022E-01   9.7560039038672385E-02   1.9066910100039129E-02
   4.5603669883177930E-01  -6.5206453790149874E-01  -6.0567513382168645E-01   1.8865354455878291E-02
  -7.7529167385174435E-01   1.2646754974080778E-01  -6.1881239428336982E-01   1.6779913064640505E-02
  -6.8543542508618315E-01  -7.2811232744431553E-01   5.5422613205442434E-03   2.0957158593736955E-02
   6.4234331014527112E-01  -2.1856111960637467E-01   7.3459247811832648E-01   1.8945940154712559E-02
  -7.8742279361954983E-01  -1.5863559187094051E-01  -5.9565098260654290E-01   1.7017009821611004E-02
   2.2075713515700661E-01   7.4904498409489139E-01   6.2465822581596963E-01   1.8715675148230515E-02
   1.1875703659539016E-01   8.5034647357327592E-02  -9.8927542929555070E-01   2.1162412794292784E-02
   1.3411652088940511E-01   8.5873898436162630E-01  -4.9455041761390141E-01   1.6642236159260872E-02
   6.2569260388619438E-01   7.7877239270649525E-01   4.4970276853875468E-02   1.8663223871978056E-02
  -3.3584978871432271E-01   5.4775846829464178E-01   7.6626730312081869E-01   1.9589660684580000E-02
  -5.6273433539194233E-01   6.6315397368689215E-01  -4.9351481736040492E-01   1.6089021479497922E-02
  -6.9962222874492185E-01  -2.4889557626152831E-01  -6.6976094926729636E-01   2.1062970031299221E-02
  -6.4387054779552403E-01  -6.5546068628482858E-01   3.9471762871261946E-01   1.9085964340528880E-02
  -7.1161618962157202E-01  -1.0536899318856365E-01  -6.9462203675301239E-01   1.8215917521822579E-02
   1.7137048749181962E-01  -7.5500798557998214E-01   6.3292582324256088E-01   1.9716748456235357E-02
   1.5653737679216160E-01  -6.5003558695378362E-01   7.4360593418871987E-01   1.9150461176249214E-02
   1.1178520759706576E-01   7.1741286587929558E-02   9.9113937221825150E-01   1.9429253360311562E-02
  -3.6038339995232240E-02   9.9058563404434103E-01   1.3206566425592647E-01   2.0457501330425502E-02
  -1.7491630307680317E-02  -6.2563226254388784E-01  -7.7992199285146153E-01   1.7521658711947232E-02
   8.5493700758711170E-02  -1.6913968226436645E-01  -9.8187707734425142E-01   1.9038036042213409E-02
   6.3481632177510789E-01   1.0525593366228105E-01  -7.6546027071089985E-01   1.7728954606480870E-02
   8.1643453053671617E-01   5.2709252837474469E-01   2.3581374828200876E-01   1.7360321981145832E-02
  -2.2250761836642407E-01   9.2803052627278823E-01   2.9874688630135288E-01   1.8990965447450875E-02
  -1.4695354705888632E-01  -7.1366828460260336E-01  -6.8489578372128203E-01   2.0735982781877484E-02
   5.8460540697085576E-01  -3.4783317865508722E-01   7.3297244011431859E-01   1.8086196949435269E-02
   4.3716812041611516E-01   3.1043423599964432E-01  -8.4410581067254710E-01   1.8602255017767738E-02
  -5.3683524736640295E-01  -7.1586670830695444E-01   4.4647818885452714E-01   1.9344092638124990E-02
   6.3964327368864548E-01  -6.3857808465456633E-01  -4.2787207460148417E-01   1.8945989504128107E-02
  -5.0314154221429170E-01  -7.9511212529407888E-01   3.3859311379376437E-01   1.5288223445527961E-02
   8.0735221214714041E-01  -1.1197201643535987E-01   5.7934849018230671E-01   1.8063129445462479E-02
   4.7897428334494094E-01   7.0597072369928701E-01  -5.2171733072009907E-01   1.7257172023819586E-02
  -8.9281890451971399E-01  -4.1668677497161512E-01   1.7101618431005960E-01   1.9487919903865300E-02
  -4.0159237008739641E-01   4.3639695014592767E-01  -8.0515915829786113E-01   1.8893962698352472E-02
  -2.6154822268326034E-01   4.4495147296547337E-01  -8.5651077863450346E-01   1.8859657071062068E-02
   2.0463222924247190E-01   3.5653821571230244E-01  -9.1159538803788606E-01   1.9338705797696796E-02
  -5.4818629841571073E-01  -4.4854767614704069E-01  -7.0590138436779605E-01   2.0717335332469404E-02
   7.4491123481528243E-01   5.7438028136615546E-01   3.3940321834612467E-01   1.7666351473869448E-02
  -4.2311502818966841E-02   9.7043910424221770E-01  -2.3760825256451569E-01   1.5918020511304986E-02
  -2.9020432075494602E-01  -7.3255687074761794E-01  -6.1574498238769113E-01   1.8981134826574418E-02
   1.4797376291528047E-02  -9.9758530711717607E-01   6.7857149061956238E-02   2.0811321875525021E-02
  -8.5035336916472612E-01  -2.1870139087170521E-01  -4.7861137594188098E-01   2.0434213731973347E-02
   9.6616373734323044E-01   1.5176263924195403E-01  -2.0855630887910772E-01   1.9017261976485642E-02
  -9.6507941734783191E-03  -9.7754069979605358E-01   2.1052563362703113E-01   2.0191975503449834E-02
  -8.2608219471340067E-01   4.5296027717791904E-01  -3.3528375277724657E-01   1.9605925019888319E-02
  -5.7952145403738066E-01  -6.1910917201651187E-01   5.2996105275334066E-01   1.7600088993165705E-02
  -2.2617552903890190E-01   8.8191875749153272E-01  -4.1359876117871037E-01   1.8505694229594489E-02
  -3.7563553981037127E-01   8.7325476428225954E-01   3.1036117329605934E-01   1.7460812922978554E-02
  -8.0316764013975223E-01   5.5215896874447203E-01  -2.2370117359411092E-01   2.0465853062835934E-02
   4.2162330501437637E-01   1.6897892137114234E-01  -8.9088714930736294E-01   1.8280632257158238E-02
  -4.5140023338225558E-01   7.1565799687720863E-01  -5.3298354647038248E-01   1.6774158138295931E-02
   7.1649163234811075E-01   5.1653520873620237E-01   4.6886151357409113E-01   1.8197256573402164E-02
  -6.7288055760569900E-01  -7.2562208501267768E-01   1.4389004461079936E-01   1.5524969192397957E-02
   7.4244831381534117E-01   1.3830328844225692E-01  -6.5547135842751718E-01   1.8363265684034828E-02
  -9.3245433461551741E-01  -2.7958018126181114E-01   2.2883145785128737E-01   1.9702654968117624E-02
   5.1201678597095323E-01  -8.1574736423063125E-01  -2.6906327998215004E-01   1.7607888254395729E-02
  -5.8931888380989336E-01   4.8234097973867227E-01  -6.4811297815257420E-01   1.9445435869330740E-02
   7.6359789751808744E-01  -5.6737232981340852E-01   3.0823187743655102E-01   1.7240712833278530E-02
  -5.2441612625101408E-01  -5.5981207975574687E-01   6.4155916475990402E-01   1.9367091594325442E-02
   7.6977837680539975E-01   3.9263545910363673E-01   5.0326796724739040E-01   1.8761835343667993E-02
   1.8739729926626738E-01  -7.1599177415758035E-01  -6.7248645455978470E-01   1.6256054055406630E-02
   9.0872363002724974E-01  -3.7382093616037534E-01   1.8568594970616072E-01   1.8113138568847331E-02
   6.9087989196733632E-01  -8.2783979494568775E-02   7.1821430479644750E-01   2.3013643592581076E-02
  -4.2963214389016037E-02  -4.9122149293016388E-01   8.6997448646085260E-01   2.1656645432285799E-02
   8.1674218346280351E-01   2.6330404275631202E-01   5.1342300963298708E-01   1.8671624850163059E-02
   2.3842034310610555E-01  -7.8705781511041630E-01  -5.6894264708034034E-01   2.1038046919604553E-02
  -5.9816490155017278E-01  -1.6664213450107931E-01   7.8385531162478985E-01   1.9213306908469260E-02
   9.4668038380623311E-01   2.8774767456001564E-01  -1.4490523352103769E-01   2.1120474000308142E-02
   7.2451642070618174E-01  -6.6777057168378206E-01  -1.7075836647209452E-01   1.3942292882051758E-02
  -1.5690732786483039E-01  -9.7423185544236936E-01  -1.6202586924203550E-01   1.6678817048333978E-02
  -2.8903172311669562E-02   6.5863186628974377E-01   7.5191001545265443E-01   1.9340454297409543E-02
  -3.8331670176264500E-01  -8.7458580263388547E-01   2.9693093469871083E-01   2.4259065767149494E-02
  -8.5317790100473303E-01  -2.0782656454548487E-01   4.7843033798702521E-01   1.5514925861903041E-02
   4.4653213911673823E-01   7.8755925248583871E-01   4.2468749988641860E-01   1.9471826797987857E-02
  -9.4930128939214757E-01  -3.0381713278046125E-01   8.0760211660603573E-02   1.7843734466387717E-02
  -2.5197605997696701E-01  -2.7545170621378778E-01   9.2770384430722128E-01   1.9231623410922715E-02
   9.2993462089903786E-01  -1.5041149753764595E-01   3.3555622816727099E-01   1.8027905672202681E-02
  -7.7314716270367735E-01   6.3395147998660084E-01   1.8681162331393840E-02   1.9149177085538548E-02
  -9.9644048853208371E-01   4.9656493237789502E-02  -6.8121842996706121E-02   2.0941683027772000E-02
  -5.8138502862364207E-01   2.5719232793561754E-01  -7.7190903281626690E-01   1.8940811374555853E-02
   3.8236456160855713E-01  -1.2100226315281334E-01  -9.1605447127220180E-01   1.8281470557052617E-02
   2.1013101672401237E-01   8.4061649642453861E-01   4.9920823485742555E-01   1.8573983582481991E-02
  -3.0965524174246281E-01   8.9945620847930705E-01  -3.0837016763858047E-01   1.9125203055437172E-02
  -6.2453328415897928E-01  -4.1894940348844826E-02  -7.7987370192279614E-01   1.8019880067397878E-02
  -3.0664125082487334E-02   1.3169664713641706E-01   9.9081567638282326E-01   2.0432740437903205E-02
   3.2379544121469288E-01  -4.8658920080078340E-01  -8.1141078493734433E-01   1.9382591070824442E-02
   3.4973003619281746E-01   1.8597707450519962E-01   9.1820554863443195E-01   1.8666913595161119E-02
  -4.4343890908820302E-01  -6.8955776995832174E-01   5.7260109657314721E-01   2.1294243738627569E-02
  -9.3743805699622662E-01  -3.4190870742232615E-01  -6.5637832718132198E-02   1.8866220049721295E-02
   5.9131925910116676E-01  -1.6973882407848734E-01  -7.8837190805894366E-01   1.8622626251462559E-02
   2.7539931457301376E-01   6.8046376591447561E-01  -6.7906132330607951E-01   1.7594368785165126E-02
   9.6963400380943074E-01   1.6838258689624154E-01   1.7736178586894757E-01   1.9429372815060222E-02
  -7.6219801257593458E-01   4.2074064259598662E-01   4.9196697175035213E-01   1.7758680234969266E-02
  -8.2549513000973497E-01  -3.5074031417483899E-01  -4.4219794475183409E-01   1.7849696181054537E-02
  -2.8560217298230217E-01   9.4037207472001647E-01  -1.8474782779388545E-01   1.5433369969831693E-02
   8.7537809315849166E-01  -4.8171248723095221E-01  -4.0820015482271330E-02   1.9477972212455272E-02
  -7.6772213834940057E-01  -6.3150577049691545E-01   1.0864244160235445E-01   1.7732297867495008E-02
  -3.3343550416281924E-01  -5.0805654124067087E-01   7.9416579847425623E-01   1.9399244867830754E-02
  -7.0139492069197295E-01  -5.4052856726970608E-01   4.6462246307390229E-01   1.8772900753768430E-02
   9.2816756335146290E-01   1.4069601614770121E-01  -3.4454260314563995E-01   1.5960626047345847E-02
  -1.4585447313739017E-01   6.9528933466889668E-01   7.0377497381016418E-01   1.7710115735427338E-02
  -5.8471331342987920E-01   7.8315970918727115E-01   2.1159208634436383E-01   1.8272119591640613E-02
   8.8137803973094932E-01   4.5188066397414790E-01   1.3775564092374699E-01   1.8893701953169134E-02
  -4.0093136040190326E-01  -9.0603227283800773E-01  -1.3549747164531487E-01   1.9646141627578959E-02
   8.8441790872940320E-01   3.8741757536777168E-01   2.6021641957199026E-01   1.9051093761632758E-02
  -7.9976387131914750E-01  -1.1053922377600831E-02  -6.0021292966136616E-01   1.9859375290453385E-02
   2.2922238650152024E-01   2.7812985067496986E-01   9.3279198307557660E-01   1.9574124730876958E-02
  -5.0987508982825673E-01  -8.3381190442580415E-01   2.1162490593132163E-01   1.9362893028040488E-02
  -5.0626550555366387E-01   7.5913472557530328E-01  -4.0915731242665351E-01   1.9768129400896032E-02
  -1.8453577535884278E-01   3.3915957778486474E-01  -9.2245180275692622E-01   1.8672821886211551E-02
  -6.1156722616020395E-01   3.1399667466566767E-01   7.2621733398867371E-01   1.9798091689273668E-02
  -8.2596783509659115E-01   1.2924599899952051E-01   5.4870083572787304E-01   2.0694462997201115E-02
  -3.8164351815857653E-01   6.5356144236391990E-01  -6.5360972001855746E-01   2.1783475921110935E-02
   3.1442669353963133E-01  -2.3227481635896358E-01   9.2042613178632883E-01   1.6110091838389413E-02
  -5.1944154423326773E-01   6.0036163561010962E-01  -6.0806775001813093E-01   1.9299792142265602E-02
  -2.4454732348315100E-01  -5.2098706076408385E-01  -8.1778303301892236E-01   1.8092513690566619E-02
   8.5987797816797630E-01  -5.6244715638464963E-02  -5.0739175655946722E-01   1.5543024442110960E-02
  -2.8593477993359289E-01  -3.9929782683637986E-01   8.7109273163542830E-01   1.7279104586805329E-02
  -7.0461485286754381E-01  -5.6773868523250294E-01  -4.2566500256530206E-01   1.4828527867426930E-02
   4.6745456774306450E-01   5.3607538504630722E-01  -7.0292916331846564E-01   1.5563409002573349E-02
  -4.1026719204829582E-01  -8.7095238896315549E-01  -2.7041221734266911E-01   1.7341262428984278E-02
  -7.9957773971185899E-01   4.8097994209669066E-01   3.5962999521444096E-01   1.9004379155050513E-02
  -7.7055680220153117E-01  -3.0809812033796060E-01  -5.5795856730152095E-01   1.8483648484304008E-02
  -8.3795961902173754E-01   5.0087750456241932E-01   2.1666887711959943E-01   1.9465879010946009E-02
   1.7435474761079823E-01   2.1590662019431090E-01  -9.6072095498216576E-01   1.7350249609213470E-02
  -3.8352280515971362E-01   2.0882595113517292E-01  -8.9961212756104771E-01   1.5312125909485889E-02
  -3.0120545964174691E-01  -8.8341943035949235E-01  -3.5895038813924413E-01   1.7655522027984645E-02
   5.6247807593060485E-01   5.1450770104933400E-01   6.4722503015437666E-01   1.4362797522598795E-02
  -9.9751628470492548E-01  -6.7833955064777979E-02   1.8968824126756501E-02   1.7402162699753827E-02
  -2.1990209185865232E-01   1.0253433941167373E-01   9.7011843567556255E-01   1.7403802052888903E-02
  -7.0708160405414597E-01   6.5423339040661527E-01  -2.6835475789573992E-01   1.8872867867877019E-02
   3.9991280813901418E-01  -5.6477480332490568E-01   7.2187198824700358E-01   1.8425776624705926E-02
   4.8092143017323909E-01  -8.6399887123526681E-01  -1.4906551748915934E-01   1.7073130863086367E-02
   9.6367806411302208E-01  -9.6058151002944036E-02  -2.4919353999105533E-01   1.9154060098505356E-02
  -7.9786120535992832E-02   9.5865505120916054E-01   2.7315685559944786E-01   1.7477091721489728E-02
  -1.8416189705070671E-01  -8.7761060959735317E-01  -4.4258785974860090E-01   1.9865013297537551E-02
  -7.5482507979788637E-01  -5.1113999822841833E-02   6.5393153917686586E-01   1.4960070648781320E-02
  -7.6807112539706592E-02  -6.9232223132099299E-01   7.1748909084531344E-01   1.7089806600138627E-02
   3.4742182289851086E-01   9.1672998914240526E-01  -1.9724148645972388E-01   2.2538551720232278E-02
   2.7898696220176950E-01   9.5296092569810095E-01   1.1845568375576951E-01   2.0882568612449214E-02
  -6.5158697122164621E-01   5.6122210986527862E-01  -5.1035689701675099E-01   2.1200266027115439E-02
   2.7230137683871920E-01  -9.5218830014466284E-01   1.3852581434287047E-01   1.7912980013625516E-02
  -1.1598972841021992E-01  -5.9511672043202583E-01   7.9522479335440330E-01   1.6322753584114570E-02
  -5.4271223414385918E-01   2.1399222828797919E-01   8.1220118021517695E-01   1.7873816426767028E-02
  -4.1178762687919014E-01  -4.0156857244026848E-02   9.1039462716202788E-01   1.7534189253728900E-02
   5.0509801895290085E-01  -4.6481813451797835E-01   7.2720017400512322E-01   1.9931311872854376E-02
   2.1892759169675306E-01   5.4062566437119841E-01   8.1227741604519572E-01   1.9239869947446536E-02
  -4.8189121862527004E-01   4.7887245072338551E-01   7.3379972018939270E-01   2.1209898579190178E-02
   2.7990690861161198E-02   9.9960501934685801E-01   2.5152577765685610E-03   1.7622866097119853E-02
   5.8954373587344610E-01   5.9921799969473124E-01   5.4164192261514019E-01   2.1614711423609542E-02
  -3.2011678220640709E-01  -7.8049217846937812E-01   5.3698901766976581E-01   1.9120647956418959E-02
   4.0936403531040719E-01  -9.0427052937556133E-01   1.2130909404171410E-01   1.9152936630448769E-02
   9.2543410667312890E-01   3.7872946560689708E-01   1.1649295567625421E-02   1.7479483796949808E-02
  -4.2551147936513427E-01  -7.8692313824123658E-01   4.4686905848252509E-01   1.7251301134973379E-02
   3.0235067377590003E-01   9.5268975962476805E-01  -3.1085237225423481E-02   1.7468708779331334E-02
  -4.1374099299716062E-01  -5.2305847269746426E-02  -9.0889080150209320E-01   1.7343194247002326E-02
   2.3529415668118440E-01   1.2397246236224335E-01   9.6398521171620288E-01   1.8167535874693552E-02
  -6.8453566888941361E-01   1.9399813484868356E-01  -7.0269171170105249E-01   1.8674324819130809E-02
   5.1846553492776239E-01  -5.2938637208463488E-01  -6.7152331169002437E-01   1.9904163204497171E-02
  -2.5263448676147981E-01  -9.1217268837076321E-01   3.2267135399538959E-01   1.3141557461472803E-02
  -5.0173861752496815E-01  -2.4904777850058925E-01  -8.2839215574995357E-01   1.8673904305432518E-02
  -7.4814573914263284E-01   2.6692644831175700E-01  -6.0747693305539973E-01   1.9406232387181063E-02
  -6.1019031205321407E-01  -7.4467782571376242E-01   2.7041212799470422E-01   2.2049095515977819E-02
  -7.8765714183360362E-01  -4.8050833247492850E-01  -3.8562672280416716E-01   1.8967923484233676E-02
  -4.8090334140123216E-01  -8.7302893269620760E-01   8.0947260018177189E-02   1.6594257603953090E-02
   9.1722834762242371E-01  -8.2758085542041133E-02  -3.8967070405055412E-01   1.8411245108674256E-02
   1.1205514498417867E-01   2.1125368605674137E-01   9.7098688179089958E-01   1.8212949748215374E-02
  -5.1060482627968717E-01  -2.8388614151532758E-01   8.1159803476562828E-01   1.7497680792383256E-02
   3.2041165332270966E-01   3.9446150408730060E-01  -8.6124125203579993E-01   1.6703732869805810E-02
   8.6247576091735531E-01   3.2814582225258059E-01   3.8529972900095179E-01   1.7236163637077708E-02
  -5.1605110521731791E-01   7.2747158720647924E-01   4.5219060871635825E-01   1.8046499234866132E-02
  -1.6759555176372334E-01  -8.0180535950586673E-01  -5.7360255970199505E-01   1.7892050846596719E-02
   6.6730278129316102E-01   4.5661200536775403E-01   5.8839822793109242E-01   1.9775361509698958E-02
   2.3004444073387659E-01   4.1541487335959814E-01   8.8006251952862246E-01   1.7716854109545692E-02
   7.9301261827776317E-01  -4.3284958354709850E-01  -4.2868662829081820E-01   1.7926931614917879E-02
   8.6727427445504066E-01   4.9776989111810614E-01  -7.7761407363522891E-03   1.6984726014814248E-02
   4.5125020762298211E-01  -3.5774943984933473E-01   8.1755035833134019E-01   1.9239207942574337E-02
  -1.6977908306989877E-01   3.5089351225382325E-01   9.2089565424651684E-01   2.1527375620651278E-02
   5.4028641503406271E-01   3.6006492829437486E-01  -7.6055495340048064E-01   1.9484301967128043E-02
   2.1351542059965633E-01   6.5353522978299736E-01   7.2615622878182115E-01   1.9399647030362391E-02
   7.2662787305694562E-01   3.1350960976362260E-01   6.1132941912082099E-01   1.7930614109041195E-02
  -9.1279030222883950E-02  -5.2033301606356117E-01  -8.4907107537341524E-01   1.8250046285053480E-02
  -5.1546445377019356E-02   8.2615399518784666E-02  -9.9524753691297593E-01   1.7614018619675055E-02
   8.3735504735527062E-01  -5.0463353942513586E-01   2.1019399505198133E-01   1.9702299231276768E-02
  -4.1244893704065557E-01   2.2043731621318358E-01   8.8390794993300190E-01   1.9119701865805298E-02
  -4.6427656854982410E-01   8.6064677095239066E-01   2.0912772065133693E-01   1.8992430390308957E-02
   9.4763701623927776E-01   1.0757536254362691E-01   3.0068526207103341E-01   1.5985429718379760E-02
   2.0943316358376686E-01   9.6796734592214690E-01  -1.3848092727783834E-01   1.9215764464891423E-02
   2.7522706232720413E-01   1.1970719905277766E-01  -9.5389740048795381E-01   2.0507517030771036E-02
   5.9809069637525134E-01   6.4887924781607253E-01  -4.7036500790664135E-01   1.9415310113684274E-02
   4.6162695203265569E-01   4.9858282721757269E-01   7.3370002150795397E-01   1.9335926807181218E-02
   6.5114174852956772E-01   6.9516938564386698E-01  -3.0455532926774693E-01   2.0261908433378099E-02
  -2.6267444792700271E-01  -2.8549548058056743E-01  -9.2168024009106055E-01   1.7482490315578691E-02
   3.9421393119945493E-01  -8.8318554193425082E-01  -2.5412334596918721E-01   1.7778749755726508E-02
   9.0657017212357065E-02   6.0430501244189560E-01   7.9157864875687424E-01   1.7626376975855344E-02
  -1.2524031500806598E-01  -3.3524276476479339E-02  -9.9155987533956260E-01   1.9054358552558010E-02
   3.1317395122768916E-01   8.5578212901868013E-01   4.1177545328090161E-01   1.9242308682934034E-02
  -9.5384546846873430E-01  -1.3486612343137371E-01   2.6830943150074753E-01   1.7879301327848946E-02
  -2.7465569835697585E-01   9.5938241798647112E-01   6.4417570727823321E-02   1.9022693910061839E-02
   1.0406683823079563E-01  -9.4449831443245884E-01   3.1159754045064156E-01   1.7558941719939129E-02
   1.6908585491544703E-01  -2.7908623717116394E-01  -9.4526231591508675E-01   1.8553305138502667E-02
  -9.2906247293635342E-02   7.8725933859462537E-01  -6.0958277781558658E-01   1.8219340021926271E-02
  -1.8530237455601048E-01  -8.2600636697001448E-01   5.3233120489870033E-01   1.8006777786133108E-02
  -9.8674136284230495E-01  -1.0552813190644174E-01  -1.2330975724754076E-01   1.8719808879203565E-02
  -4.2118607046061136E-01   6.1218513461923880E-01   6.6920225268686390E-01   1.8690443924029816E-02
  -7.1543702205196471E-01  -6.8565944413102322E-01  -1.3424229643205931E-01   1.7333979256157654E-02
   8.7967054871116090E-02   8.1197470314180613E-01   5.7702589085332895E-01   1.9236511910981615E-02
  -2.8203165340349620E-02   2.7261619294758441E-01   9.6170941183267526E-01   1.8311781269751802E-02
   9.6044382555955856E-01  -2.4669915240851532E-01   1.2917889202745316E-01   2.1207733943991748E-02
   5.9822040425401450E-01   3.9225399488797263E-01   6.9876258588206479E-01   2.2324305915678954E-02
  -4.8261093292480383E-02   3.3825822144350139E-01  -9.3981500440251188E-01   1.9317909212338030E-02
   3.2841263086731964E-01   7.8006422691324130E-01   5.3258327590814644E-01   1.7228876392585386E-02
   6.3010287043586501E-01  -4.8090048085573222E-01  -6.0967622569787742E-01   1.4591378625321647E-02
  -9.9583345685898052E-01   5.6141681689015365E-02   7.1859848158913859E-02   1.7909202537985631E-02
   1.9375091021011376E-01  -1.7526640528956822E-01   9.6526797935579793E-01   1.8978370608780629E-02
   9.6711530692001286E-01   2.5421163492487592E-01   8.0266923343882936E-03   1.9920698695200369E-02
  -2.4318264995405556E-02   5.4721741762595135E-01   8.3663714944675877E-01   1.8800843840959707E-02
   4.2709356845057397E-01   4.4159273803167815E-01  -7.8904178438523810E-01   1.9208120689734325E-02
   1.8550595378839229E-02   6.4743909001038133E-01  -7.6189139655046620E-01   1.6902184649709949E-02
  -5.1689362219227366E-01   2.0941567241771084E-02  -8.5579345294201072E-01   1.7740716724857053E-02
   1.1287017865609634E-01  -4.0263996895961193E-01  -9.0837292901447899E-01   1.9391394135283853E-02
   6.6084547165711011E-01   2.4863088477873187E-01   7.0814260267578630E-01   1.6909849804740854E-02
  -3.5479211452544632E-01   8.6643319556608346E-02   9.3092184991371542E-01   1.7750633696830739E-02
   3.2524500999348764E-01  -6.9152466122469444E-01  -6.4498784980215537E-01   1.9725996534826748E-02
  -9.3469280362135442E-02  -2.5193396713947380E-01   9.6322000074227638E-01   1.8452842105121129E-02
   2.5130040702512101E-01  -9.4034687447605431E-01  -2.2933787539812140E-01   1.9290938560882121E-02
   2.4053748359075579E-01  -1.5391378382823255E-01  -9.5835915299823941E-01   1.8410526307488330E-02
  -3.3584355172174409E-02   8.6061528715311332E-01   5.0814704427560508E-01   1.7358105186592820E-02
  -4.7195922068352693E-01  -1.5524146174005448E-01   8.6784479175058084E-01   1.9255797002717800E-02
   4.9311954806761173E-01   8.5250441755673094E-01  -1.7340510188530656E-01   1.8864757100220408E-02
   8.2485828559161014E-01   5.3720208612355442E-01  -1.7613269814367447E-01   2.1550340206393738E-02
  -7.3633318385683708E-01   7.9876366454162655E-02   6.7188779452623901E-01   2.0458111641263281E-02
  -8.6148571906120245E-01   7.3183211737234774E-02  -5.0248042088565618E-01   1.8791369341629744E-02
   5.2936277300009102E-01   7.4830853188684969E-01  -3.9976167358440175E-01   1.9807536061702602E-02
  -9.5053496780982769E-01   5.1415259776844584E-03   3.1057501458003771E-01   1.8256295145490968E-02
   6.3205923207847716E-01   7.0838923013296781E-01   3.1414300211207448E-01   1.8565498543751768E-02
   4.2217444569417192E-01   8.8628419636911317E-01   1.9044437683789416E-01   1.7505934188580600E-02
  -5.4261036824817834E-01  -7.7632124707863825E-01  -3.2077922252515698E-01   1.9518281193140214E-02
   9.1687231136038249E-02   8.8383837916064713E-01   4.5871905472662310E-01   1.5238249585531078E-02
  -9.0727144029468966E-01  -3.7089463385442633E-01  -1.9823144100669317E-01   1.9529641670512701E-02
  -2.3548775948819744E-02  -3.6252008457567921E-01   9.3167840129014187E-01   1.5372379257979982E-02
   8.6614414484073378E-01  -3.2061069563044068E-01  -3.8340983582255514E-01   1.8390030778946711E-02
   2.2088010642499784E-02   1.9466731044666865E-01  -9.8062059841169819E-01   1.9273457333813100E-02
   8.1075716863162838E-01   4.4182800017352592E-02  -5.8371285209000838E-01   1.8099040492910649E-02
  -3.0015538396012750E-01  -8.5278557060436668E-01   4.2739152547603618E-01   1.8715953216291387E-02
   7.5749163713660969E-01  -2.4432719022033801E-01  -6.0540122545889634E-01   1.8344957967446548E-02
   5.5509221427429489E-01   7.1209962407082745E-01   4.2986830430987401E-01   1.7884615531843204E-02
   8.4985775177779423E-01   3.7387938651901770E-01  -3.7142429387340287E-01   1.8592385288532366E-02
   6.2460085508138085E-01  -4.4549259765409914E-01   6.4141259518893978E-01   1.7433812901477725E-02
  -7.4419412375930971E-01  -4.1400771151004178E-01   5.2418767724196939E-01   1.8612035439691439E-02
  -9.0335964581569623E-01  -8.8954205961842838E-02   4.1955750446564286E-01   2.2373403067558426E-02
   6.2584841535885917E-01  -7.5564604704805535E-01   1.9316524680555996E-01   2.1434808129768310E-02
  -3.9933517223856664E-01  -6.0104598838356873E-01   6.9229700278219699E-01   1.8898249793370521E-02
   9.6820876272133258E-02   3.4349554081321143E-01   9.3415016531569250E-01   1.8405504100308338E-02
   9.8647578488063540E-01   1.4509974928544668E-01  -7.6233775988305092E-02   1.8702648835408094E-02
   6.6089535862264874E-02  -8.2443207749274431E-01   5.6208889230308400E-01   1.8229804811751286E-02
   5.5609960163204252E-01  -7.6652549244429524E-01   3.2123496462513898E-01   1.8650463415372158E-02
  -2.5735320889447033E-01   6.4258339028397459E-01  -7.2170347955574687E-01   1.7035107284892818E-02
  -6.5573307896819352E-01   1.7584136240664771E-01   7.3423017127728193E-01   1.7886677045800376E-02
  -1.3370629787944221E-01   4.7881351345369873E-01   8.6767519570487809E-01   1.5731467664509750E-02
   3.0302446156262474E-01   9.1540851985964550E-01   2.6495927510290027E-01   1.8672784821568662E-02
   8.1202902401653300E-01   4.5153878331333991E-01   3.6975882858785875E-01   1.9382701296322306E-02
