   0.0000000000000000E+00   0.0000000000000000E+00   1.0000000000000000E+00   1.9670383806849864E-02
   6.5389932979909559E-01   0.0000000000000000E+00  -7.5658156631541952E-01   1.7736328119769932E-02
   5.0441141259291057E-01   3.8864294936637367E-01   7.7105498166721613E-01   1.8087170474911275E-02
   7.1722241954714549E-01   6.8118958435021355E-01   1.4687665257528741E-01   1.7410078528575924E-02
   5.1452731611538906E-01   8.4711439355013951E-01   1.3288658777797699E-01   1.8955813369955702E-02
  -4.4671901984747535E-01  -7.6310673590121496E-01  -4.6702272635141026E-01   1.6415870838937478E-02
  -7.5035322430343764E-02   2.5186484541400400E-01   9.6484910739055678E-01   1.6547746005959707E-02
  -8.0179372104318513E-01   5.0679660883119259E-01   3.1667653240005968E-01   1.8086053310920862E-02
  -7.3939218019381662E-01   6.7056241114119963E-01  -6.0375960718944066E-02   1.6884755004691623E-02
  -8.1303690877147758E-01  -5.6977366118173478E-01  -1.1970363402537782E-01   1.7326849203896714E-02
   8.4823775883165026E-02   4.2474711440597436E-01  -9.0132947130820078E-01   1.9650172978538522E-02
  -1.2610341230087065E-01  -3.5460926555503697E-01  -9.2647190901213729E-01   1.1687592684081549E-02
  -2.6679762483895133E-02  -8.9674216054731044E-01  -4.4174844399357500E-01   2.0777158298093905E-02
   4.5886651293661646E-01   8.0359238050236108E-01   3.7905251523230716E-01   1.7260528400671986E-02
   5.7987134592382201E-01   6.9011681834738745E-01  -4.3299884435246918E-01   1.8356063012441914E-02
  -4.7044770966643731E-01   4.3680790616639040E-01  -7.6673189941474149E-01   1.9479761659345042E-02
  -7.4246532671062333E-01  -5.5899254688990573E-01  -3.6915114946864764E-01   1.9394013921747943E-02
   2.6319728084529954E-01  -8.2056783913303572E-01  -5.0734171200107445E-01   1.6855981479428441E-02
   8.3221083575539473E-01   4.9405786790273822E-01   2.5165839547829027E-01   1.8960980226694728E-02
  -8.4210558894528233E-01  -7.2815863716425468E-02   5.3437442590224133E-01   2.1233863730229267E-02
   9.9603756532990121E-01   7.1616740094792712E-02   5.2727706093456605E-02   1.8427789370959654E-02
   9.0336176804387626E-01   2.3742610389340041E-01   3.5716433364299127E-01   1.9424942138060570E-02
  -3.8172219767558047E-01  -6.0605840257908427E-01   6.9784050933219248E-01   1.7222183098836884E-02
  -5.8436538478886497E-01  -5.7216214879846063E-01  -5.7545423149273124E-01   1.6159550542427285E-02
  -2.2595994060758348E-01   1.9407141703171337E-01   9.5460902485358900E-01   1.7711587780235646E-02
   1.0737617059321151E-01   7.2792050730804707E-02  -9.9155013758213037E-01   1.7470430763362414E-02
   2.3506673438029697E-02  -8.2068728826602903E-01  -5.7089387033180649E-01   1.7976085043274181E-02
   9.7084595932731936E-01  -1.7326048560242459E-01   1.6564699631031301E-01   1.7719021624512301E-02
  -6.1480420546929925E-01   7.3161710228853653E-01   2.9453727196432852E-01   1.7128130791887987E-02
   8.3527824842585634E-01  -5.0095889292726170E-01  -2.2660634435894726E-01   1.8212259407978264E-02
  -8.5483398038297497E-01  -5.0414333997611642E-01   1.2287537890206214E-01   1.7579756344670249E-02
   8.0891857317166167E-02   9.8787529747886715E-01   1.3251001490762441E-01   1.8323765755565329E-02
  -3.0463888669776006E-01  -9.0499434495183805E-01   2.9695182154137885E-01   1.8975814979007859E-02
  -8.7115108176965918E-01  -4.5821921167169836E-01  -1.7643964063248310E-01   1.7213412283877900E-02
  -5.3158351121576323E-01  -7.6775277706824578E-01  -3.5773543842834056E-01   1.7643833080679430E-02
   6.1282327545040846E-01   1.7419745383517415E-01   7.7078069523281067E-01   1.4880778710815663E-02
  -5.9909528638860978E-01   7.7963849692219007E-01   1.8234212882342269E-01   1.4121064357495320E-02
   8.6571854561442904E-01  -4.2300545870238073E-01   2.6757761806105158E-01   1.6597524398375127E-02
   8.5373251286441931E-01   2.1360938805834113E-01   4.7488085433247899E-01   1.2909579532649777E-02
  -1.4632990817186710E-01  -9.3474823188860156E-01  -3.2377971053718916E-01   1.6936442201628912E-02
  -7.9370745340610415E-01   2.2902487285328101E-01   5.6353889486186803E-01   1.6467308936726425E-02
   8.0252010033783740E-01  -5.8369087059167306E-01  -1.2355750135739265E-01   1.6728537380322463E-02
   8.9605890766825808E-01   4.4188572990145154E-01   4.2607929987617358E-02   1.7920738888177949E-02
   2.0851498558156897E-01  -2.8775415712891705E-02  -9.7759576320607504E-01   1.6498199918578184E-02
   3.2523165846438635E-01  -6.5330115177643035E-01  -6.8368265549163540E-01   1.4216391133670311E-02
  -4.6704106853488811E-01  -4.5433304432051881E-01  -7.5858692655505164E-01   1.7057656213464920E-02
   7.6364288460919436E-01  -6.4559285210620673E-01  -7.7080539127757825E-03   1.7361467430678054E-02
  -8.3624346340008379E-01  -4.2129102250885370E-01   3.5101388045784922E-01   1.7426533003024424E-02
  -8.6182127400796897E-01  -3.3309514845561021E-01  -3.8250714208053215E-01   1.7354461504082509E-02
  -4.6818351117130170E-01  -6.7183703838582689E-01  -5.7396793788527302E-01   1.8057762788312885E-02
  -2.8250471641374366E-01   3.1220174037123253E-01  -9.0703977780093190E-01   1.7320749098004146E-02
   5.4971948283984986E-01   5.1981300333769011E-01   6.5391355066808234E-01   1.5657737063500468E-02
   9.4592942457558422E-01  -3.7369636139712105E-02  -3.2221271547983612E-01   1.9836714004262629E-02
  -6.2089079101122193E-01  -7.1869475641304978E-01   3.1300554746177615E-01   1.5716354636138094E-02
  -5.8279126064059685E-01   7.6016418412262121E-01  -2.8723641777834094E-01   1.7493693613903036E-02
  -3.5278062645215442E-02   6.1727047012648208E-01   7.8595968408426140E-01   1.7208332512167139E-02
  -3.4381318068883319E-01  -9.2638054581082958E-01   1.5366060369482243E-01   1.9753719452533136E-02
   5.9673719515861591E-01   2.9459345332005163E-01   7.4640432553355058E-01   1.7370749362973190E-02
   7.4377179101427852E-01  -6.2172174120603340E-01  -2.4549052813326714E-01   1.6321156231057472E-02
   6.4955491779454215E-02  -4.2862939075410295E-01   9.0114240243673791E-01   1.6550424216676864E-02
   2.4966308322582460E-01   9.6105931931758554E-01  -1.1846235531591449E-01   1.9219829242658640E-02
   5.8738355376837318E-01  -2.3136444307509758E-01   7.7553275575115883E-01   1.6984469950411904E-02
  -5.9703966508001879E-01   2.1248152455803444E-02  -8.0193026775297227E-01   1.6135514881313710E-02
   5.4397777727421834E-01  -8.3875625172634258E-01  -2.4002666972174879E-02   1.7442855898798583E-02
  -1.4821877318902567E-01  -6.7892351295244113E-01   7.1909252452981089E-01   1.7947749785059690E-02
  -2.6929573918441667E-01  -6.1306872657514679E-01  -7.4271565309521143E-01   1.8517593774018637E-02
  -6.8547232199591965E-02   3.7422064582903762E-01   9.2480278178272872E-01   1.7132801019758831E-02
   7.4103577707953549E-01   5.7030776794414119E-01   3.5442210274008130E-01   1.7725950185178969E-02
  -7.2089695416400019E-01   6.1599172604760799E-01   3.1758742877821215E-01   1.7641142088591205E-02
   8.7180292504100780E-01  -4.7917818957731572E-01  -1.0172473899376237E-01   1.4190155530726191E-02
   5.0618569810396802E-01   2.2041187313367003E-01   8.3378333229724947E-01   1.9516212692162044E-02
   1.7733868118208047E-01  -8.8408338938159243E-01   4.3237432020895525E-01   1.6834817314494161E-02
   7.7392246617752666E-01  -5.2865779004762352E-01  -3.4866166604268071E-01   1.7345778139569421E-02
   7.0723280130442169E-01  -2.1244269934724746E-01  -6.7430695106394651E-01   1.7648643339448346E-02
   2.3391404402566005E-01   1.0890290042355252E-02   9.7219628758309646E-01   1.5135758716979559E-02
   1.2895727652589625E-01   8.7220622426662863E-01  -4.7183293990730978E-01   1.9206053032076360E-02
  -1.0638883860846659E-01   9.9291300387100545E-01  -5.2963966650907270E-02   2.1083218163703052E-02
   3.4160850848693007E-01  -3.4453450394573952E-01   8.7441386226443036E-01   1.5439709144042952E-02
  -5.6365150080826378E-01   7.1149721519573736E-01  -4.1960540797909438E-01   1.7855876799106145E-02
   4.8257623510619520E-01  -3.3056136905570698E-01  -8.1107913214355775E-01   1.7343711132249755E-02
   8.6240548365799831E-01   2.8322576344987830E-01  -4.1957114852530983E-01   1.7851764196487280E-02
   6.3884347833248984E-01  -7.2271094990401527E-01   2.6375726166473869E-01   2.0487320019374144E-02
  -9.3568139791106066E-01  -3.5284084215190048E-01  -1.9135602266394549E-03   1.4008489135202890E-02
   2.8631042794889459E-01  -9.1551678456278970E-01  -2.8258689996447374E-01   1.7627313237664550E-02
   2.6380508196915233E-01  -2.6962979950448624E-01  -9.2612453263393224E-01   1.7215422899769336E-02
   9.4543893954414528E-01   3.1599827388526118E-01   7.9311427267306875E-02   1.8079315444579487E-02
   5.0756314720385509E-02  -9.6811012941691050E-01   2.4532952092314106E-01   1.6469967395027207E-02
  -3.2283068725849357E-01  -8.2941859200089869E-01  -4.5590036916793073E-01   1.6726458100177577E-02
   6.6362950614208386E-01   4.8429754829044764E-01  -5.7013311015715917E-01   2.1169288037015330E-02
  -5.1992823901399187E-02  -9.6262579289311638E-02  -9.9399711372384125E-01   1.7211648943566009E-02
  -3.0609251037485147E-01  -9.5135309316761116E-01   3.5137831646819837E-02   1.3917229599659759E-02
  -9.1624434525421794E-01   3.6839716065396217E-01  -1.5741611039461112E-01   1.8946517812605520E-02
  -4.7564138970499589E-01   2.1726164997498162E-01  -8.5238644044215572E-01   1.4384531890554774E-02
   2.4105320601175015E-02   9.9969149409847819E-01  -5.9874991329198818E-03   1.7036742635976747E-02
   9.2054978290925557E-02   6.4547129284282744E-01   7.5821678370217195E-01   1.5358779483636800E-02
  -9.9307385524953755E-01  -1.1398826531613797E-01   2.8477945677986582E-02   1.7038508147641191E-02
  -3.9419826184011581E-01   5.9013555715150980E-01   7.0451952034539733E-01   1.6840406233545984E-02
   3.6796791711212946E-01   9.2723330944012403E-01  -6.9555746282218011E-02   1.5733300876243017E-02
   1.5154576272167279E-01   9.5602916768649883E-01   2.5108188372275419E-01   1.6960921393868098E-02
   6.1780181324003962E-01  -4.3057234844066698E-01   6.5797292673453364E-01   1.6486553908691785E-02
   1.2085569147352610E-01   9.2897899247855448E-01  -3.4984558504000813E-01   1.6245072463307215E-02
   6.4965416504095960E-01  -7.2159615706112436E-01  -2.3926648733065563E-01   1.7287579193935358E-02
  -9.8445746176294317E-02  -8.3761188737659306E-01  -5.3732184134391394E-01   1.3189903181270374E-02
  -3.5940405276600273E-01   9.0900487726441188E-01  -2.1104231794804464E-01   1.6446436145519389E-02
   6.2612303651425849E-01  -1.3554443069170794E-01  -7.6785262287409370E-01   1.7847073569917513E-02
   5.1049004051585420E-01  -1.5738900311202854E-01   8.4535709628152027E-01   1.3005009724081195E-02
  -8.8606736971309292E-01   3.6588621650911630E-02   4.6211025642741088E-01   1.4990764875380817E-02
   1.7800859078126689E-03   8.4322116932175497E-01  -5.3756384820950620E-01   1.5572988901898461E-02
  -3.7422983792744002E-01  -6.5057707764934793E-01  -6.6083393862757722E-01   1.6583385024484327E-02
  -9.2124842713958408E-01   3.1883064004586763E-01   2.2281911601293273E-01   1.7723898109796909E-02
   9.2937584854825932E-01   2.2019609701384683E-01  -2.9626712776660086E-01   1.8937941448302561E-02
   3.0542336696877003E-02   1.6663367152099420E-01   9.8554572962624522E-01   1.6121386505120436E-02
   8.7297997925848775E-01   1.5327894190804666E-01  -4.6304591757340896E-01   1.8500771612322040E-02
  -8.6046938315071113E-01   3.1052368366920033E-01  -4.0393994917653941E-01   1.9297429273286672E-02
  -4.8810380429469493E-01  -8.3912329086904975E-01  -2.4005578300499688E-01   1.6287921375980767E-02
   4.0253039350424337E-01   5.4935096365118027E-01  -7.3224504166353945E-01   1.7196444823209803E-02
   6.1105495900251360E-02   9.2985151651345958E-01   3.6282540650897594E-01   1.8271496893556911E-02
   4.5326730209643022E-02  -1.9108063487512129E-01  -9.8052724516161351E-01   1.5962008150827040E-02
   5.4240409821764625E-01   9.4038267103689552E-02  -8.3483806726624365E-01   2.0559240899092112E-02
   2.0701171212740971E-01  -3.5899290977394251E-01   9.1009353462933493E-01   2.1183059266436119E-02
  -8.9570574815160899E-01   5.9471643115193506E-02  -4.4065217166530050E-01   1.7704823509916602E-02
  -3.5981152796584354E-03  -3.4091369047926183E-01  -9.4008771357264553E-01   1.8098116186739176E-02
  -9.5919838859818344E-01  -4.7516637502241731E-02   2.7871243329124868E-01   1.8473190814751108E-02
  -3.4312543208442045E-01  -7.4898734929004628E-01  -5.6681821465117891E-01   1.7512452423958553E-02
  -1.3176825950146335E-01   1.3481629404587611E-01  -9.8207010577030136E-01   1.6102869798868924E-02
   9.5973488343736335E-01  -2.7638115091541548E-01  -5.0223629221123049E-02   1.6722599209449276E-02
  -4.9674934919926467E-01   8.2536597570141818E-01   2.6834882191758016E-01   2.0626681660630445E-02
   5.3064512757679729E-01  -8.1863811615121555E-01   2.1965287014604077E-01   1.8042061211247123E-02
   2.5178336724659349E-01   8.7821124687096503E-01  -4.0663268664399314E-01   1.5936098976918273E-02
  -6.0494073673301516E-02  -2.3962396659573319E-01   9.6897926793267146E-01   1.6013561497463251E-02
  -2.3969963320282592E-01   7.1603208579238799E-01  -6.5562347270230727E-01   1.7990146806207709E-02
   4.2954134272896862E-01  -4.1010471941468269E-01   8.0455475512882230E-01   1.6990560839520854E-02
  -5.8687651253578279E-03  -8.1524944267207537E-01   5.7908022226525215E-01   1.7912368751251246E-02
  -2.3813997818184757E-01  -9.4933716163753061E-01  -2.0505683194067492E-01   1.9166016164320978E-02
  -5.5563740280885811E-01   1.1823536207156117E-01   8.2297477224738404E-01   1.8598547400624308E-02
  -5.2874421866909315E-01   7.4856294972138588E-01   4.0010381343899741E-01   1.7306490276724655E-02
  -9.8796546328486289E-01   1.1478043438426750E-01   1.0368073706762119E-01   1.8418654886483359E-02
  -1.2701894374907884E-01   3.3379816398683890E-03   9.9189467475505708E-01   1.4220053695487901E-02
  -2.8560074219646743E-01  -7.7743015064477614E-01   5.6038788078015002E-01   1.7565297102415828E-02
   8.4883041776821013E-01  -4.1636933336966146E-01  -3.2576602048210840E-01   1.6649201105423870E-02
  -3.2577082811970106E-01   2.6645815223066189E-01   9.0712370747105133E-01   1.5556498517692554E-02
   7.1435161332376679E-01  -6.8895257971303340E-01  -1.2266260819209691E-01   1.7490252174174005E-02
   6.5802373010633630E-01   7.5054363319519890E-01   6.0737346724189373E-02   1.5432220383059862E-02
   6.9436586351729445E-01  -5.3171930229208559E-01  -4.8490270276819416E-01   2.0973637876457811E-02
  -7.0638319751037723E-01   2.8741766399455489E-01   6.4684918234386632E-01   1.6858329781051384E-02
  -5.2822146114651840E-01   8.4246166470034022E-01   1.0602090121560312E-01   1.8186439776485601E-02
  -7.6828263809051229E-01  -9.8584286986754765E-02  -6.3247365665930779E-01   1.6771020719323233E-02
   3.4665282037546303E-01  -8.5579482097194574E-01  -3.8398834165027988E-01   1.6254815202219104E-02
  -5.6503823404481003E-01   6.4979021686091309E-01   5.0843334680110228E-01   1.7720178016503180E-02
   3.6878987679914105E-01   8.0847429117430245E-01  -4.5865384254433516E-01   1.9431819019729097E-02
   9.5714392613788472E-01  -1.4460888152756536E-01  -2.5092583773039778E-01   1.6165392642567326E-02
   9.5231362353923874E-01  -2.5061553136807268E-01  -1.7404200027195637E-01   1.4853261977546288E-02
   5.8974799508556783E-02  -7.3244307466266569E-01  -6.7826920570052884E-01   1.6964762675326944E-02
  -9.6358435693722235E-01  -9.2102485573655155E-02  -2.5104246496765103E-01   1.7013823166413026E-02
  -7.4151114331311616E-01   1.3648235180931145E-01   6.5691231681791037E-01   1.8682975582491669E-02
  -2.6396634659030446E-01   6.4407676180771842E-01   7.1797415884351352E-01   1.7083818311427270E-02
  -6.5002241205853952E-01   2.4741484588147413E-01  -7.1851009586438285E-01   1.8738799724081854E-02
   9.4075781376358165E-01   3.3409768621926834E-01  -5.7909169444030199E-02   1.7383231825457681E-02
   6.9648783466888204E-01  -7.0675857943910767E-01   1.2408467490978267E-01   1.8026182232135862E-02
   8.4484749305860979E-01  -2.1895137607355388E-01  -4.8815264865416807E-01   1.4012379743906045E-02
   9.4363339120063596E-01   4.8914115363728605E-02   3.2735826296180685E-01   1.5157842510232812E-02
  -8.6076330828458882E-01   3.8621498251375552E-01   3.3154866067120432E-01   1.7738711635048098E-02
   2.8511277352142272E-01   9.2389778052708102E-01   2.5519325522445908E-01   1.7098574303065561E-02
  -9.3961130234716883E-02  -9.9460821321932773E-01   4.3884031283268001E-02   1.7197213886900950E-02
   2.4300972016361006E-01  -5.9353646577183836E-01  -7.6724229530512673E-01   1.5913770814857681E-02
   6.6139932635195837E-01   5.8750223375439123E-01  -4.6625321064286113E-01   1.6948862698839963E-02
  -7.5213524957832849E-01   4.0475887007583803E-01  -5.2006040364238126E-01   1.6039057387021433E-02
  -4.6701334371241927E-01   8.8451821057198039E-02  -8.7981521477308568E-01   1.9758475144715584E-02
  -6.7502878522300955E-01  -1.7981792245681294E-01  -7.1554290848534272E-01   1.8110353476189304E-02
   6.9729569522725629E-01  -6.2137599897773867E-01   3.5731020320158020E-01   1.6299942092487398E-02
  -5.4851951202590321E-01  -4.1211042024341351E-01   7.2752412087412050E-01   1.6104172786366197E-02
  -2.0945687442798659E-01  -9.6977438615656588E-01   1.2516172621658172E-01   1.8369851826505430E-02
  -1.7993200687658257E-01  -3.5483912828904813E-01   9.1744954408208947E-01   1.8817687603132428E-02
  -5.8122453098405308E-01   6.0772900034367669E-01  -5.4115017021492537E-01   2.1456332171597347E-02
  -6.4325687076911393E-01   1.9030662981465720E-01   7.4162253529468378E-01   1.7191520531125585E-02
   6.3037111606122202E-01   6.4749253132913633E-01   4.2823554022140282E-01   1.6604531559596232E-02
   4.7494626608103587E-01   7.9087315960242463E-01  -3.8593482578818880E-01   1.5663324707018785E-02
   3.3535992431307093E-01  -1.0954538535660207E-04  -9.4209007486786529E-01   1.7740258438246218E-02
  -6.5983012279143498E-01   7.4890516116142862E-01   6.1361784873115272E-02   1.9458884924062619E-02
  -7.4103120217442199E-01   5.6347528427978001E-01  -3.6519633268935214E-01   1.7026522535901349E-02
   5.8606579330848438E-02   3.0954129717013687E-01   9.4907821290205891E-01   1.8330408591599420E-02
  -1.9452347857663605E-01  -2.1327719181628896E-01   9.5743065322424421E-01   1.8969274737084344E-02
  -2.1244872562714047E-01  -9.7603001823409698E-01  -4.7232853876853457E-02   1.9083676101888439E-02
  -1.3309238446037134E-01   2.6418380040947955E-01  -9.5524517104241724E-01   1.7905541307546339E-02
   3.9280212453595119E-01  -9.0797788501452387E-01   1.4588574736620163E-01   1.7032577370185975E-02
  -1.2913126063995692E-01   6.8380981066515733E-01   7.1814292474661147E-01   1.7767705588597944E-02
  -4.6579071476453215E-01  -3.2170100677690047E-01  -8.2434669422390172E-01   1.8386544128905581E-02
  -4.5489058634790735E-01   8.8259044553785912E-01  -1.1877988001905155E-01   1.7264340219761025E-02
  -9.9176312827474149E-01  -2.2012553591540644E-02   1.2617981169378189E-01   1.7909543335423832E-02
   5.0363127987921689E-01   7.1123620111977681E-01   4.9040656617130480E-01   2.0568449616707913E-02
   7.9178806121875302E-01  -1.5643472082921363E-01  -5.9042344485168811E-01   1.7774746908114547E-02
  -9.7245633009187812E-01   6.5266802835487141E-02   2.2376087797439003E-01   1.2829160407560085E-02
   5.4824459483891407E-01   2.1931504478080632E-01  -8.0704942560087840E-01   1.4262164518702478E-02
  -5.0386604273310444E-01  -4.2220575906526951E-02  -8.6274934595779466E-01   1.5906921301885017E-02
  -5.3691461548153629E-01   3.1305881815955367E-01  -7.8340083741010744E-01   1.7604224824551280E-02
  -9.5991385410502871E-02   1.2861106491506701E-01   9.8703842271128667E-01   1.8398680980483563E-02
   5.5225267888470686E-01  -3.6320426944776618E-01   7.5039965173204823E-01   1.7355758878574365E-02
   2.1955117045960443E-01   9.6626280298353997E-01   1.3466060715818262E-01   1.6450041031698853E-02
  -7.2245007460418095E-01  -6.4847408492614500E-01  -2.3989008083622858E-01   1.9408844889013270E-02
   1.1406298158810528E-01   7.1924660978049770E-01  -6.8532762278379832E-01   1.2871596177227149E-02
   3.5776503848779181E-02  -9.9908484999149234E-01  -2.3441507840486082E-02   1.7260365423233416E-02
  -2.3963445339787252E-01  -7.1668507938854180E-01  -6.5493345137238359E-01   1.6231942762119428E-02
  -1.1100166646558682E-01  -9.7195148864561531E-01  -2.0733772874572293E-01   1.5730706856608483E-02
   6.7409837185492440E-01   6.7835854104516855E-01   2.9226884003193060E-01   1.9207201512993325E-02
   6.0331932563827486E-01  -7.8934043230282426E-01   1.1378696429454318E-01   1.5978335364874178E-02
   1.2404793894092343E-01   8.0101323325262399E-01  -5.8565340347229808E-01   1.6936637707351406E-02
  -8.1324345118632415E-01  -2.9116784406842782E-01  -5.0384161765687904E-01   1.6105195145284511E-02
   8.2612385855896253E-02  -4.2784317697521565E-01  -9.0006966931396519E-01   1.6977497464926008E-02
  -3.6270532787688885E-01   1.9093542825825091E-01  -9.1213404024055417E-01   1.7080004199767846E-02
  -3.2634451832993431E-01   4.2211574696489231E-01  -8.4576447757060240E-01   1.7524790137809647E-02
   2.9663513297468885E-01  -8.8087828048759337E-01   3.6886454539615125E-01   1.6857350737426914E-02
  -2.1862765677247604E-01  -4.9112353808834114E-01   8.4320793285509729E-01   1.7035208858895649E-02
  -4.4532098524266938E-01   8.9505915465089316E-01   2.3629002901666322E-02   1.6422140511372875E-02
  -8.8478238995807760E-01  -4.0173742803901388E-01   2.3615071740875630E-01   1.6496521367589538E-02
  -8.2981992287581611E-01  -4.5001919551564881E-01  -3.2997214922751116E-01   1.6589551271227507E-02
   7.4554433276821061E-01  -6.2339065747301383E-01   2.3568567214102604E-01   1.7248791589169877E-02
  -3.2731226513691478E-01   5.3267521202790639E-01  -7.8046383617818380E-01   1.6598154998524363E-02
   9.3451924234523566E-01   2.7728490171639941E-01   2.2312971332077915E-01   1.7117655755818090E-02
   1.5477709692834680E-01  -7.8639707130953739E-01  -5.9801646842057412E-01   1.6869075577835658E-02
  -9.6434783466131008E-01  -2.5198571506781579E-01   8.0848334465245237E-02   1.7244990369104331E-02
  -6.9573671425378993E-01   5.2007834395814747E-01  -4.9544822190123056E-01   1.7123928104020063E-02
   3.0191766709293532E-01  -1.3868139802568806E-01  -9.4319308316950678E-01   1.7231733292330253E-02
  -2.8182087216428719E-01   9.3694717812834902E-01   2.0665667521249888E-01   1.7184582506982676E-02
  -3.5066157020965134E-01   8.1242344791681659E-01  -4.6583753010363331E-01   1.8089211127375444E-02
   2.8262680713691160E-01  -9.5801890745238935E-01  -4.8185691354646786E-02   1.8339718097073333E-02
  -6.6785763320648072E-02  -8.8116001634561271E-01   4.6807765104892364E-01   1.9768273877891582E-02
   3.5226910872010659E-01  -3.6241798919913921E-01  -8.6287871462123479E-01   1.8411499907636557E-02
  -4.3344861157412122E-02   8.7698150100192346E-01   4.7856522012329509E-01   1.9631353576083483E-02
   6.1529582894502299E-01   7.6523384941205163E-01   1.8928338172399216E-01   1.7419986187123797E-02
  -3.4573483096806718E-01   6.3646299819796157E-01  -6.8947971585851863E-01   1.5542076773509910E-02
   1.2882364521176077E-01  -8.6180927603193726E-01  -4.9060089704327145E-01   1.7212113657561940E-02
   7.9792870864367309E-01   4.5501136521887479E-01   3.9531561244643004E-01   1.7023313006907397E-02
  -8.2213368452387243E-01   8.8067808453486442E-02   5.6244134439548627E-01   1.6952470335799853E-02
   8.3379967799515046E-01   5.5181395149452869E-01  -1.6717054500629922E-02   1.6802148606245507E-02
   8.8723177009026841E-01   3.4330524801530053E-01  -3.0815790242608107E-01   1.5627497279653919E-02
  -3.0854601533214247E-01   4.0531937887886586E-01   8.6053213625518232E-01   1.7375085014975373E-02
   5.9953758705119408E-01  -6.8961010560901936E-01   4.0619279160855272E-01   1.7221999088052529E-02
   4.8042861851538578E-01  -3.4939280472376550E-02   8.7633760001010490E-01   1.6463903826430216E-02
   4.4412466244407244E-01   8.9533376526909478E-01   3.3626373250830412E-02   1.5717359971838509E-02
   3.7837577080440283E-01  -5.4238756733479940E-01   7.5009832880017306E-01   1.8185913718752972E-02
   6.7129210106727308E-01  -3.4647615992442695E-01  -6.5522605690609472E-01   1.7794734055142673E-02
   4.0949975743938518E-01  -8.6889585521671168E-01   2.7808261622097818E-01   1.8350542267414994E-02
   4.3973529253799483E-01   5.2533075739425862E-01   7.2846445886679935E-01   1.9189110340398389E-02
  -4.9327521124578463E-01  -8.5893515371238535E-01   1.3751351819914852E-01   1.6612171301726141E-02
  -9.3884452531093369E-01  -2.6972413130137700E-01   2.1405571771715150E-01   1.7184477457037630E-02
  -8.8781717719692192E-02  -1.1848143314535712E-01   9.8897924983215048E-01   1.5825713559610976E-02
   5.6339517968936956E-01  -5.9842807601880316E-01  -5.6962242699459828E-01   1.8052453564073804E-02
   1.5869667694622268E-01   7.1758502099881669E-01   6.7814976396394470E-01   1.7454126260732842E-02
  -4.5892245840404521E-01  -1.7288408073411494E-01  -8.7149370152692853E-01   2.0618121330492797E-02
   4.2899599721930545E-01  -1.1178832932358444E-01  -8.9636254038020553E-01   1.7918598962807927E-02
  -1.8494010480545096E-01  -9.4799854290595071E-01   2.5902880203317786E-01   1.6416547100067373E-02
  -8.6383971581983693E-01   1.9408717290261357E-01  -4.6487752654540592E-01   1.4843238508333684E-02
   8.4938757908942754E-01  -1.3792070507048783E-01   5.0942970035271875E-01   1.6641544152758247E-02
   1.0110809918822571E-01  -6.2772759386290140E-01  -7.7183885635645230E-01   1.7894711471376321E-02
   7.6167100794435826E-01   4.7602585638621341E-02   6.4621302176414161E-01   1.6896763133010301E-02
   5.6009194555613097E-01   6.1959304237195649E-01  -5.4991042394867459E-01   1.6148650770931187E-02
   8.3911748913888146E-01  -5.9369496770655070E-03   5.4391781736746889E-01   1.7090072839945243E-02
  -1.7780244679288159E-01  -8.8043183215717508E-01  -4.3957488422204527E-01   1.8261925987160662E-02
  -8.7176534919185169E-01  -1.9739867824871701E-01   4.4839596092523912E-01   1.6911478096174996E-02
  -3.2415038124457460E-01   9.4248165973376707E-01   8.1577272597707093E-02   1.8607636596429035E-02
  -1.6929039086641186E-01   3.8987298121461240E-01  -9.0517391813901042E-01   1.7644157358905909E-02
   4.5418264653248705E-01   8.9173419219839615E-02   8.8643455759203604E-01   1.7742919412229934E-02
   6.7313248615601786E-01   7.3793670612104662E-02   7.3583092504936935E-01   1.6534386550337664E-02
  -3.6215274529335026E-01  -9.0442474929025529E-01  -2.2552441541382779E-01   1.7167791824643403E-02
   3.9262326533979411E-01   4.2888029611459845E-01  -8.1357769335114635E-01   1.9532743896152595E-02
   6.6047101134849857E-01  -7.5084319976005691E-01  -3.5401331007166545E-03   1.7945270284140697E-02
  -3.9333098369086396E-01  -3.1930870179523598E-02  -9.1884229158128967E-01   1.6314211397591464E-02
   5.1839415471842702E-01  -7.8479508093107144E-01   3.3965303075368060E-01   1.6597696994305763E-02
   4.0480628697340579E-01   8.7415776253786159E-01   2.6829102896221512E-01   1.5606370024434115E-02
  -6.2465940589503183E-02  -9.4418963381336453E-01   3.2342532625886515E-01   1.7530875887104291E-02
  -1.3926388785571157E-01   9.6760296735864130E-01   2.1059455619285110E-01   1.8313939200357904E-02
   8.8450737832283863E-02  -7.3729217564841427E-01   6.6975869886441365E-01   1.9170646456441058E-02
  -4.8832079754333923E-01  -5.5934609686327085E-01  -6.6983187637679764E-01   1.8973873278084319E-02
   6.9185183821662485E-01  -1.7770644556690140E-01   6.9982958865730662E-01   1.6851438513003362E-02
   8.7225918037201211E-01  -9.4627788370013554E-02  -4.7980152555504194E-01   1.5781940187440799E-02
  -7.5220934280707467E-01   1.8435597319676020E-01  -6.3260886789581469E-01   1.8523818264919407E-02
  -5.1664426059225885E-02   9.9316093308032922E-01   1.0470027737776335E-01   1.7176953480202299E-02
   2.8463890081955076E-01  -9.5541588742315717E-01   7.8493172949364637E-02   1.5749119318937781E-02
   8.0160330121358462E-01   2.5328295316229194E-01  -5.4155322279612674E-01   1.7307683338211223E-02
  -1.1968455240414686E-01  -5.7293493260879335E-01  -8.1081512745654684E-01   1.7228319519171561E-02
  -8.2840163045817138E-01   1.0308863087610640E-01  -5.5056650174010144E-01   1.7068019690606190E-02
  -2.4972174302915446E-01  -5.0906947730772991E-01  -8.2370341648685396E-01   1.7177814855776629E-02
   9.2200455524199629E-01   3.3914282903784362E-01  -1.8678795899419286E-01   1.5909052967296506E-02
  -2.1402506177401776E-01   6.2008176903650369E-01  -7.5477935361348347E-01   1.8389404069379406E-02
   5.2073743053861409E-01   8.1349512153427401E-01   2.5895601108292254E-01   1.6277040018776021E-02
  -2.4388689901116955E-01   9.2937429870782679E-01  -2.7709672208824622E-01   1.8597247530589944E-02
  -9.3406368913498170E-01  -1.6924472321366916E-01   3.1445388899467734E-01   1.7019342502973446E-02
  -1.0738017953555127E-01   6.9322503710288003E-01  -7.1267702711440286E-01   1.6168031848194608E-02
   4.0678103037139647E-01   3.2121245792011561E-01   8.5519106064487324E-01   1.7670829531284097E-02
  -8.6706399564036988E-02  -4.6795830336325492E-01  -8.7948679727897314E-01   2.0848722214997792E-02
  -7.7452104918273567E-01   6.0239831312661271E-01  -1.9295962457230771E-01   1.9567903131171373E-02
   7.6334510381069211E-01  -2.4536140327080389E-01   5.9758014882794228E-01   1.6252471445542107E-02
  -1.8049016993713982E-01   9.7962138692452533E-01   8.8120581228972589E-02   1.6157323535278271E-02
  -9.4925724667561297E-01   2.8579329687950121E-02  -3.1319945968730804E-01   1.6934785442155025E-02
  -9.8826133673057263E-01  -1.0588363898993511E-01  -1.1012804056075211E-01   1.7019844102022001E-02
  -5.6961616765945333E-01  -2.7959615873769227E-02   8.2143513524876006E-01   1.8394146425817943E-02
   3.7587973122057078E-01   7.8579774911530826E-01   4.9115814677440337E-01   1.6107819136426333E-02
  -3.0526114258171905E-02   5.2163705912728657E-02  -9.9817188105743959E-01   1.6486920196143451E-02
   6.8666418961707629E-01  -6.2956992909834692E-01  -3.6350240036707637E-01   1.7674021996238922E-02
  -3.5578740078621136E-01  -4.1152365016142473E-01  -8.3908498425344806E-01   1.8156066889399351E-02
  -7.3383872440969462E-01  -3.6638865325984184E-01   5.7204902003166786E-01   2.0539527895362459E-02
   2.8695457879220015E-01   1.2610340310907484E-01   9.4960781453950833E-01   1.8658969964919140E-02
  -3.2804480161635627E-03   9.0806540417194536E-01  -4.1881554460986141E-01   1.7028213407122265E-02
  -7.0129392980217550E-01   4.7047602404363306E-01   5.3557365023189484E-01   1.5791782770859992E-02
   6.0444201351898634E-01  -8.5016813043463059E-02   7.9209973727621356E-01   2.0535290422544152E-02
  -9.2464688938854244E-01   2.7121488221744733E-01  -2.6733989153859729E-01   1.7514989399825213E-02
  -7.5433445302702910E-01  -1.2681721711634008E-01   6.4412493075433738E-01   1.6102753032625274E-02
  -6.5206632307761065E-01   6.2497318213192540E-01  -4.2920628131929792E-01   1.2983004371373811E-02
  -7.6037838436724536E-01   3.5582786486957100E-01   5.4333345485937076E-01   1.7017172851497712E-02
  -7.6505488399620746E-01   4.4674975306304283E-02  -6.4241355142534981E-01   1.6538772879492897E-02
   6.9903948052275612E-01   5.3482594294340906E-01   4.7466305462419198E-01   1.7110113646919014E-02
  -7.1845705819373257E-01  -6.9151282377338150E-01   7.5029794672329490E-02   1.6402351901676963E-02
   2.3948670248455412E-01  -9.5557884328058619E-01  -1.7179986498135422E-01   1.4177269053454253E-02
   7.6547884060949549E-01   6.0066579308221630E-01   2.3074390479502291E-01   1.2910351451630002E-02
  -6.0393921387686289E-01   3.8587230805847113E-01  -6.9739514467439844E-01   1.7345333782067329E-02
  -5.1494978785295320E-01   3.9347821208076535E-01   7.6157836931462465E-01   1.6029912188142512E-02
   5.4545378977006295E-01   5.3410414335991802E-01  -6.4592021741949228E-01   1.7199114843910572E-02
  -9.2491752912057627E-01  -2.1204007934593804E-01  -3.1554170734857880E-01   1.7607229365562040E-02
   7.3884361913934455E-02  -3.0325548386241880E-01   9.5004063732660455E-01   1.7199301463331543E-02
  -5.5444506393338945E-01  -6.8332847776001095E-01  -4.7502932810731373E-01   1.7189942510531737E-02
  -2.2065327311756859E-01   9.2215525218652700E-01   3.1771343051137539E-01   1.6905200589167719E-02
  -9.6128420198314650E-01   2.4688953448455714E-01  -1.2238562325544630E-01   1.5689706163922785E-02
  -6.9372137337155548E-01  -3.5505421881041532E-02  -7.1936779267946935E-01   1.7688927082048246E-02
  -8.1858406727425325E-02  -9.8068626744526472E-01   1.7763345994581738E-01   1.7606629104055706E-02
   6.9802114348240831E-01   3.3583156498640769E-01   6.3244260072380589E-01   1.6895617630216697E-02
  -6.5317953063244713E-03  -9.5086639692089480E-01  -3.0953260063642979E-01   1.7753027571267294E-02
  -2.1875217122210792E-01   7.4346722619785152E-01   6.3198415419635809E-01   1.7228628980651372E-02
   7.6752260872093316E-01   5.4497927928358826E-01  -3.3750056333842475E-01   2.1240869186095712E-02
  -2.7573757650425623E-01  -4.9635930394620952E-02  -9.5995055253769177E-01   1.4330007608322170E-02
   7.5449391347271657E-02   3.0305714798676479E-01  -9.4998092317659441E-01   1.4173979150054256E-02
  -7.4189750685536068E-01  -6.6720989898969040E-01  -6.6475860370266550E-02   1.8163398175712835E-02
  -5.9799182983074183E-01  -5.8617136333001589E-01   5.4663415944076483E-01   1.4274243976426026E-02
   4.5391385213128048E-01   1.7885113757741049E-02  -8.9086606038686575E-01   1.4018622418008320E-02
  -9.1121141198732331E-01  -7.4051046818282060E-02   4.0522858380077906E-01   1.5906960969151013E-02
  -8.6071047200987873E-02   5.9140646514970987E-01  -8.0176690366518030E-01   1.7402500910937437E-02
   4.4169404690231850E-01  -4.5066413152907438E-01  -7.7576298537903811E-01   1.5635796742776461E-02
  -9.8799083451934706E-01   1.2121224479993333E-01  -9.5821201288260056E-02   1.4807790840744196E-02
   5.8470998764339601E-01  -7.2356492237026834E-01  -3.6683515843682061E-01   1.7520257972764568E-02
   4.5638083939154681E-01  -6.0709270012007863E-01   6.5050363788158751E-01   1.7010312747342553E-02
  -8.4809489409556579E-01  -3.9197656398629966E-02  -5.2839246241963540E-01   1.8625786504652159E-02
  -4.5959826285708542E-01  -1.0643318572569100E-01   8.8172638258987685E-01   1.9140620291721052E-02
   3.9106642028950485E-01   4.3982512946878165E-01   8.0846824947534088E-01   1.3938118715793454E-02
   7.8589134967163438E-01  -5.1953379417266827E-01   3.3534970288319705E-01   1.8468813296425114E-02
   3.0600295308829030E-03   1.9259024709175246E-01  -9.8127449418825101E-01   2.0528837859779045E-02
   5.7035102597174009E-01   8.0613228076124414E-01  -1.5764026480457897E-01   1.5246461806455102E-02
   2.5286474012535364E-01   8.1281904427339739E-01  -5.2477102098707621E-01   1.6057598450021266E-02
   6.6426496101775720E-01  -3.0911060776521939E-01   6.8058996005751817E-01   1.8308572535299346E-02
   4.8684800468768916E-01  -7.4377394511408212E-01   4.5801674521904791E-01   1.5109217905348451E-02
   1.5844895811921047E-01   2.0382582597804850E-01   9.6609987078733379E-01   1.8665757508696570E-02
  -2.3865427897111963E-03   9.8792438189599316E-01  -1.5491843037202766E-01   1.6585332620388076E-02
   2.2271303960747870E-01  -3.9626730740650861E-01  -8.9071382781990831E-01   1.6284748961317916E-02
   9.0969750670485396E-01  -1.7195053555803349E-01  -3.7799928520604049E-01   1.9335885953771558E-02
  -6.7014210518788628E-01  -7.2698373904439286E-01  -1.4968033277415601E-01   1.4175606662408513E-02
   6.3800460916271406E-01   2.8133696717707099E-01  -7.1679817911790220E-01   1.8873541619041315E-02
  -9.7133268827623364E-01  -2.3082748545489510E-01  -5.6846113716202859E-02   1.8026707181893526E-02
  -9.4197405797637117E-01   3.3513350174406824E-01  -1.9246041366654026E-02   1.7328691083385034E-02
  -6.8869656907985632E-01  -5.0447563297386510E-01   5.2076997942782075E-01   1.7039748718812191E-02
   3.3285328688207718E-01   3.3776985518947415E-01  -8.8040911759083879E-01   1.3036710986601471E-02
  -2.3234572747956665E-01  -4.0055641815528018E-01  -8.8632387917544193E-01   1.7693355789336622E-02
  -1.4548781514513196E-01  -7.7950913718037204E-01   6.0926086424175291E-01   1.8802456290765366E-02
  -7.2557255574425356E-02   9.3777309771302466E-01   3.3958365960279253E-01   1.7247437450630020E-02
  -9.1962333747494575E-02  -4.6738820455691190E-01   8.7925604656026141E-01   1.7009580092702258E-02
   9.9886501958887681E-01  -3.0527403870680163E-02  -3.6561595351253792E-02   1.7447349743202005E-02
  -4.4730153686744626E-01   7.2998944123982765E-01   5.1675598767153605E-01   1.7614438899020010E-02
  -3.0692013355750735E-01  -8.4324843116814722E-01   4.4128461898133295E-01   1.6589833942421718E-02
  -8.8824778913080280E-01   4.5790061935818693E-01  -3.6645434853880574E-02   1.5204248505233128E-02
  -6.8209387153902554E-01  -7.0291343230139693E-01   2.0164487868322558E-01   1.6457742978022611E-02
   1.8960034119849165E-02  -5.3973357108949446E-01  -8.4162235554027180E-01   1.6405664425567092E-02
  -4.6883886866128570E-01   7.9192039583702955E-01  -3.9121886699100812E-01   1.7133293912613083E-02
  -1.5914535558562152E-01   8.9124276386537015E-01   4.2468705143098253E-01   1.4345625230603711E-02
   8.9936898623371934E-01  -1.7517085666517728E-01   4.0056285096863373E-01   1.8001449494320860E-02
   2.5455523532462489E-01   4.3833864655943957E-01  -8.6200978132574785E-01   1.8225592898904032E-02
   6.5968922286575848E-02   5.4532134652438024E-01   8.3562714790580177E-01   1.5701644744570087E-02
   4.9739358971106808E-01  -4.8882486788988463E-01   7.1669370406525434E-01   1.6665377716527530E-02
  -9.8047850907770772E-01   1.9659440104915070E-01   3.5404396451853079E-03   1.7264219804386423E-02
   8.7644981461740112E-03  -9.8531494302512463E-01  -1.7052168959883458E-01   1.6120843172358611E-02
  -9.2539375548965434E-02  -7.5930773131360984E-01  -6.4411818258793651E-01   2.0976432459930558E-02
  -2.3242531403665562E-01  -7.3634378402018878E-02   9.6982289708601463E-01   1.8726531494015850E-02
  -2.4084435425824541E-01   8.7766255308029190E-01  -4.1436993127218153E-01   1.7093864172292208E-02
   8.0651228991059813E-01   1.2424751766015789E-01  -5.7801425637993730E-01   1.4924093274113079E-02
   3.0970752942270438E-01   5.3692319923861404E-01   7.8472589121186526E-01   1.5746900467839539E-02
  -4.9186558996248308E-01   6.1955358974176935E-01   6.1173653712112532E-01   1.6733482616363069E-02
   3.6141705035053512E-01  -9.2040874303157043E-01  -1.4908206286124130E-01   1.6602099262423046E-02
  -9.9969714160414149E-01   1.7062148064882389E-02  -1.7734378250193138E-02   1.8918841594161744E-02
   7.3301907674980011E-01  -7.8019068692788486E-02  -6.7571891940449653E-01   1.6049045519111977E-02
   9.8355477835616831E-01  -2.3521141469000435E-02  -1.7907192375340073E-01   1.8193871700559867E-02
   2.4707215858952005E-01   8.3909956764990241E-01   4.8463105969351776E-01   1.7265547980787294E-02
   4.7971969953496564E-01  -8.6681305377116437E-01  -1.3602992203919987E-01   1.7540793135354777E-02
  -6.5546856351346169E-01  -5.9585016900811273E-01  -4.6402967398497541E-01   1.6085894612256835E-02
   2.7739840291884192E-01   2.6116834133542359E-01   9.2457623998358275E-01   1.7281974868233684E-02
  -4.1161629392201470E-01   3.2776828728960833E-01  -8.5037637339306542E-01   1.7362673519867266E-02
  -4.6734236946806655E-01   6.3769172630883028E-01  -6.1232374761823260E-01   1.7659327049419495E-02
  -5.4976467462453770E-01  -1.6487951070815329E-01   8.1888555334895016E-01   1.5064997936003699E-02
   3.9635850863291013E-01   1.2740211689430269E-01  -9.0921319460572380E-01   1.7602729435082902E-02
  -4.1329164237102862E-01   8.1288296077543993E-01   4.1037947125460902E-01   1.7578215919223705E-02
  -9.1623946091910397E-01  -7.8069927348201488E-02  -3.9295080697018072E-01   1.9396967023556433E-02
  -6.8023678780216894E-01   7.0878900790308758E-01  -1.8680485752876940E-01   1.6831339135634388E-02
  -1.8421772178435881E-01   8.2590606113189846E-01   5.3286303039915736E-01   1.8038785008780815E-02
   5.7397480005365340E-01  -5.4884899181959321E-01   6.0771515785109766E-01   1.7827766652751300E-02
   3.9935102018454697E-01  -2.3930623131520487E-01  -8.8501485316986361E-01   1.5965779945574825E-02
  -3.5456624753326062E-01   7.3160761047344688E-01  -5.8226547245008077E-01   1.8427102764571174E-02
   5.0311168754485731E-01  -7.0657594287722798E-01  -4.9762341866407586E-01   1.8635772122656440E-02
   7.7425460642775654E-01  -3.0387556956924339E-01  -5.5514812675930711E-01   1.9897992720430160E-02
  -2.7628609632675567E-01  -8.9744320805215611E-01  -3.4389196166467344E-01   1.6735376944985997E-02
  -1.4777966032106826E-01  -6.6831951004565297E-01  -7.2904746380995533E-01   1.4398925914703593E-02
   8.5081958802694952E-01  -5.2479625724470357E-01   2.6361278641271352E-02   2.0596466627632787E-02
   4.6801481047831119E-01  -7.9716779004055418E-01  -3.8142581414320853E-01   1.8392276786888384E-02
  -6.6082437834028882E-01   5.9785384403331187E-02   7.4815563140493477E-01   1.5767743502197870E-02
  -8.9282272136283751E-01  -2.9361456144128386E-01   3.4155245208884057E-01   1.7349090724475042E-02
   7.5727161517953902E-01   6.5270939587283347E-01   2.2586398178838686E-02   1.7325684738621185E-02
   1.2198733720606744E-01  -6.2442940830422299E-01   7.7149659986691521E-01   1.7029118901687116E-02
  -8.2673537139791086E-01  -3.1728028876391274E-01   4.6458782166717043E-01   1.7255593701805209E-02
  -2.3562482698049271E-01   6.4198236219367252E-02   9.6972136584522843E-01   1.5482720815297732E-02
   6.0345890338763013E-01   4.1317938485781029E-01  -6.8199717583778927E-01   1.7237324656845897E-02
   3.0511030048377607E-01   2.1977850442867183E-01  -9.2660947196205381E-01   1.7194174303552893E-02
  -8.1457459071457769E-01   5.0793830652423181E-01  -2.8011946188630648E-01   1.4815848528894992E-02
  -4.3829092004546605E-01   5.4949580118729848E-01  -7.1130544345114348E-01   1.6521641213033351E-02
  -3.6705367212592983E-01   8.7857238891796036E-01   3.0558494598042407E-01   1.7247028145723632E-02
  -8.8104703174067715E-01  -4.7254061570510783E-01  -2.1482420021488670E-02   2.1196234005567733E-02
   3.5664653335076135E-01   5.4426479620536269E-04   9.3423923811019413E-01   1.7940454602051354E-02
   6.7667570611055456E-01  -4.7701365374721600E-01   5.6086358671116576E-01   1.3863416502790810E-02
  -7.8714674549664040E-01   5.8212853056128288E-01   2.0378021238728951E-01   1.6847968246513664E-02
   4.3628018580773737E-01   2.5496925919847681E-01  -8.6293121182128196E-01   2.0250052284008486E-02
  -1.1837133239651889E-02   9.5631817303577157E-01  -2.9208805897912192E-01   1.8717900746857980E-02
   8.5674435849713166E-01  -3.1678231375897558E-01  -4.0698657210385729E-01   1.7396421927006824E-02
  -1.8702377630840548E-01  -9.0460054950864918E-01   3.8304040638553198E-01   1.7434168344300768E-02
   1.7074788914451781E-01   6.3149353680803468E-01  -7.5634718967043879E-01   1.8738395663322688E-02
   7.1324340935236332E-01   2.0183898139317761E-01   6.7122638849018869E-01   2.0096822108515346E-02
  -6.1068336622250747E-02   4.9562923242076752E-01   8.6638462719059852E-01   1.8140313759785154E-02
   7.1411897750998987E-01  -4.2248757509060110E-01  -5.5815619216680767E-01   1.3564540133328089E-02
   4.9299158801042572E-01   4.5759206868939834E-01  -7.3997891376951798E-01   1.4846570431170795E-02
   3.5974375430709941E-01   8.7426141003230082E-01  -3.2596229561924250E-01   1.6674532410807709E-02
  -8.4706828646485892E-01   5.2375535244099955E-01   9.0308631120684932E-02   1.7952340476717429E-02
   2.9296379074258954E-01  -2.4155349724014527E-01   9.2510762902744865E-01   1.5770591958566503E-02
  -2.1322131202893834E-01   5.0278029390858165E-01  -8.3770439186735696E-01   1.7325579574404712E-02
   4.3033881086949934E-02  -9.9253917552054780E-01   1.1407922744998517E-01   1.7795657587555055E-02
   9.5161224638617873E-01   1.5686354402254199E-01   2.6424980810691023E-01   1.5588283672919702E-02
   7.8561037859828193E-01  -6.0864882682611645E-01   1.1118875231720217E-01   1.4591769838327039E-02
   2.9558542537653128E-01  -4.6417740107946769E-01   8.3496622484510467E-01   1.7116059255211936E-02
   1.6653480314149264E-01   9.8595620849183180E-01   1.2510566695228149E-02   1.6750043620563359E-02
   8.2323830377300737E-01  -4.0008012199382720E-01   4.0275872577306861E-01   1.6695575576189347E-02
   6.5729694412695511E-01   4.7231715692255198E-01   5.8726248860110565E-01   1.7426559726061434E-02
  -8.6822967257573218E-01   4.5162606571281349E-01   2.0545347996031244E-01   1.5943641907229868E-02
   8.9365967797995011E-01   2.3138108212175030E-02  -4.4814842173228015E-01   1.5971408248542065E-02
   5.5855200768304644E-01  -4.0454770904078616E-01  -7.2412761708354249E-01   1.8548463584052205E-02
   2.5129251543421347E-01  -5.7712612840976476E-01   7.7703121146676048E-01   1.6764798340914790E-02
   2.8788232583931353E-01   3.9775719008007373E-01   8.7115611930867551E-01   1.7975220500690680E-02
   7.2887096227212744E-01   2.0157100915072625E-01  -6.5430592892504098E-01   1.7703853388875923E-02
   6.1944789905721240E-01  -4.8142208685019403E-01  -6.2009440784965139E-01   1.7524951320648720E-02
   9.6657385006098248E-01   1.0286948263717747E-01  -2.3484646456834039E-01   1.6943160460671808E-02
   9.1612202123081392E-01  -4.0057871885386377E-01  -1.6035342757964654E-02   1.7232986839483938E-02
   2.1939871159765016E-01  -8.9346526257657590E-01  -3.9189798407016791E-01   1.7323950898916984E-02
  -9.8727886874230552E-03  -6.4745507876573205E-01   7.6203966368161779E-01   1.7184734931497132E-02
  -4.2042800652192537E-01  -2.6096979603428009E-01   8.6898507288090183E-01   2.0219399054364339E-02
   1.6302336579090857E-01  -9.8633728875986417E-01   2.3709386496573983E-02   1.8019255880634485E-02
   3.7310778650086589E-01   9.1579706344503755E-01   1.4868193648816165E-01   1.9275236792401512E-02
   4.1529239272320790E-01  -9.0968412852341629E-01   2.6485578765665165E-03   1.9895580139939479E-02
   3.3970736480812147E-01   6.4219897619816155E-01   6.8715309885436370E-01   1.8785264683773380E-02
  -5.7565325525451340E-01   1.5721633500491671E-01  -8.0243775691483012E-01   1.7623735460705276E-02
  -6.9306726147548980E-01   5.6431663466657608E-01   4.4855825364099057E-01   1.9097714604414090E-02
  -2.3699075419309898E-01   9.6060768381276329E-01  -1.4514909654167393E-01   1.6602121299934662E-02
  -8.8191038562301748E-02   7.8474486807977346E-01   6.1351269973796096E-01   1.6029095814472087E-02
  -3.3557365479119956E-01  -9.3732068601124911E-01  -9.3916206191893856E-02   1.7320878287193284E-02
   1.3332829232011300E-01  -6.6442311198790005E-02   9.8884224512788971E-01   1.6405857020022924E-02
  -3.4839499546412184E-01   1.1223389396609064E-01   9.3060436286359777E-01   1.8756335135790951E-02
   3.9066672155587895E-01  -5.5726541491320240E-01  -7.3269009138270568E-01   1.8725693514465866E-02
   1.2175238745254886E-01   9.6649667763110294E-01  -2.2596576793320788E-01   1.6030494007018951E-02
   8.1920675414858035E-01   5.4903081614693904E-01  -1.6572705536023201E-01   1.6885733895340062E-02
   9.7483396241858901E-01   1.8267356735402184E-01   1.2778541976856554E-01   1.7135990498116367E-02
   3.9774755257420109E-01  -8.1987020339045511E-01   4.1183702360730851E-01   1.6890059311420513E-02
   4.0534736383422522E-01  -7.2259426404839901E-01   5.5995628775556829E-01   2.0305115813966740E-02
   1.6394360384234641E-01  -5.1534054902579473E-01  -8.4115790033083328E-01   1.8768168900224171E-02
   9.1247940518664751E-01  -2.9064298383356540E-01  -2.8793747769011188E-01   1.7240632753726330E-02
   8.3594176106386530E-01   3.3566717358126068E-01   4.3419917168208801E-01   1.7955597689900559E-02
   9.0815323033881973E-01  -3.7358875425259410E-02   4.1696765420368855E-01   1.7217669646600555E-02
  -2.4219326860468535E-01   1.9012625310140574E-01  -9.5141706339764535E-01   1.5459712511151060E-02
  -8.7493799158031730E-01   1.6674794293776054E-01   4.5461921914435805E-01   1.7815093927690639E-02
  -8.4115875829865505E-01   3.0233745316666156E-01   4.4837931235747445E-01   1.7859305193303020E-02
   2.9965351141029028E-01   9.5344709503462183E-01   3.3858677905726004E-02   1.7120070694850442E-02
  -7.6104867875741186E-01   1.0719844171205374E-04   6.4869476417656688E-01   1.7200737421141168E-02
   3.8918950934298329E-01  -7.7574430805777536E-01  -4.9674167766891788E-01   1.6933336426591411E-02
  -4.1153614512794689E-01  -8.3564055262586371E-01   3.6378959311718976E-01   1.6983164617357426E-02
   2.7357632265536251E-01  -1.1893464325011591E-01   9.5446872464074825E-01   1.7207240864795291E-02
  -8.7482445804920931E-01   3.8823998327468146E-01  -2.8974451329711520E-01   1.6132472193748792E-02
   3.6096377182523893E-01   9.1137164091285036E-01  -1.9775461453406148E-01   1.5660059118355786E-02
  -5.3367010184656198E-01  -2.9253369417910333E-01   7.9348614365028904E-01   1.7204740687957087E-02
  -7.7350402793106542E-01  -4.3113258973193993E-01   4.6456023166587163E-01   1.3204860505010029E-02
  -1.2138550847263382E-01   9.6986689070811031E-01  -2.1124339668028038E-01   1.7164262738323554E-02
  -5.4078921401444235E-01  -8.4108280286251133E-01   1.1258096401409689E-02   1.6870539718642687E-02
  -7.8339147326898022E-01   4.4552831287643828E-01   4.3336165270467956E-01   1.6950768986162052E-02
  -5.4899798401935981E-01   5.1251423939226903E-01  -6.6025023132358136E-01   1.6428385131436124E-02
   3.9890945078091988E-01   7.0613662598783495E-01   5.8501479939928113E-01   1.5729130744233758E-02
   8.9318093584147035E-01   9.7569603867275151E-02   4.3898517998964194E-01   1.9629016590153657E-02
   5.6762844363731517E-01   8.2328337010976841E-01  -1.5628418286298484E-03   1.9718525861949114E-02
   7.3874139313054598E-01   5.8774646000731474E-02  -6.7142139902078543E-01   1.8520687793466327E-02
   4.6620669562931373E-01   7.2325913319041763E-01  -5.0945808778253987E-01   1.7235383954705893E-02
  -1.8298357184561560E-01  -1.3835142215768534E-01  -9.7333236688274489E-01   1.6046823884632743E-02
  -9.5939922556695638E-01   2.5962851561864717E-01   1.1020961781615117E-01   1.5429452064554032E-02
   4.3242139981662210E-02  -1.5735282150010132E-01   9.8659525991956993E-01   1.7922469324676885E-02
   4.0524478404610366E-03   9.7027614809938160E-01   2.4196647308238206E-01   1.6138883210395002E-02
   6.1401702835340543E-01  -6.3830693376151117E-01  -4.6427076927589467E-01   1.3123972943150374E-02
   3.3669495142984509E-02   6.5210895069983108E-01  -7.5737723857664338E-01   1.8028435637931865E-02
   7.8018893306879775E-01  -1.0955161846584879E-01   6.1587634441378256E-01   1.8321888016404033E-02
  -6.1296506007463076E-01   3.2166797264529045E-01   7.2166720204119911E-01   1.6029735665243158E-02
   1.0111790373670876E-02   7.2786657983793192E-01   6.8564421798077637E-01   1.8661349879421598E-02
  -9.7453210127719511E-01  -1.4902742245294899E-01   1.6756494543097231E-01   1.6965958433338707E-02
  -8.5561267560429890E-01   4.9220443334184569E-01  -1.6019283736760893E-01   1.7916646694400480E-02
   8.2287366506323671E-01   5.5569714397504474E-01   1.1865755569441995E-01   1.9978734368716789E-02
   9.9065895143713422E-01   9.5196462033147870E-02  -9.7634397390720764E-02   1.7047835002788418E-02
   9.6519503549841090E-01   2.1876111033075416E-01  -1.4332522477246245E-01   1.8526756671015238E-02
   1.9845047394920673E-01   9.0723398460305642E-01   3.7086912323702065E-01   1.7674128213541866E-02
  -2.2192501788147587E-01  -8.0399056317957189E-01  -5.5167785958519424E-01   1.7759308697474384E-02
  -3.6190527980061877E-01   8.6716444421439575E-01  -3.4212628537248344E-01   1.6695554840512580E-02
   6.7348554964310638E-01   6.5642083619883901E-01  -3.3989542542661514E-01   1.6880673637142851E-02
  -8.2366525402289791E-01  -1.6547951176721595E-01  -5.4239476444807133E-01   1.6512527944557278E-02
   5.4278438694612942E-01  -7.9930910369862218E-01  -2.5785667730741348E-01   1.6633119192362850E-02
  -3.6277144063892672E-01   6.9192286917162970E-01   6.2421120221769275E-01   1.8280837761352248E-02
   6.0076744124402292E-01   4.0610821322045751E-01   6.8858884735086798E-01   1.5417212634152928E-02
   6.0222373136016642E-01  -7.8776961887665368E-01  -1.2940481042669971E-01   1.7065368732532841E-02
  -3.7102770532822253E-02   3.5874249609582440E-01  -9.3269888276641896E-01   1.7585780095654062E-02
   6.6338627058168384E-01   7.4500085347089664E-01  -6.9945581213973788E-02   1.7162204985188291E-02
  -7.1330000476933150E-01   3.2154256723075840E-01  -6.2274672271696838E-01   1.6355832713546877E-02
  -4.2379387718611321E-01  -7.7043282696985695E-01   4.7626884087329930E-01   1.6811702792168286E-02
  -9.3420104407527198E-01   8.5330051506260353E-02   3.4639167362771692E-01   2.0145120614629141E-02
   5.3098235917952933E-01  -6.5424623178292664E-01   5.3853468081264965E-01   1.6691460335557573E-02
   1.7653968423680320E-01  -1.7144655668023385E-01  -9.6924703666921843E-01   1.7793347259484011E-02
   2.4127488345781893E-01   9.3090658091843270E-01  -2.7422503207251041E-01   1.9816596903160315E-02
  -7.6491235904929579E-01   6.3969507447110105E-01   7.5493673053134546E-02   1.7869400186109500E-02
   7.4036360240859995E-01   4.9141673414284596E-01  -4.5866254439722871E-01   1.3688225739501864E-02
   8.9742366397800772E-01  -4.2230117655873664E-01   1.2764201349631871E-01   1.7373024626977633E-02
  -5.1765793460520068E-01   5.0481272220694872E-01   6.9079257251239152E-01   1.9335104998093568E-02
   4.3520166645138802E-01  -6.5841598036790891E-01  -6.1407483771450870E-01   1.8613873925259046E-02
  -4.5993075599242452E-01  -8.8089580645597429E-01  -1.1174201475056584E-01   1.8220270048641324E-02
   3.1832041936760684E-01   6.4325636321805026E-01  -6.9634284787963380E-01   1.7201134404139089E-02
  -4.7213035389296251E-01  -5.1146985651614258E-01   7.1797737764379618E-01   1.7049299834704811E-02
  -8.0796959476901459E-01  -5.8901251231040285E-01   1.5792221838040436E-02   1.6098906966357604E-02
  -4.0676829789496684E-01  -8.4409315950223930E-01  -3.4935124145930638E-01   1.9024555161768198E-02
   7.4440199468790746E-01   6.2382596804330781E-01  -2.3813196320421718E-01   1.3774270411416049E-02
   5.1515441098940293E-01   3.4025249495499960E-01  -7.8666649383017404E-01   1.7323012348351108E-02
  -2.9683629080626090E-01  -2.8191960456560067E-01   9.1236481355977119E-01   1.5097309165602035E-02
   7.7273132242045203E-01   3.7676104110809944E-01  -5.1082034146408101E-01   1.8312288314923886E-02
   7.5210792832254780E-01   6.4948019139684820E-01  -1.1184428969544550E-01   1.7672603194001272E-02
   8.2512043257453786E-01  -7.2785928310224923E-03  -5.6490998737357056E-01   1.9503524467567380E-02
  -5.9876417003537323E-01  -4.6027509138217617E-01  -6.5546037937847936E-01   2.0190684656062400E-02
  -9.5721071481300477E-01  -2.1748200506082615E-01  -1.9091680104668466E-01   1.6537171865329876E-02
   4.5785066245162759E-01  -2.7894407899302726E-01   8.4413445119088557E-01   2.0183600187601880E-02
  -6.1352985096876233E-01  -7.8099234154779892E-01   1.1675651765076902E-01   1.8628113502090426E-02
  -9.2820432566715602E-01  -3.4983340392498036E-01  -1.2670169419167902E-01   1.7011275182813294E-02
   1.1962575985510113E-01   9.8744271005784618E-01  -1.0318222682567921E-01   1.6070513283111220E-02
  -3.2596812802920913E-01  -1.6517527400072486E-01  -9.3083935690747328E-01   1.7647886739108460E-02
  -6.4337638417637368E-01  -6.7352905410446499E-01  -3.6390306616086620E-01   1.6282121937255816E-02
  -1.6593544473264656E-01   5.7468136546816559E-01   8.0137803586386340E-01   1.6908835107622779E-02
   7.4834367748363037E-01  -3.6559395177280666E-01   5.5346436452351550E-01   2.0347236785597337E-02
   3.8993048525327051E-01   1.9798800051352502E-01   8.9930804973757751E-01   1.4931807320573248E-02
  -6.0980253943299134E-01  -4.8059778053250070E-01   6.3021158054125701E-01   2.0232397279209317E-02
  -6.9907045868530648E-01   6.8994056030446735E-01   1.8783641031565931E-01   1.8037466700488266E-02
  -9.0418618914473274E-01   2.4815138491366299E-01   3.4766107853102656E-01   1.6414726348241376E-02
   9.2853982117600946E-01  -3.1005348996515920E-01   2.0415835483969093E-01   1.7935704951101194E-02
   8.3186166693262695E-01  -2.7876294895148214E-01   4.7989309786653997E-01   1.8021910636446282E-02
  -6.7105028477440971E-01  -7.4541304627003954E-02   7.3765514246745933E-01   1.9393913981820979E-02
  -6.8083869014096389E-01   6.6531661813055809E-01  -3.0628822315990831E-01   1.8505105673472542E-02
  -9.8552525867738332E-01   1.7355963127962255E-02  -1.6863788142875158E-01   1.7820557489044541E-02
  -6.0401458815409920E-01   5.4394022212870680E-01   5.8249069696228357E-01   1.6457951225214966E-02
   3.3108372199857658E-01   8.6109599066391222E-01   3.8587208228907252E-01   1.7513801495631746E-02
  -8.0211388564723726E-01   4.4312072072616164E-01  -4.0032154740285710E-01   1.9008045513942688E-02
  -2.3383840897159919E-01   9.7206282753310997E-01  -2.0333662187768686E-02   1.4325530568288671E-02
   1.5950669586629442E-01  -8.1065776125101489E-01   5.6337519300845144E-01   2.0061939485011439E-02
   1.5686150957959499E-01   5.2307265981888964E-01  -8.3772875046903028E-01   1.5373700994897905E-02
   3.0701470230487135E-01  -4.8395159879321898E-01  -8.1947106269479590E-01   1.6945239572758154E-02
  -7.2400090399761465E-01  -3.8335008253004563E-01  -5.7346787637569027E-01   1.6529373259163233E-02
   3.9856693016497214E-01  -1.5236240608534026E-01   9.0439488023249889E-01   1.9282758672788657E-02
  -4.2323942199987971E-01  -8.7274065393865800E-01   2.4329435387598179E-01   1.4179143539403407E-02
  -4.1977660916717631E-01   3.3248216702404373E-01   8.4453727390039077E-01   1.8374033753060494E-02
  -6.3474572528585646E-01  -2.1607044410166462E-01   7.4189718116262000E-01   1.8472002480797012E-02
   5.4773172799650771E-01  -4.9171918179088507E-02  -8.3520780444662321E-01   1.5927571507300815E-02
  -2.3047888907576248E-01  -2.7090308014633035E-01  -9.3460740573656551E-01   1.9295640141711816E-02
   1.6221685707069926E-01  -4.9724873543665912E-01   8.5230826957665257E-01   1.7860647975383868E-02
   1.5984868062542687E-01   8.0071655743904166E-01   5.7732260820556833E-01   1.5373984427992740E-02
  -9.6228087663964174E-01   1.4665746514341724E-01  -2.2914428286856773E-01   1.7616909410769549E-02
   8.8738023843179352E-01  -3.0632392763688249E-01   3.4456053720333001E-01   1.7168311323069267E-02
  -6.3912983105312193E-01   4.2172931665831274E-01   6.4316206552386194E-01   1.8478381368521347E-02
  -1.1885319846611863E-01  -5.7469519907215733E-01   8.0969089495793813E-01   1.7141325597509860E-02
   1.9040143211607142E-01   4.9918694132721705E-01   8.4531632674196384E-01   1.9986130370642039E-02
   1.2926064043359020E-01  -9.8471438152734069E-01  -1.1674448016041247E-01   1.6674187448066604E-02
   8.7607920877978457E-01   3.7726845469862624E-01   3.0025611239922671E-01   1.6228203128791747E-02
   7.0727405787143950E-02   4.3339211814138751E-01   8.9842579326483189E-01   1.6799728737553680E-02
   8.1535346441796008E-01   1.2939311941388194E-01   5.6431919044985097E-01   1.7801120687480008E-02
   5.6992210645511232E-01   5.6605118613295859E-02   8.1974670058533458E-01   1.7647265737666106E-02
   8.3089235374292922E-01  -5.2263865798540818E-01   1.9096263946318540E-01   1.6961123550019951E-02
  -1.8859963810751480E-01  -8.4450643744293358E-01   5.0123752216205739E-01   1.5430763205492588E-02
   5.7227680053268343E-01   7.3823700835601346E-01   3.5707895914718705E-01   1.6279126042208491E-02
  -4.2708307605045199E-01  -9.0381619174024248E-01   2.6764485787123053E-02   1.7240966593760711E-02
   9.2910846722246382E-01   1.0106442572398603E-01  -3.5572944492774971E-01   1.5613053197095460E-02
  -2.0106489488021419E-01   3.2125281290102023E-01   9.2540236559563133E-01   1.8344948539587537E-02
  -4.6429033863843454E-01   4.4623372613399530E-02   8.8455821519197570E-01   1.5580693072920137E-02
  -6.4728348282040943E-01  -7.6192765315597839E-01  -2.2143717486090266E-02   1.6937271879991662E-02
  -1.8523684639925361E-01   4.5119497026475361E-01   8.7298935248022786E-01   1.6893642656715563E-02
  -7.8056030715095472E-01  -4.2706283206961312E-01  -4.5644599282400175E-01   1.8707315636989408E-02
   7.8540219164473725E-01  -4.2078917122548844E-01  -4.5396020832118066E-01   1.7495530493874738E-02
   3.1011415005954838E-01  -7.4066709184236074E-01  -5.9602136957882958E-01   1.7721681654481877E-02
  -7.1796047338349735E-01  -2.5121254033178397E-01   6.4917256429935186E-01   1.5399923196493297E-02
  -5.3237232732858270E-01   2.6121593841556260E-01   8.0519931607796664E-01   1.5731358118286475E-02
  -9.1198705875195997E-01   3.9963029401178999E-01   9.2602552756386824E-02   1.8859047118069380E-02
  -7.9958644410215038E-01  -5.4686122099175555E-01  -2.4820218247123606E-01   1.5718848318758316E-02
   2.7575080711774955E-01   5.5087419093789860E-01  -7.8771766397131486E-01   1.6617756316436846E-02
   9.8401436864740290E-01  -1.4457945142224426E-01  -1.0398319345882716E-01   1.7243269791359687E-02
  -3.6070299535348260E-01  -2.9663084407835373E-02   9.3220890929364070E-01   1.6974286786994050E-02
   6.4168427344965950E-01   1.4069528955701557E-01  -7.5395366482553169E-01   1.6258906684426324E-02
  -4.4036471490551019E-01  -3.9323605603695522E-01   8.0712100833684736E-01   1.6917218608760535E-02
  -9.5315444550597678E-01   1.9099054543607154E-01   2.3456175000674308E-01   1.8265672482715675E-02
   7.0595114906905420E-01   3.4247413464868259E-01  -6.1995519372348031E-01   1.6179353824203581E-02
   2.1992069971346146E-01   6.1973143516927340E-01   7.5337098039450278E-01   1.8341203378357306E-02
   5.7361625107965767E-01   7.5965636546895645E-01  -3.0640920824905775E-01   1.7811337163689644E-02
  -1.5825241903408708E-01   3.9948392496679861E-03  -9.8739060818362514E-01   1.9276882767152066E-02
  -3.2183250344350149E-01   7.8104887762525425E-01   5.3515090440698998E-01   1.6781769821375140E-02
  -6.5170709826817123E-01   4.6103833423502269E-01  -6.0226365690839722E-01   1.8017410825059821E-02
   9.1071292398178886E-01  -3.7426747875282231E-01  -1.7471641148027872E-01   1.9839844349313031E-02
  -7.4395991785342250E-01  -2.5295551869496262E-01  -6.1849587402770209E-01   1.6885694777471154E-02
  -1.3098423958364886E-01   9.2579233077530478E-01  -3.5461484635914759E-01   1.5664258280038843E-02
  -6.4481736785508934E-01  -3.4802407020551151E-01   6.8050702323342973E-01   1.5723818797261300E-02
  -1.2097451247807931E-01   7.8655334888717023E-01  -6.0555676586515705E-01   1.6807367840103695E-02
  -5.4018548216084907E-01  -8.0272323717011140E-01   2.5265599017198878E-01   1.9379360283371715E-02
   1.9749622640227959E-01  -6.9709613009449968E-01  -6.8924032525972531E-01   1.8179599309439922E-02
  -7.4694340586853149E-01  -5.3574176706432039E-01   3.9377189774324644E-01   1.8425846307289148E-02
  -4.1253069625034664E-01   4.7136843358217674E-01   7.7950639796828422E-01   1.6162431791242203E-02
   1.6757313554213868E-01  -2.0941353307142720E-01   9.6336141525967207E-01   1.7541720424205511E-02
   6.0493946261970856E-01  -2.7108159017539983E-01  -7.4870756509691736E-01   1.6284316414980725E-02
   2.0700824389837935E-01  -6.8733861606725099E-01   6.9621348293527409E-01   1.6625775495536176E-02
   2.9239644633390021E-01  -9.3056622415562468E-01   2.2034250754688819E-01   1.6974378969455095E-02
  -4.9508507476073102E-01  -6.0488794981530595E-01   6.2369971694509978E-01   1.7332890878838584E-02
   9.4507362259500773E-02  -9.1987095242897787E-01  -3.8066493055725061E-01   1.4178279584385893E-02
   4.7249053408845655E-01   8.4443123419272954E-01  -2.5236597614684286E-01   1.9459489591441492E-02
  -6.5743331195359413E-01  -3.2597907720076602E-01  -6.7935195705986251E-01   1.8173653331092790E-02
  -8.1872634187400876E-01   5.7264546226381973E-01  -4.2004186342077600E-02   1.8026991216154875E-02
   3.5145993480668247E-01   7.2833923099538244E-01  -5.8821584373318049E-01   1.6325510132287581E-02
  -3.6022655896399609E-01  -2.8034649323727380E-01  -8.8974303590785233E-01   1.5047631195613933E-02
   1.7858110970828979E-01   3.5292300097980398E-01   9.1845203611008727E-01   1.5730217373978332E-02
  -3.4837979704022541E-01  -5.0267664200456234E-01   7.9116857280685035E-01   1.7268197527866098E-02
  -4.6876975306376857E-01   7.2097822623421228E-01  -5.1033843271764522E-01   1.5738512503896653E-02
  -9.2153348160722341E-01   1.6596403732772479E-01  -3.5104412912161202E-01   1.6799097069153932E-02
   1.7007179643597374E-01  -9.7057496276606087E-01   1.7046942748980001E-01   1.8281055711262510E-02
   9.5818419780744417E-01  -7.7447767504427167E-02   2.7547211543218814E-01   1.9829471970941041E-02
  -8.1148409856588124E-01  -5.2313774095235086E-01   2.6042361983120891E-01   1.7366553713643979E-02
  -1.2216558939818360E-01   8.6555793636369600E-01  -4.8567996413771732E-01   1.9182149976646821E-02
   5.8428266906455057E-01   6.0134454006523627E-01   5.4497569373737597E-01   1.8970891821057305E-02
  -6.3116117848474182E-01   6.6422383592306788E-01   4.0055244671003729E-01   1.4261451898643136E-02
   5.0001022893935562E-01  -8.6030772115067897E-01   9.9299526104302113E-02   1.4659128438091746E-02
  -6.4212874551974072E-01  -6.3685640931066860E-01   4.2671370741653733E-01   2.0201211181967431E-02
  -3.7277282413995154E-01  -5.3785648420845237E-01  -7.5614206600191717E-01   1.5687889555635554E-02
  -5.2756486556744510E-01  -7.5707999176785731E-01   3.8536372258372306E-01   1.6932621120112802E-02
   5.0975522654521165E-01  -5.3803377035053010E-01  -6.7131905303829491E-01   1.6408401335223001E-02
   3.1578131521794583E-02   8.1363175274774910E-01   5.8052234455722544E-01   1.7125410894193540E-02
   4.7232327728673002E-01   6.1634480367372779E-01   6.3010301119540503E-01   1.5690520921974069E-02
  -4.1360478936795361E-01   8.9347999138221290E-01   1.7499880917175271E-01   1.6884577354074368E-02
  -9.1606745500549457E-01  -3.8359513913344454E-01   1.1694095566972906E-01   1.7223073879254167E-02
   4.7772795213767924E-01   8.7216634833875303E-01  -1.0536538602304050E-01   1.7522298892374685E-02
  -3.3567043971429022E-01  -1.5929598473203827E-01   9.2841270195439768E-01   1.5474244869494418E-02
  -5.5855133256105382E-01  -3.6817882957007412E-01  -7.4327973088917289E-01   1.3539777419438725E-02
   7.4498706311047726E-01  -4.8343056991942940E-01   4.5966200611471181E-01   1.6794415112530765E-02
   9.8560005562206001E-01  -1.6524994811739039E-01   3.5846687503756387E-02   1.7576191269018899E-02
  -4.4283633649097877E-01   1.8968798619806150E-01   8.7630727885563786E-01   1.7669586220024697E-02
   5.7544082355195165E-02  -9.2714841145255970E-01   3.7024924270941301E-01   1.8042034174444571E-02
  -3.4768334859159177E-01   9.3530618861572580E-01  -6.5716228203253930E-02   1.6856404804869509E-02
  -2.3731287070517073E-01   8.0420602882246470E-01  -5.4491766772905432E-01   1.5936286828006720E-02
   6.5167684254455906E-01  -5.8626506286301687E-01   4.8125935726734390E-01   1.8738661912934023E-02
  -4.7516932848407780E-01   8.4165755074284227E-01  -2.5656709949943024E-01   1.8008090555100714E-02
   2.4627812886249849E-01   1.0561161348638237E-01  -9.6342787500714841E-01   1.7729645776256557E-02
   1.2392919024169315E-01  -3.0310443225837957E-01  -9.4486467758688270E-01   1.7420677547226763E-02
   9.7957439491048035E-01   4.5024914292636850E-02   1.9597643207464301E-01   1.7797602667161891E-02
   6.5758659332684485E-01   7.2457804371783929E-01  -2.0631657916615377E-01   1.7979493490755418E-02
  -5.6861215562760456E-01  -8.1183551671558991E-01  -1.3267746708337333E-01   1.7360544620487356E-02
   7.7992658297576920E-01   2.6718259936046129E-01   5.6597525013619431E-01   1.7493426158578277E-02
   2.3282525853072102E-01   7.3141051480830041E-01  -6.4096104235589841E-01   1.8053862491757740E-02
  -3.1481894550843376E-01  -3.9731065530325103E-01   8.6199377882410441E-01   1.7394816581279190E-02
   2.7363468954341421E-01   7.4753248266146341E-01   6.0524312804398539E-01   1.8711978381032983E-02
  -6.1057066290749215E-01  -7.4877293509208744E-01  -2.5795844097506543E-01   1.7263221659797589E-02
  -7.1809501573002449E-01  -6.2600738109049576E-01   3.0406299874189675E-01   1.5997168259068033E-02
   3.3380387458409801E-01  -6.5856382515401348E-01   6.7443951656998706E-01   1.7147586618355161E-02
   7.5301605263869939E-01   4.0722238190500101E-01   5.1685274125620059E-01   1.7278076633426497E-02
   1.4819074706310400E-01   1.9968482827812090E-01  -9.6858942377067922E-01   1.6888355873123175E-02
   7.0122321864285277E-01  -4.6780362475885759E-02   7.1140536638598863E-01   1.4582359310747843E-02
  -3.9535703933999815E-01  -7.0382058222444934E-01   5.9019437432217891E-01   1.7051039827900318E-02
  -6.8968081007328310E-01  -4.9531144830687532E-01  -5.2821108412528170E-01   1.7224796217417428E-02
  -5.9208421117582723E-01  -1.1398204046420286E-01  -7.9777464319688382E-01   1.6318513753571277E-02
   9.4978554741972267E-01  -3.0402514461983516E-01   7.4000846964786646E-02   1.6459414182282769E-02
  -9.2211678613676433E-02  -9.9226973120794337E-01  -8.3052915997958400E-02   1.5763053984020396E-02
  -2.9432618942536050E-01   5.3056541951947728E-01   7.9490403812565180E-01   1.8686228633459553E-02
  -5.7053486476635910E-01  -2.4112140034405196E-01  -7.8507989299316269E-01   1.7645788105645081E-02
   8.1979768189100798E-01   4.2142701954450529E-01  -3.8772545436683007E-01   1.5988159600112552E-02
  -2.8771797562370000E-01   8.5800690802271475E-01   4.2549090740966581E-01   1.7589736052397597E-02
   1.8892775788848094E-01  -9.3352688467387636E-01   3.0468649115167285E-01   1.7029942222316889E-02
  -7.9949344780676776E-01   2.8169751582174956E-01  -5.3052496312040053E-01   1.8387354752065729E-02
  -9.0306376111250532E-01  -3.4691485445018930E-01  -2.5323097584446481E-01   1.8144621398982071E-02
  -8.0082664190269188E-01  -2.1578628027192792E-01   5.5867071774459660E-01   1.6225432786742668E-02
  -2.7490704083717032E-01  -6.9674767280450158E-01   6.6254720536703013E-01   1.7121768505664707E-02
  -8.7945941880564362E-01  -1.9884120047890732E-01  -4.3245035283387913E-01   1.5716094367008420E-02
  -5.0276794730652012E-03   7.5862076923258650E-01  -6.5151304739665407E-01   1.8708884563769071E-02
   2.9085348353200304E-02  -5.4338511968194156E-01   8.3897953146630168E-01   1.7974533918721409E-02
   8.8538246429300944E-01   4.5390696104276733E-01  -1.0033126451588878E-01   1.7662470696286169E-02
  -8.6547952388131665E-02  -2.3404889934523409E-01  -9.6836489230697857E-01   1.8461494916999541E-02
   9.3679842944119222E-01  -2.0456526388715974E-01   2.8383402792352491E-01   1.3073231043674065E-02
   1.1987686463291700E-01   7.0470284104368259E-02   9.9028454314102614E-01   1.7551519371973762E-02
  -7.7844891903443000E-01  -6.0666361508350110E-01   1.6117238779625062E-01   1.8455791864319934E-02
   9.9242610160238484E-01  -5.5439788599098624E-02   1.0962145181660483E-01   1.6117350208600305E-02
  -3.0498644467875042E-01   7.2841113262884951E-02  -9.4956697540554717E-01   1.9289784265521197E-02
  -2.5356059572853149E-02  -6.5827305893844272E-01  -7.5235207856346324E-01   1.7249016887753986E-02
  -6.4886203259482648E-01   7.5775077929507013E-01  -6.9222966814665163E-02   1.5779185429356836E-02
  -6.7397896689785694E-01   1.0762274610554090E-01  -7.3086913787626830E-01   1.6401924893232544E-02
   2.0583854763035596E-01   3.2306365140007771E-01  -9.2372093700071271E-01   1.9002558414020910E-02
  -4.6096751543975837E-02  -3.6091392141748275E-01   9.3145919439562572E-01   1.6395690163634773E-02
  -3.9666510950821258E-02  -7.3807755214261181E-01   6.7354888087811293E-01   1.3910004625041323E-02
   9.7898481406934489E-01   2.0388109669859293E-01  -4.6078444623343450E-03   1.6835937412897830E-02
   6.3043412974986487E-02  -8.6912535807631527E-01   4.9055747882300435E-01   1.3864429323214637E-02
  -2.5445333177026778E-01  -6.0255800287449590E-01   7.5642405773673608E-01   1.6751955938413960E-02
   4.5069673330521942E-01   6.3513634041402875E-01  -6.2727528539986243E-01   1.8777040480402234E-02
  -5.5550912407624526E-01   8.3118645949993084E-01  -2.3209537091729228E-02   1.6212429106940922E-02
   4.2433842864942379E-01  -8.6741706659058852E-01  -2.5985482592924165E-01   1.7653169154292185E-02
  -5.2266818181650664E-01  -6.8349846016282347E-01   5.0955649997981211E-01   1.8519713232899450E-02
   2.7128655556345719E-01  -7.4898111342356967E-01   6.0450880597829579E-01   1.4405697087556259E-02
   2.9247495800787381E-01  -8.1507478032319085E-01   5.0011148898959980E-01   1.8272503122202152E-02
  -7.9558027170890373E-02   4.7813326266615829E-01  -8.7467657076481160E-01   1.5673092510559598E-02
   2.9910279707017984E-02   5.3926983137201700E-01  -8.4160170160227458E-01   1.7024973621361474E-02
   8.9736044702729600E-01   4.0695729458943761E-01   1.7067509628360326E-01   1.6929543204677026E-02
   7.6040219271622051E-02  -5.6773670373012929E-02  -9.9548713472626069E-01   1.8159009560427115E-02
  -5.6536486059024415E-01   8.0907297007631360E-01  -1.6051013519920232E-01   1.6601776956233926E-02
   1.3272852665778678E-01  -9.5743393868659651E-01  -2.5632672756137582E-01   2.0124616375107136E-02
   1.0160382922295676E-01   8.7224649562332512E-01   4.7839597903834958E-01   1.7026434425253631E-02
   8.5692116746974793E-01   4.5325540957224488E-01  -2.4544988579296691E-01   1.7916556307358655E-02
   5.2014127194097099E-01  -1.9612576438402776E-01  -8.3125672434477753E-01   1.7846705426330347E-02
