   0.00000000000000000E+00   0.00000000000000000E+00   0.10000000000000000E+01   0.17371312466862569E-01
   0.92826756989550798E+00   0.00000000000000000E+00  -0.37191305258122930E+00   0.17708653526780055E-01
   0.91471630809768349E+00   0.24188162443239829E+00  -0.32370875098163183E+00   0.18477560412946573E-01
  -0.98111054588206130E+00   0.51951754922188335E-01   0.18634138541802345E+00   0.17784302460794734E-01
  -0.95437652406073922E+00   0.23418619725976888E+00   0.18526271976506755E+00   0.14673900083839916E-01
   0.17566263246697790E+00  -0.84064672077505662E+00   0.51230433377526249E+00   0.15810975069470920E-01
   0.95915785669052073E+00   0.28228748652209185E+00   0.18165376458700926E-01   0.16282400749249825E-01
   0.21086314564643378E+00  -0.97442921857229585E+00   0.77617213301404852E-01   0.15700422805389413E-01
  -0.86711275883078275E+00   0.89023652498605496E-01   0.49009208600902374E+00   0.13949443798536218E-01
   0.26868711272530942E-01   0.97522872617166118E+00  -0.21956093460393311E+00   0.16504890554949285E-01
  -0.68260402296296707E+00  -0.16550543506376971E+00  -0.71180032228085243E+00   0.14284818733362749E-01
   0.67239442775237359E+00  -0.39370089660753704E+00   0.62680566169904636E+00   0.15768453201479283E-01
  -0.78497955565554233E+00   0.58306259988393485E+00   0.20939222005464737E+00   0.14411967861804646E-01
  -0.41680345918584178E+00  -0.65847530257244200E+00  -0.62664595451725961E+00   0.16683076384236183E-01
  -0.91437321800519963E+00  -0.37175304024906234E+00  -0.16037859975818133E+00   0.15732253894094063E-01
  -0.27277226843223596E+00  -0.55177463844636411E+00  -0.78812437974073379E+00   0.16503205474073990E-01
  -0.98044353897662723E+00   0.10043998660181148E+00  -0.16924029062376000E+00   0.15867554840433091E-01
  -0.25875338545712907E+00   0.28932606902611833E+00  -0.92159487373594277E+00   0.16246843921291151E-01
   0.48327140083751620E+00   0.80766665262091290E+00  -0.33782144895887578E+00   0.16948285047085340E-01
   0.92422856874412282E+00   0.37976191061902015E+00  -0.39779944195306464E-01   0.13662090979218117E-01
  -0.49855717260218943E+00  -0.44082054025617294E+00   0.74640337414508417E+00   0.15918148164533443E-01
  -0.99020277599066020E+00  -0.78072800604435315E-01   0.11577175919096349E+00   0.17088793580162446E-01
   0.74367680130744426E+00  -0.95157822943133361E-01  -0.66173242623423815E+00   0.16598482532804982E-01
   0.25551894123854053E+00   0.77612552224623447E+00   0.57648872008595724E+00   0.18869166555513107E-01
   0.37125082642121856E+00   0.83272909045956122E+00  -0.41077376472208415E+00   0.17601064069369698E-01
  -0.98327628083608527E+00   0.16199636015074281E+00   0.83216193394476647E-01   0.18478010445920141E-01
  -0.76714251836020350E-01  -0.35043227770304619E+00   0.93344102240532293E+00   0.12680152143239438E-01
  -0.71114785781081888E+00   0.45876196059996381E+00   0.53273463172348822E+00   0.16295480541721325E-01
  -0.37311370486697454E+00   0.89958199829369487E+00   0.22702068537109805E+00   0.16882993261459082E-01
  -0.49729858619893034E+00  -0.13065893462990174E+00  -0.85768430029115254E+00   0.16568160859147306E-01
   0.35604288307715243E+00  -0.73094264159086019E+00  -0.58219955351604699E+00   0.16088720619880090E-01
   0.94880824781396437E+00  -0.28096875075742033E+00  -0.14428953523388090E+00   0.15760919845356737E-01
  -0.60666758054472618E+00   0.74933039236431335E+00  -0.26544003050623792E+00   0.14066093520309534E-01
  -0.84277335880154602E+00   0.27543073966751610E+00  -0.46246186149840031E+00   0.15082006043021937E-01
   0.86878292838742527E+00   0.10779012835203358E-01  -0.49507578836463848E+00   0.15772099083416057E-01
   0.99786610320641564E+00  -0.65270847396959039E-01  -0.17194626270395048E-02   0.14465721438660090E-01
  -0.79755058679864418E+00   0.11855064486112765E+00   0.59148863564750691E+00   0.15150485853722321E-01
   0.97975736860609199E+00   0.18284258778323358E+00  -0.81511267655441290E-01   0.16767110652391929E-01
  -0.48146624269213882E+00   0.85873794252729567E+00   0.17538358877586430E+00   0.13547394215836681E-01
   0.87982437406509941E+00  -0.30179320243008125E+00   0.36719195765696190E+00   0.16586907483204720E-01
   0.74895503595165457E+00  -0.65558619888220706E+00   0.96296884465879966E-01   0.17408403414893493E-01
  -0.49384798658186914E+00  -0.82186692909264014E+00  -0.28398752967844757E+00   0.15449827146495406E-01
  -0.76606286665674314E+00  -0.17241643233164278E+00  -0.61920938154365927E+00   0.18332452454208334E-01
  -0.96701061628263769E+00  -0.20337333795690071E+00   0.15339411137635536E+00   0.16265089060069934E-01
   0.78418906312888418E-01   0.52744262794018705E+00  -0.84596379908613101E+00   0.15996203705747625E-01
   0.60471826649374351E+00  -0.67846527894784962E+00   0.41713389149171105E+00   0.14856111833367561E-01
   0.50801458019867178E+00  -0.71428379131049410E+00   0.48137288226142702E+00   0.16087221733811311E-01
   0.26587524789147076E+00   0.89747329562909268E+00   0.35192618003113151E+00   0.15704961021485496E-01
   0.12731000461068788E+00  -0.90570844958514893E+00   0.40433200105370419E+00   0.16441374095759155E-01
   0.54211960891483323E+00   0.17627242536166376E+00  -0.82160474784846808E+00   0.13672520360838067E-01
  -0.39093493424891541E+00  -0.55273845769014373E+00  -0.73596880000046018E+00   0.16942770592644638E-01
   0.75710416965098268E+00   0.15678750351853500E+00  -0.63420103676793324E+00   0.14337289682582865E-01
  -0.64498407513725419E+00   0.21970727385061579E+00   0.73193186611628773E+00   0.17574116419219583E-01
  -0.93288220419539911E+00   0.35901429103621218E+00  -0.28974677345913146E-01   0.17027334776610729E-01
  -0.11158759299736404E+00   0.69104374432010322E+00   0.71414757055184789E+00   0.15243319580678146E-01
  -0.85819294084207129E+00  -0.51281991713028522E+00   0.22816855246168268E-01   0.16963856589376735E-01
   0.69755105013794409E+00  -0.25197729673529818E+00   0.67076819720483396E+00   0.15381165605101683E-01
  -0.87464102475778044E+00  -0.18009595805708379E+00  -0.45007613100692278E+00   0.12774017479691797E-01
   0.24677807394485342E-01   0.99512187025917775E+00  -0.95516852722840752E-01   0.14384601407161003E-01
   0.13050295624955818E+00   0.83965857190269179E+00  -0.52720248580641015E+00   0.15842520136347941E-01
  -0.53322410311769612E+00  -0.62509748353147429E+00  -0.57002209776196108E+00   0.14968201200885413E-01
   0.61829034933284088E+00  -0.49514735623402481E+00  -0.61036557859722844E+00   0.16090538153584754E-01
   0.62215486645016149E-01  -0.95363007818424279E+00   0.29448074165187589E+00   0.16401286740136984E-01
  -0.94442116363559520E+00  -0.25342706833046859E+00  -0.20938812457876512E+00   0.15880861325487445E-01
  -0.95032033228798535E+00   0.22802233674211169E-01   0.31043731119103563E+00   0.16981618385442405E-01
   0.78437245449112351E+00   0.26127588439429145E+00  -0.56257867438212709E+00   0.15120011940795867E-01
  -0.25007172126574861E+00   0.92432828842304868E+00   0.28823835526193075E+00   0.14588719461522005E-01
   0.94813355636803873E+00   0.11312471496714993E+00  -0.29706153933570105E+00   0.15445819179079467E-01
   0.99777026704745725E+00   0.57411636417592344E-01  -0.34035249373260612E-01   0.15249310689589847E-01
  -0.35886348936033143E+00  -0.65324854136497467E+00   0.66669583710164284E+00   0.16133359128492332E-01
  -0.42848609223011910E+00   0.58455897411957584E+00  -0.68897784764216538E+00   0.17786118654669964E-01
   0.32863174044701985E+00   0.59249535794658862E+00   0.73549332422701594E+00   0.16404218745965229E-01
   0.64504195088860116E+00   0.63998203753874092E+00   0.41754505531929000E+00   0.12994447735468905E-01
  -0.17700151034672806E+00  -0.64224638242585116E+00  -0.74578150258362168E+00   0.16108787574881389E-01
   0.94415298288905749E+00   0.68604785193563539E-01   0.32228640733087092E+00   0.20346193325116819E-01
  -0.14704315149337457E+00   0.36085459668687387E+00  -0.92095725831813179E+00   0.16563056965173861E-01
  -0.49681350578528862E+00   0.48129040576084864E+00  -0.72217441507705650E+00   0.15884182457918274E-01
   0.75213928590864114E+00   0.61513429500142899E+00  -0.23642397024399710E+00   0.16853946805010355E-01
  -0.30841299930196992E+00  -0.81451670511512048E+00   0.49136947295285935E+00   0.15567662364523629E-01
  -0.82219741276790987E+00  -0.43217028837840079E+00  -0.37043252594863385E+00   0.15362654587730862E-01
  -0.74988702732184497E+00   0.23941136059573642E+00   0.61672655745646691E+00   0.17855713149018582E-01
  -0.30039239893603331E+00  -0.65655822041083480E+00  -0.69187839240173758E+00   0.16036241078654896E-01
   0.19856706323473956E+00   0.47974022311582826E+00  -0.85464638285264289E+00   0.16417638670308443E-01
  -0.72560675462514945E+00   0.20579760242938345E+00  -0.65661418236029271E+00   0.15437244388818173E-01
   0.55682979048955347E+00   0.65773645129119548E+00  -0.50727048511245431E+00   0.17097558618552046E-01
   0.76577061702257491E+00  -0.49867236368245944E+00   0.40610495663586023E+00   0.15873884956748566E-01
  -0.37924270003892277E-01   0.44660052971171877E+00  -0.89392936891338568E+00   0.15921476316781548E-01
   0.52002340656818413E+00   0.78700381349046510E+00   0.33196483875959872E+00   0.16009576355166803E-01
   0.31087890752816602E-01   0.45189401975185630E+00   0.89152977401826003E+00   0.16013042914508925E-01
   0.88357425898677508E+00   0.94864320483036443E-01   0.45858182427486484E+00   0.15745121967854394E-01
   0.90111033192650591E+00   0.11827282288376395E+00  -0.41714710722047234E+00   0.14347458075934087E-01
  -0.57306763565481437E+00   0.64890819463137727E+00  -0.50051137839738224E+00   0.17594641976167080E-01
   0.15119480042290788E+00  -0.61094345430829433E+00   0.77710245654155940E+00   0.15456063879099827E-01
   0.52134116136994990E+00   0.84558132181244438E+00   0.11487219708594094E+00   0.15870252563225333E-01
   0.41863754881388253E+00  -0.88929499366234985E+00   0.18411142542000288E+00   0.16618542127390469E-01
  -0.85365321664230560E+00   0.31451871736542180E+00   0.41515558787405808E+00   0.15670141044020009E-01
  -0.78812009702776641E+00   0.38249498639830271E+00  -0.48224920740329499E+00   0.16126879342335341E-01
   0.50208394025315064E+00  -0.33825943946046681E+00  -0.79592227544890423E+00   0.17497965486932899E-01
   0.92514735614419603E+00  -0.25044636900160393E+00  -0.28527002238811633E+00   0.16881864563580213E-01
  -0.22963009496938537E+00  -0.66389685307685519E+00   0.71169585354911237E+00   0.15261607791084408E-01
  -0.45784203103252441E+00  -0.73125876765263111E+00  -0.50560981927882711E+00   0.18851780057851756E-01
  -0.90105428519946002E+00   0.34711086160898392E+00  -0.26002927696080475E+00   0.17217206701488308E-01
   0.56572362557300959E+00   0.79231530161696070E+00  -0.22845840385539295E+00   0.14422430933436602E-01
  -0.52878714156750250E-01  -0.98631401657223367E+00  -0.15616818594795836E+00   0.17221709498474087E-01
  -0.91886968194294205E+00  -0.39369600268164433E+00  -0.26114461100531958E-01   0.15194002037671370E-01
  -0.44594877172013225E+00   0.24078135853546283E+00   0.86206382036547744E+00   0.16928611384526009E-01
  -0.73624634889261679E+00  -0.34152398599517925E+00   0.58421116108155262E+00   0.18014685130917943E-01
  -0.70244177299603940E+00   0.35401470434357387E+00   0.61745375912590629E+00   0.15251786262131227E-01
   0.19228728091244882E+00  -0.73862272064310277E+00  -0.64611305369035685E+00   0.17156695800771590E-01
  -0.81021213429002294E-01   0.91304656900886591E+00  -0.39972681395626995E+00   0.13295569607275394E-01
   0.53441431252941944E+00   0.47278123169018808E+00   0.70062775389304752E+00   0.16446334841986882E-01
   0.28172903606091548E+00  -0.84970124252453693E-01   0.95572424277335876E+00   0.15753866853970874E-01
   0.86869612144130918E+00  -0.46238424636648565E+00   0.17767345695101306E+00   0.18494205554198765E-01
   0.11173729488798600E+00   0.66745183042990108E+00   0.73622199843993376E+00   0.15816802486331333E-01
  -0.58370638526139648E+00  -0.60430664181785385E+00   0.54231018657213345E+00   0.17041433397212397E-01
   0.83924373387873618E+00   0.53592230495204038E+00   0.91963243745364504E-01   0.15414388799965372E-01
   0.42466959455886925E+00  -0.64345867411301780E+00  -0.63688042061749925E+00   0.14580186102563761E-01
   0.24663542733103973E+00   0.38134133896507819E+00   0.89092634329755711E+00   0.15695432250676956E-01
   0.12294082780741601E+00  -0.60572010597260490E-01   0.99056377098611498E+00   0.18194192183290843E-01
  -0.75092417358155376E+00  -0.63856305697889661E+00   0.16837490250220501E+00   0.18110535765013700E-01
   0.25336861224449491E+00   0.84448251698289240E+00  -0.47186187050824273E+00   0.15513520556796029E-01
  -0.79494019917568046E+00  -0.11200080940608216E+00   0.59625992522297845E+00   0.16394733600332926E-01
  -0.32073425880999897E+00   0.65857453370257088E+00   0.68074159472155217E+00   0.14748802993248302E-01
   0.83739001100259091E+00   0.13572162530479414E+00  -0.52948806398039396E+00   0.16770151375751336E-01
  -0.21250640141001091E+00   0.14550550994772384E-01  -0.97705133479542212E+00   0.15839244070683758E-01
  -0.94954341338630090E+00  -0.30586910694768190E+00   0.69364223557393733E-01   0.16750900777593649E-01
  -0.76668981772817961E+00  -0.55951710500848292E+00  -0.31484493420548660E+00   0.15957036532385275E-01
   0.39399642961280768E-01  -0.78409958439946159E+00  -0.61938316886973545E+00   0.16676075835953250E-01
   0.51331536998146942E+00  -0.81252993750650475E+00  -0.27622894778871893E+00   0.14799234173439317E-01
   0.61862071736990866E+00  -0.28530792657300043E+00  -0.73205723483574356E+00   0.15606944727429636E-01
   0.72666205570719135E+00  -0.64697447572274979E+00   0.23105472200037771E+00   0.16036848272103780E-01
  -0.64202256206441070E+00  -0.74432727918471774E+00   0.18380405670638813E+00   0.15345705026709081E-01
  -0.98315505725643710E+00  -0.18160463481359304E+00   0.20637102638536020E-01   0.15399811005537635E-01
   0.79831337327229201E+00   0.60213749546272046E+00  -0.11233637545176458E-01   0.15571158223868410E-01
  -0.63177701858829014E-02  -0.98208807431126885E+00   0.18831648912259966E+00   0.15870483221656503E-01
  -0.53168827564443157E-01   0.56057247233426314E+00  -0.82639674432833682E+00   0.16674916731523207E-01
   0.17384354721307511E+00  -0.24734097214076644E+00  -0.95320557310206481E+00   0.13961921609091241E-01
  -0.72848682235823822E+00  -0.53992420449736764E-01  -0.68292881633767335E+00   0.16830341593305244E-01
   0.66642223201828132E+00  -0.37115650714982719E+00  -0.64662528242569692E+00   0.16522087644699694E-01
   0.81496239622012520E+00   0.44704709134354256E+00  -0.36876169929702564E+00   0.16462759576494214E-01
  -0.10436349048238420E+00  -0.64506326235896924E+00   0.75696872419482224E+00   0.16130071994322694E-01
  -0.89988109536366263E+00  -0.42233106888541156E+00   0.10885992128051689E+00   0.16515263350702555E-01
   0.68200461141610118E+00  -0.73095690038825509E+00   0.23910662516281244E-01   0.16443992094368066E-01
   0.13871132888264021E+00  -0.98989858210731433E+00  -0.29325149301250782E-01   0.15907563260624684E-01
   0.96503159424957587E+00  -0.16216303757732140E+00  -0.20595429430778628E+00   0.16431193360673117E-01
  -0.64308174320111355E+00  -0.76434028954564023E+00  -0.47220687613629230E-01   0.17495012735995414E-01
  -0.66073247406387096E+00  -0.28636238275026769E+00  -0.69385098073219255E+00   0.14350344189147287E-01
   0.14455920539962114E+00  -0.41220034619734224E+00   0.89955183882254470E+00   0.14373798640955321E-01
   0.50701113328324245E+00  -0.18268987358732998E+00   0.84235629089803065E+00   0.15515310867849931E-01
  -0.69654148534454263E+00  -0.71417273921673540E+00   0.69190011950302876E-01   0.15080562548171451E-01
   0.87111512944906621E+00  -0.33949683168545288E+00  -0.35482436855503025E+00   0.11009435585490117E-01
  -0.44330192510655450E+00  -0.35373046059139547E+00   0.82362501446144893E+00   0.15820953169407001E-01
   0.32887542622542005E+00   0.26594134229114096E+00   0.90615459855668909E+00   0.15887570074435968E-01
  -0.79242385755253419E+00   0.43561687049539301E+00   0.42696881867574481E+00   0.16722719638570239E-01
   0.39464054431356089E+00  -0.14877831009378342E+00   0.90671045832147232E+00   0.16626029035801619E-01
  -0.40982621829260041E+00   0.86683028921450819E+00  -0.28398542304188394E+00   0.15865485655926960E-01
   0.32365573675069931E-02   0.73708640154906239E+00   0.67579076743313173E+00   0.16008323724379495E-01
   0.28448746054333469E+00   0.48926429959146382E+00   0.82443151925364848E+00   0.15502316048840391E-01
  -0.15504457086232939E+00   0.48411172596530995E+00  -0.86116027418187641E+00   0.15687014665042489E-01
  -0.18323968723288359E+00  -0.82833605512722634E+00   0.52941722374612973E+00   0.15217174957937760E-01
   0.86198265375403533E+00   0.46852390267705610E+00   0.19357493961618912E+00   0.16887540632173489E-01
  -0.52197265735798250E+00  -0.75816443512947451E+00  -0.39080843680178025E+00   0.14442568372755082E-01
  -0.19097777494124745E+00  -0.72798238397633063E+00  -0.65845967082170533E+00   0.16591283887583747E-01
   0.34071232415500052E+00   0.94016749327768760E+00   0.44356831141698975E-03   0.15976912662706725E-01
   0.61883368143410288E+00   0.33854190275157782E+00  -0.70882596933524979E+00   0.14403502560298278E-01
  -0.81009606329180989E+00   0.15416485648030864E+00  -0.56566559491056001E+00   0.18867298013168953E-01
   0.29731778471194694E+00  -0.80621068136465225E+00   0.51149435201918258E+00   0.15580019208998947E-01
  -0.86590399038762804E+00   0.40824152098011445E-01  -0.49854154093341209E+00   0.14792287280320108E-01
   0.45682276993754582E-01   0.63183092258695587E+00  -0.77375888675451225E+00   0.16511164590190496E-01
   0.58177219614618511E+00   0.81334901126889338E+00  -0.21207685300852991E-02   0.15311766246432503E-01
   0.65087493969184100E+00  -0.74115534741690636E+00   0.16447055625998016E+00   0.14975773260880817E-01
  -0.54593982795475390E+00   0.28210646978899461E+00   0.78890154262488598E+00   0.14230416954747755E-01
   0.14714297124214561E+00   0.97996708973802277E+00  -0.13421419092042083E+00   0.18068101701181820E-01
  -0.63756682562785504E+00   0.54184049201952859E+00  -0.54764717114840966E+00   0.15922797196623237E-01
  -0.71519675347773192E+00   0.54866441256196596E+00   0.43296762719970773E+00   0.14721570942340312E-01
  -0.43958398184641840E+00   0.65827466090649844E+00   0.61109769571851781E+00   0.15740251504884239E-01
  -0.44317805102656846E+00   0.10506545019707609E+00   0.89025528151377901E+00   0.15164256590364660E-01
  -0.46769055711735267E+00   0.23879307213560516E+00  -0.85102491825051735E+00   0.15847716771081044E-01
  -0.40257898867817178E+00  -0.89221632470296761E+00   0.20464649473760623E+00   0.16565128000722049E-01
  -0.87721641575253208E+00  -0.24965884146072618E+00   0.41007538674586250E+00   0.14981411391857431E-01
  -0.44026959837652741E+00   0.73593718998077273E+00   0.51435312106428909E+00   0.16299030617103675E-01
   0.32065041213882610E+00   0.52934059651569977E+00  -0.78548191963634916E+00   0.18306282590174205E-01
   0.24339789861616241E+00  -0.67446935994992518E+00   0.69702836774264413E+00   0.15542493633636840E-01
  -0.10024212512386527E+00   0.43934098340390015E+00   0.89270992861754656E+00   0.16463486139478016E-01
  -0.44541758962031900E+00  -0.37425762762826559E+00  -0.81334764954408491E+00   0.14671983600232751E-01
   0.70351223997502847E+00   0.27276292965215076E+00  -0.65625521896050011E+00   0.15718733732193788E-01
  -0.12222712728814655E+00   0.93035070036217319E+00   0.34569944126437501E+00   0.16609520941527731E-01
  -0.20156650140154379E+00  -0.33708423434285350E+00  -0.91964404226321914E+00   0.15911513428151396E-01
  -0.95881883025604235E+00  -0.27430803680885178E+00  -0.73631186928558207E-01   0.17115067709319566E-01
   0.51891004423144782E+00   0.15644088398542368E+00   0.84039194178286606E+00   0.15428432511798916E-01
  -0.61453774475604348E+00   0.78855753919805353E+00  -0.22811568207081118E-01   0.14227292426407361E-01
  -0.85316391018946511E-01  -0.17054755120765801E-01  -0.99620793449524018E+00   0.14799974323145034E-01
  -0.37753000267868968E+00  -0.88632482555003342E+00  -0.26814063603104112E+00   0.16526936481112645E-01
   0.33614151514900370E+00  -0.89333577396213428E+00   0.29826175878380167E+00   0.16444817825064792E-01
  -0.11992667144721012E+00   0.11669636265622056E+00  -0.98590037651803381E+00   0.16790557642723213E-01
   0.66918331856263337E+00   0.25097129117317802E+00   0.69943341152991047E+00   0.15614819776570363E-01
   0.98273670937987454E+00   0.72600270353492106E-01  -0.17016979985242926E+00   0.17230839879590124E-01
  -0.17063363558016599E+00  -0.86497314974242254E+00  -0.47191695522980285E+00   0.16318585298690955E-01
  -0.32775734235942026E+00  -0.81081615039480663E+00  -0.48492504038091910E+00   0.16459997136229858E-01
  -0.50418516597128508E+00  -0.70130399813158064E+00   0.50395438347053582E+00   0.14702362729896032E-01
  -0.22234127629575488E+00  -0.79806959697153994E+00  -0.56004399402623610E+00   0.14161104957628976E-01
  -0.58311915320669402E+00   0.26562598392918461E+00  -0.76773360602826334E+00   0.17994633343293033E-01
  -0.45630509974351909E+00  -0.87591215594362594E+00  -0.15672763323117646E+00   0.15839320457981838E-01
   0.93269975621090726E-03   0.19721113376427496E+00  -0.98036059630657028E+00   0.16671307490068915E-01
  -0.84892637576361131E+00  -0.46628253257527232E+00  -0.24880636717746988E+00   0.16608354269897933E-01
  -0.79913552587329865E-01   0.55083758400784921E+00   0.83077781636082921E+00   0.17939480153353164E-01
   0.90878880893138855E+00  -0.40114236891965235E+00  -0.11483771426930162E+00   0.15583367822368137E-01
   0.28412068384109563E-01  -0.63901914203612752E+00   0.76866591603995830E+00   0.16050594267521194E-01
   0.93898363458784004E+00   0.21660993868354232E+00   0.26718882543946671E+00   0.16915000532588337E-01
  -0.75239976347513382E+00   0.65168079964708702E+00   0.95951713345285476E-01   0.17431117221412517E-01
   0.90766464170090159E+00   0.18202857558253251E+00   0.37816728557262617E+00   0.12145264989005581E-01
   0.39314903480951613E+00  -0.91834693521134145E+00  -0.45527387540710737E-01   0.16781632689134681E-01
  -0.95236050666833538E+00   0.14119453452276182E+00   0.27032123253516755E+00   0.13852871964939776E-01
   0.12064445063037503E+00   0.36302944467816704E+00   0.92393427192022521E+00   0.15490187275802429E-01
   0.87107922293672093E+00   0.49026869389262488E+00  -0.29284725656528408E-01   0.16327551427569080E-01
  -0.70296249033952973E+00  -0.13482718472313894E+00   0.69833041422759114E+00   0.14747928524421261E-01
  -0.31120643874009994E+00   0.87761419186638338E+00  -0.36461470447778023E+00   0.13062931710357403E-01
   0.84642342685548026E+00  -0.49608412010480043E+00  -0.19356634069504794E+00   0.15124081423185797E-01
  -0.34375194663046948E+00   0.68326458476856810E+00  -0.64419260038345607E+00   0.15911698834934268E-01
  -0.34205341374304136E+00  -0.92860302132594991E+00  -0.14386066498890269E+00   0.15394114638790608E-01
  -0.97574808723544990E+00   0.20886335773406394E+00  -0.65511587161458511E-01   0.18821577713399310E-01
   0.79481369811218947E+00   0.36831131003678363E+00  -0.48230484570675171E+00   0.17332956187419976E-01
  -0.18852345288379835E+00   0.98094680416502146E+00  -0.46928404098172205E-01   0.17790437372579386E-01
   0.62255366504892304E+00  -0.75122169450636677E+00  -0.21930093441920428E+00   0.16683797784165608E-01
  -0.20337490248835234E+00   0.61721708182560330E+00   0.76005376319082831E+00   0.17673416132470640E-01
   0.93096636477443848E+00  -0.12920838301476047E+00  -0.34147740982000280E+00   0.15684154658367443E-01
   0.50392461727248765E+00  -0.55237365550404486E+00   0.66403563519729544E+00   0.16880286379673061E-01
  -0.23100198736989012E+00  -0.87849110419506377E+00   0.41820026504211940E+00   0.15076638370630560E-01
  -0.13580248698918238E+00  -0.99013604677790585E+00  -0.34471631794471697E-01   0.17105637677058414E-01
   0.36794653444862630E+00   0.88689541021555324E+00  -0.27934186783551009E+00   0.15568832081737959E-01
  -0.15258739228393531E+00  -0.22829105274021559E+00  -0.96156137763262545E+00   0.13378065362241386E-01
   0.29051506920580294E+00  -0.28059204354473163E-01  -0.95645892521076998E+00   0.16038813021266411E-01
   0.60852645078548794E+00   0.45867455258417546E+00  -0.64754398576940213E+00   0.18986237628630984E-01
  -0.70939069819680300E+00   0.70393107123289198E+00  -0.35297085782901289E-01   0.15684659815486581E-01
   0.21032758909074074E+00   0.86375946367709879E+00   0.45791035604747714E+00   0.15906775034047191E-01
  -0.26066142159703056E+00   0.84149893832634088E+00  -0.47321787802940873E+00   0.16604122980380713E-01
  -0.99854875082050789E+00  -0.48205743777863325E-01  -0.24012465546592229E-01   0.17120763961447565E-01
  -0.20631079858510195E+00  -0.97479109739506881E+00   0.84959818893961749E-01   0.16452314599399738E-01
   0.17643223640239591E+00  -0.29409442393614494E+00   0.93935091194277138E+00   0.16560483471410485E-01
   0.23989035383346077E+00   0.33818918906397028E-01   0.97021074971454499E+00   0.16431902692176072E-01
   0.73394996136171890E+00   0.66977162868468376E+00  -0.11279813662555568E+00   0.15659701808096137E-01
   0.77617742989972260E+00  -0.17237070749854630E+00   0.60649561953134654E+00   0.17727600286626112E-01
  -0.47469249051890658E+00  -0.25474309495615261E+00  -0.84248026387394876E+00   0.14697078921214998E-01
  -0.42356314440570539E+00  -0.32917826867736281E-01  -0.90526829137855990E+00   0.15826766478621903E-01
  -0.79215914485704184E+00   0.51841921881123091E+00   0.32206428362442385E+00   0.16785834195809787E-01
   0.92648117510545198E+00  -0.35991621002605378E+00   0.10996796777108552E+00   0.14692813817377414E-01
   0.33911350799228272E+00  -0.48333203618763835E+00  -0.80708870113010462E+00   0.12498938284279048E-01
  -0.12549549655410261E+00   0.32193356936502253E+00   0.93840804411542393E+00   0.13194956890673712E-01
   0.97680721839268347E+00  -0.50969143818655711E-02   0.21405999056276816E+00   0.12933017242718414E-01
   0.76981990618169113E+00  -0.16859230617193761E-01   0.63803846152830665E+00   0.17568302203226267E-01
   0.80484595109507353E+00  -0.56879990440587571E+00   0.16938023424748578E+00   0.11922339190458581E-01
  -0.41268850022407281E+00   0.47879401127313503E+00   0.77488353741177551E+00   0.11896129630966269E-01
   0.34823837595372291E+00  -0.93382891229942845E+00   0.81814400118683110E-01   0.15812873133199454E-01
   0.21800924349109531E+00  -0.49390867101037176E+00   0.84173998031055212E+00   0.16993047733227601E-01
  -0.95551886362731295E+00   0.28631790304632103E+00   0.70751393255015972E-01   0.15595463590501177E-01
  -0.52300019418245504E+00   0.84895764444776595E+00  -0.75774103879985235E-01   0.15820032171985875E-01
   0.92402087842446007E-01   0.41096820213748221E+00  -0.90695478993952196E+00   0.16506817834998821E-01
  -0.49220412342923252E+00   0.81823872175462000E+00   0.29701935139082525E+00   0.17813261536981204E-01
   0.12286281171857962E+00  -0.47830445646133030E+00  -0.86955711510276092E+00   0.16470665621139007E-01
  -0.34327574839010766E+00  -0.32780233534677005E+00  -0.88017463580156363E+00   0.19002673265769352E-01
  -0.26669053998836740E+00  -0.74619186837086353E+00   0.60997856639222414E+00   0.16119094751235659E-01
  -0.45428882212614070E+00   0.10536963623573212E+00  -0.88460098680184238E+00   0.16458319863136732E-01
  -0.58643528294834021E+00  -0.21128715660062393E+00  -0.78195357686305371E+00   0.16811135390526310E-01
   0.29474720061994856E+00  -0.66456035653303349E+00  -0.68664664875858187E+00   0.16424268187049877E-01
   0.13695274255225853E+00   0.82563627603564135E+00   0.54732868187352750E+00   0.12999725688722787E-01
   0.19978019280362866E+00   0.97983771269648798E+00   0.24354344704574963E-02   0.17095582504541065E-01
  -0.85636651369257332E+00  -0.30251842903055661E+00  -0.41847221451717881E+00   0.16235866682628015E-01
   0.98767684060342002E-01   0.21483495232327194E+00   0.97164339541089557E+00   0.18424258242666276E-01
  -0.26778574400854009E+00  -0.47741460977152954E+00   0.83687877597803304E+00   0.11243930461997782E-01
  -0.23220451991339969E+00   0.78083384100714807E+00  -0.57998239082735212E+00   0.15274092646750478E-01
   0.75946472492267602E+00  -0.31791189353647819E+00   0.56757850518335795E+00   0.16805987043176877E-01
   0.61765464625546471E+00  -0.78351336000591276E+00  -0.67893686387481357E-01   0.16120427487760093E-01
  -0.25682735153092957E+00  -0.92999770149935265E+00  -0.26295244191969229E+00   0.15940164898934097E-01
  -0.68155024297630584E+00   0.59601553951494414E+00  -0.42456418001952149E+00   0.15718859110538520E-01
   0.60265649799048093E+00  -0.71892481866179913E+00  -0.34634123425019538E+00   0.15657689179582487E-01
   0.65525702476702063E+00  -0.15444838617766762E+00  -0.73944839407533118E+00   0.15277907642506029E-01
   0.70566829172970528E+00  -0.11751357211943649E+00   0.69872943434136907E+00   0.16179787405347692E-01
   0.70339647996861067E-01   0.99733251858020128E+00   0.19498238437098819E-01   0.16255443299121936E-01
  -0.79244719452335745E+00  -0.57992689539024642E+00  -0.18897682369827872E+00   0.16035773657082097E-01
   0.73148358538415614E+00  -0.44296130595772780E+00   0.51837924894594715E+00   0.15355551294842582E-01
  -0.67693644325635080E+00  -0.67847009284706629E+00   0.28536885762734257E+00   0.16186047769267339E-01
   0.40383275266028153E+00  -0.75467319236663312E+00   0.51709523359046229E+00   0.13552986767376444E-01
   0.40614953970692431E+00   0.61189880578804327E+00  -0.67869168469270348E+00   0.15697080677168974E-01
  -0.83500654493486496E+00   0.54169319163671234E+00   0.96605155402656706E-01   0.17022603407897198E-01
  -0.84494609138970488E+00   0.38677702857245868E+00  -0.36941796493121450E+00   0.16590662031375861E-01
   0.66569930331772217E+00  -0.27771923618926308E-01  -0.74570312981829705E+00   0.14784283425148965E-01
   0.71147601467787691E+00   0.53737971793620520E+00   0.45279677482165219E+00   0.18434095287397058E-01
   0.45092595778003650E+00   0.68885655494869251E+00  -0.56757592206186462E+00   0.17154499710864319E-01
  -0.73157137295295546E+00  -0.67532515214478108E+00  -0.93484036906608114E-01   0.18786684708072009E-01
   0.39526042251875361E+00   0.85581604492452267E+00   0.33368862078297438E+00   0.15717192974312572E-01
   0.84508466490643137E+00  -0.42310118098412150E+00   0.32682915994419188E+00   0.15578590991713983E-01
   0.70366584405408394E+00  -0.69946543767551085E+00  -0.12490989315926803E+00   0.16132886123713959E-01
   0.94265672320681357E+00   0.30234245492663593E+00  -0.14137659686782708E+00   0.17273953900672580E-01
  -0.13880899328049005E-01   0.99058530919377005E+00   0.13619128402114319E+00   0.19150697905764646E-01
   0.47387177777485121E+00  -0.14177507170195045E+00  -0.86910607365983167E+00   0.14104882390766926E-01
  -0.96054711957172447E+00  -0.12883553214187035E+00  -0.24647644256639287E+00   0.15899549933374983E-01
   0.63413151908079061E+00   0.21280331235395397E+00  -0.74336529832880584E+00   0.17651458569143834E-01
  -0.68649220116891882E+00   0.69964750641632083E+00   0.19804500624776430E+00   0.15964120504759771E-01
  -0.62014530533795237E-03   0.92534063265137351E+00   0.37913629341459271E+00   0.15778567941513601E-01
  -0.23360530380323654E+00  -0.44562509555293976E+00  -0.86420300638705889E+00   0.16104486999991920E-01
   0.10057337657999225E+00   0.28595393231053884E+00  -0.95295086154504247E+00   0.15822591077364265E-01
  -0.48973465050386160E+00   0.73835508103884288E+00  -0.46367202460358161E+00   0.15122062475698967E-01
  -0.91868877300304614E+00  -0.21392865112084740E+00  -0.33203233364805351E+00   0.16600384939409296E-01
   0.63342904068637437E-01  -0.92061295340522821E+00  -0.38530438166033697E+00   0.17030796656638971E-01
  -0.79227262940699825E+00  -0.48005529688859098E+00   0.37663110947149331E+00   0.17341081869385499E-01
   0.63157809903425734E+00   0.53955296557180281E+00  -0.55676898455548586E+00   0.14839383489986563E-01
   0.87772633055027515E+00   0.30571671301103120E+00   0.36896311474791070E+00   0.18809802002904218E-01
   0.40892194078149639E+00   0.48978397035951894E+00   0.76999643422963996E+00   0.15898776247648918E-01
  -0.77747240288465979E+00   0.58092035085131774E+00  -0.24097346061243958E+00   0.11193187159285080E-01
   0.29129324561421782E+00  -0.27750208486946199E+00  -0.91550032111006771E+00   0.18055949506661548E-01
   0.79285400872174891E+00  -0.53650240782041329E+00   0.28904616803678941E+00   0.17187625116208216E-01
  -0.78482323574455312E+00   0.33257685260509743E+00   0.52291980814149399E+00   0.15717908388171393E-01
   0.76914056976765126E+00   0.23086438438963243E+00   0.59592316615306106E+00   0.16309222426324914E-01
  -0.74083158379682139E+00  -0.51029899252056081E+00  -0.43676481392345927E+00   0.17069654369531265E-01
  -0.53845649225739382E+00   0.73878033093075625E+00   0.40530017095444899E+00   0.16956879530700486E-01
  -0.84443479163401544E+00   0.21246613325580234E+00   0.49171945751347356E+00   0.16732743978906787E-01
   0.14399075719516232E+00   0.98237543369774158E+00   0.11918544000647941E+00   0.14340773998373046E-01
   0.85950092437856309E+00   0.23881285257715907E+00  -0.45191435298777093E+00   0.16284483528807198E-01
  -0.88215096866465767E+00   0.15862886927787551E+00  -0.44344847537862701E+00   0.16929907500802567E-01
   0.91243070369697338E+00   0.39963549318691642E+00   0.88100417344619845E-01   0.18515501548301411E-01
   0.57065518564222026E+00  -0.61676122843853997E+00   0.54217916429407919E+00   0.15774840037073287E-01
   0.38217597945982406E+00   0.91408814756047149E+00  -0.13558900845345109E+00   0.18001423430086504E-01
  -0.31023573277911475E+00   0.60587389965716287E+00  -0.73257805578738697E+00   0.14171929753885670E-01
  -0.42632176283837708E-01  -0.16629231448168138E+00  -0.98515448721996357E+00   0.18545831130791498E-01
  -0.34599054094494641E+00   0.87001270221728024E+00   0.35123844259592291E+00   0.17389960813046339E-01
  -0.40251192592617295E+00   0.81325200301148203E+00  -0.42024436829660842E+00   0.16095145859285189E-01
   0.66056431956200665E+00   0.59729000071458440E+00  -0.45486199529962370E+00   0.16671524227329975E-01
  -0.61020530568115685E+00   0.46090445820817693E+00  -0.64437300170195896E+00   0.16997775261494174E-01
   0.54754438902374102E+00   0.56483056828840521E+00   0.61738284003980501E+00   0.12726499756932407E-01
  -0.91343588722456594E+00   0.26096039771664965E+00   0.31230522050365761E+00   0.17715387155044959E-01
  -0.57106740541112719E+00   0.37878409035898332E+00  -0.72828883787129461E+00   0.12256319386835567E-01
  -0.42855062069563754E+00   0.57255554887822421E+00   0.69894528323048232E+00   0.16729921187987883E-01
  -0.82426728165740126E-01  -0.94658115977876811E+00   0.31175301511897739E+00   0.17157180793824227E-01
   0.18539223628484100E+00   0.59235410261690066E+00  -0.78405761002507459E+00   0.15391349784487133E-01
  -0.29698849395712475E+00   0.92262001629810814E+00  -0.24611001601551611E+00   0.18311029398600656E-01
   0.60521862842161811E+00  -0.22086450458843547E+00   0.76480669611631961E+00   0.15985375235750387E-01
   0.90412571919250233E+00  -0.31404238288973553E-01   0.42611085143672386E+00   0.15317855067856223E-01
  -0.44726208758287970E-01  -0.63011078781614040E+00  -0.77521607396121048E+00   0.17291833541277766E-01
   0.83441543830613014E+00  -0.23804083772322872E+00   0.49707890308522681E+00   0.14638163400767345E-01
  -0.86810985626830099E+00  -0.48271400604370100E+00  -0.11563937832361250E+00   0.16626918078137540E-01
  -0.44512859332937901E+00  -0.55595806878357194E+00   0.70197661011963177E+00   0.16038886660724250E-01
   0.45528807888472160E+00  -0.45782769777869738E+00  -0.76361414626244137E+00   0.15734800523912202E-01
  -0.62137379795043781E+00  -0.39776024029293406E+00   0.67504177238357323E+00   0.16142412418991534E-01
   0.45303428995331760E+00  -0.84250807746514020E+00   0.29144480014659187E+00   0.12939295223825530E-01
  -0.23236217764740820E+00   0.76368963005274075E-01   0.96962652598227396E+00   0.16193861553176393E-01
   0.78290627586306573E+00   0.32626213027838835E-01  -0.62128358535992820E+00   0.17389437238269554E-01
  -0.54218349395815712E+00   0.15551598379258555E+00   0.82574320322019563E+00   0.15410308556534026E-01
   0.29393957506063991E-01   0.93925976406297344E+00  -0.34194603503257510E+00   0.15591226038277710E-01
  -0.12059088902269146E+00   0.85087008696286066E+00  -0.51134912984821916E+00   0.18906890509607237E-01
  -0.44935497911590438E+00   0.36784436423768576E+00   0.81410725733303586E+00   0.17777036545279869E-01
   0.32937922337048268E+00  -0.71732601525337269E+00   0.61396475065965780E+00   0.16329579060128194E-01
  -0.58186161781671632E+00   0.78986976970002844E+00   0.19375965685801999E+00   0.16884954240778835E-01
  -0.95156165562975338E+00   0.21896906042420321E+00  -0.21583087386216166E+00   0.15451734719720850E-01
   0.55006847888934062E+00  -0.21333643683003074E+00  -0.80741082061923936E+00   0.16120201345458104E-01
  -0.27538052136865198E-01  -0.73045083964710304E+00   0.68240986697390990E+00   0.15223017129955676E-01
   0.36804202945720860E+00  -0.36888795116240649E+00  -0.85350263270843012E+00   0.17062566710485487E-01
   0.85713397609863015E+00   0.41286261304808640E+00   0.30800293791530490E+00   0.13549076979393857E-01
   0.69262442943962421E+00   0.69339748805071286E+00   0.19867391199751537E+00   0.15758568466357769E-01
  -0.42662603042253408E+00   0.89129040406829158E+00  -0.15359572188603629E+00   0.15467159206805631E-01
   0.39607454855948303E+00  -0.27609280576170314E+00   0.87572696349377761E+00   0.15618660519349568E-01
  -0.77938732936032915E+00  -0.62510489877976231E+00   0.42417642015050187E-01   0.16475209434476081E-01
  -0.66191871121390279E+00  -0.47107059864104963E+00   0.58305755362647442E+00   0.15206159794322024E-01
  -0.64468138397061007E+00  -0.57929948223723091E+00  -0.49879657480922539E+00   0.16139929788520133E-01
   0.28171406478899680E+00  -0.37294174523964453E+00   0.88405409356988382E+00   0.18714833184918177E-01
  -0.30200218999886887E+00   0.95294774057748625E+00   0.26177871650519746E-01   0.16278350983446765E-01
   0.37346007981548248E+00   0.14522397331562853E+00   0.91620825490640243E+00   0.18439555972099650E-01
   0.60549426604990541E+00  -0.33444418737528054E+00   0.72216603306412485E+00   0.15632876960392678E-01
  -0.18277504069053849E+00   0.60390803240148303E+00  -0.77581465112586087E+00   0.16099797916471898E-01
  -0.89148516753223017E-01   0.98519248288130079E+00  -0.14645242789000887E+00   0.15488172293125379E-01
  -0.49533586393716415E-01  -0.55276763510683011E+00   0.83186198698905489E+00   0.14035542960766109E-01
   0.17699947974092267E-02   0.32808277627324562E+00   0.94464731991958590E+00   0.17182925682976904E-01
  -0.56037713581305883E+00  -0.81165968886722836E+00  -0.16488182169634892E+00   0.16298318911298553E-01
  -0.30847471146085920E+00   0.94425144782908496E+00  -0.11503284601285168E+00   0.15637970161045313E-01
   0.81366656956038312E+00  -0.36577101931627371E+00   0.45183877103251370E+00   0.16401495877584753E-01
   0.53066271690656252E+00   0.41468411499014870E+00  -0.73921185438288441E+00   0.12714050121854936E-01
   0.55600530620891923E+00   0.26237042249483168E+00   0.78868235739580825E+00   0.16561840813839543E-01
   0.20194919366202217E+00  -0.76151833109932391E+00   0.61587852258295185E+00   0.15633684758436164E-01
  -0.91542299047889148E+00  -0.79838505401698300E-01  -0.39449532514075036E+00   0.18213570394131966E-01
   0.72221869691235740E+00  -0.23157372948520578E+00  -0.65174670052293262E+00   0.17668554757876604E-01
   0.86229321404683911E+00   0.33873792285862776E+00  -0.37643994557723861E+00   0.11386134231876501E-01
   0.46943490929927280E+00  -0.45835086480144626E+00   0.75468228458534118E+00   0.17148183399700904E-01
   0.51179943573759931E+00   0.30042220137829569E+00  -0.80486510577716909E+00   0.19497557241137366E-01
  -0.68888254945555784E-01   0.22236479187339255E+00   0.97252676449836528E+00   0.15621449758847174E-01
  -0.21423000273202092E+00   0.22375069191778078E+00   0.95081077707173289E+00   0.19397894990032717E-01
   0.79059507305486578E+00   0.51884654553325342E+00   0.32520407846394099E+00   0.16159980814301402E-01
  -0.21858962083140225E+00   0.88354211462834211E+00   0.41421239641379816E+00   0.15949304623583342E-01
   0.36929360311930063E+00   0.31792364498735650E+00  -0.87323925166767306E+00   0.15662093728958694E-01
   0.46836050648415721E+00  -0.88101344464444526E+00   0.66736394281028275E-01   0.15626794529130840E-01
   0.57252973652860070E+00  -0.44843014968100902E+00   0.68638189198693089E+00   0.14458761394628245E-01
   0.43352145563126063E+00   0.20744860418190520E+00  -0.87694026257797759E+00   0.14679907955690478E-01
  -0.31215274940928599E+00   0.55485412810722767E+00   0.77116636179140476E+00   0.16630583765813535E-01
   0.62584560559828963E+00  -0.51437203005110321E+00   0.58629232696191504E+00   0.15589731816119643E-01
   0.27396867365114778E+00  -0.94307355729848421E+00   0.18855617566712981E+00   0.16439161413293163E-01
   0.70080075961139165E+00   0.35078678529640683E+00   0.62114968130838565E+00   0.17343673680509386E-01
  -0.61452593653142937E+00  -0.83377384395215816E-01  -0.78447822474660320E+00   0.14744003861010892E-01
  -0.73537509358939701E+00  -0.32101472785292424E+00  -0.59680232592534245E+00   0.17234744608493648E-01
  -0.70748010342980265E+00   0.41870064000525024E+00  -0.56935198015827568E+00   0.15385498212584074E-01
   0.78444345186654889E+00   0.58422289728777023E+00   0.20816358256999936E+00   0.16001955914721557E-01
   0.76110633176432154E+00  -0.31721345007273873E+00  -0.56576742469075460E+00   0.13725824201835019E-01
  -0.53028438743624120E+00  -0.84683354690230050E+00  -0.40882909415056367E-01   0.15806090439459808E-01
   0.26439642837820493E+00  -0.80092629964316568E+00  -0.53722582886599443E+00   0.17130440215494564E-01
  -0.35647740279368602E+00   0.76312265258533056E+00  -0.53904329919645332E+00   0.17434946517364600E-01
  -0.27878124678602982E+00  -0.95992345143785158E+00  -0.28774707992774120E-01   0.15750684963632865E-01
   0.45411281463128130E+00  -0.65753730930021303E+00   0.60118735720729477E+00   0.16407433012716032E-01
  -0.34573693603718473E+00   0.45164075416336917E-01   0.93724392628141757E+00   0.13677516975644079E-01
  -0.29115715541693599E-01  -0.95678330550169228E+00  -0.28934059760384549E+00   0.17611115518871613E-01
  -0.57813594239617058E+00  -0.67542836557477707E+00  -0.45777216504138493E+00   0.15552010226502533E-01
  -0.21303606758066013E+00   0.72442571034747542E+00   0.65560889568196376E+00   0.15759999683626562E-01
   0.40393276821420833E+00   0.90833313028797864E+00   0.10848614282040205E+00   0.15159530671584371E-01
   0.95847580687649358E-02   0.70922727934845646E-01  -0.99743576187895097E+00   0.14452495968072249E-01
   0.24848625215747559E+00  -0.43260025360313401E+00  -0.86666695048976887E+00   0.15947921058558658E-01
   0.77124277661446161E+00  -0.63573902569120832E+00  -0.31944807609512877E-01   0.15219260384844055E-01
  -0.37541851390240243E+00  -0.27012386345839201E+00   0.88661944362258591E+00   0.13521877081522957E-01
   0.81438703061290844E+00   0.56505716494862232E+00  -0.13222770023605168E+00   0.15782489859526680E-01
  -0.76567494028777431E+00   0.28737917532684726E+00  -0.57546076791018032E+00   0.15311690144336898E-01
   0.52747930822902286E+00   0.84232775219605287E+00  -0.11067762768769608E+00   0.15381918533749098E-01
   0.89527889934960214E+00  -0.37666617710122185E+00  -0.23790393735143577E+00   0.16715956236705384E-01
   0.17705303069130948E+00  -0.87214154860532069E+00  -0.45609356882040694E+00   0.15101950740944889E-01
  -0.14802093623946685E+00  -0.74609412170173508E+00   0.64917899226400432E+00   0.16895514090749390E-01
   0.68060311052154291E+00   0.64545179006550661E+00  -0.34665745722490051E+00   0.12511809273455796E-01
  -0.62305292428030600E+00  -0.66260451343661257E+00   0.41564445421440332E+00   0.17674677917137509E-01
  -0.94644586712047420E+00   0.12882359650671635E+00  -0.29604847845183797E+00   0.15627728626102799E-01
  -0.50739109470046219E+00   0.78988544980728345E+00  -0.34443468640863117E+00   0.16437818378936286E-01
   0.20769033138351362E+00  -0.93098955096268500E+00   0.30020523354549384E+00   0.15357714016780690E-01
   0.48322701759565482E+00   0.66425905517987384E+00   0.57030830002477621E+00   0.18431713733247390E-01
  -0.28119297690187368E+00  -0.20630139119791026E+00   0.93721408745860674E+00   0.15013397306525114E-01
  -0.53441760768150485E+00   0.14940537811365757E-02  -0.84521925463353966E+00   0.15762993131228350E-01
  -0.49248124718330164E+00  -0.22999396556612530E+00   0.83938370068518004E+00   0.16900779146244540E-01
   0.69035177798024429E+00   0.72344791012563200E+00  -0.61273137973284166E-02   0.16260446445571570E-01
  -0.73595509117993644E+00   0.49224010567162910E+00  -0.46483306910622754E+00   0.13970671685785644E-01
   0.45832724078829434E+00   0.86025455834170934E+00   0.22337912884533239E+00   0.16430333463406688E-01
   0.83325994040035293E-01   0.96836980261640768E+00   0.23519503416930285E+00   0.16453547080522568E-01
  -0.59481964296896752E+00  -0.80048677994694124E+00   0.73556151805592291E-01   0.16508055810401415E-01
  -0.84506303637949127E+00  -0.86908478109068152E-01  -0.52755604534290023E+00   0.18361550265657900E-01
   0.72891691578767572E+00   0.48352014558992326E+00  -0.48465286410716883E+00   0.15469905789830624E-01
  -0.91056544413173217E-01  -0.81429872863543977E+00  -0.57325935340144082E+00   0.18514211032416010E-01
  -0.54138789317182798E+00   0.65555429664067359E+00   0.52644820569826347E+00   0.15174420379833941E-01
  -0.31779797210581088E+00   0.74655129673143836E+00   0.58452169358719450E+00   0.17105117742489941E-01
  -0.59397433697344261E-02  -0.52261217444655247E+00  -0.85254984286488948E+00   0.17455666692977169E-01
   0.30612163484732093E+00   0.42039411910218893E+00  -0.85414186719929503E+00   0.13678024880164698E-01
  -0.86086038145718113E+00   0.46651946217709943E+00   0.20317232844899550E+00   0.16425203098819642E-01
  -0.17945175592948650E+00  -0.10985433523360330E+00  -0.97761397919843968E+00   0.16566061284787474E-01
   0.27203007965070296E+00  -0.58068482349892711E+00   0.76733615288428325E+00   0.13641878510212979E-01
  -0.33335675649846190E+00   0.17752220354483958E+00   0.92593689857646879E+00   0.16301466662179193E-01
  -0.21277736514196341E+00   0.81888145105659813E+00   0.53306562635259462E+00   0.16157649175130000E-01
  -0.35181382809725594E+00  -0.45368919064688775E+00  -0.81877539572811190E+00   0.14705361506201009E-01
  -0.41796817467922924E+00  -0.79711316302607819E+00   0.43579032835283797E+00   0.16599097389255481E-01
   0.37209271087443811E+00   0.38402226410355883E+00   0.84502894340187442E+00   0.16984144125417288E-01
  -0.30832009913954108E+00  -0.81983053985170482E-01  -0.94774336997198158E+00   0.16822590822275382E-01
   0.20187236742812171E+00  -0.96210319266065056E+00  -0.18331664938337905E+00   0.19007787012546428E-01
  -0.61997436108648100E+00   0.72299201081276525E+00   0.30481854257299394E+00   0.15175860553155171E-01
   0.39842293198458730E-01  -0.86126282547222974E+00  -0.50659543733859235E+00   0.16913083506796889E-01
   0.20067573108953928E+00   0.58425532370638242E+00   0.78636821379836376E+00   0.16245137569560146E-01
   0.95326712984174832E+00  -0.30206195811014020E+00  -0.63523716786182768E-02   0.19303370768957581E-01
   0.40205781651870262E+00  -0.82060730214462029E+00   0.40614426974061963E+00   0.18251760831952214E-01
   0.41594846932825957E+00  -0.25730216068195472E+00  -0.87222844998995281E+00   0.15199882359642751E-01
  -0.47578104696257685E+00  -0.63734579332679546E+00   0.60615405226710485E+00   0.15739215283470162E-01
  -0.75819908470380008E-01  -0.99385071299193370E+00   0.80697594542639059E-01   0.15840063410987561E-01
  -0.21136954518855568E+00  -0.92713668832979028E+00   0.30941958005215552E+00   0.14841904203378279E-01
  -0.17268232452170857E-01   0.64178045317759595E+00   0.76669397941234507E+00   0.14582378965024293E-01
   0.53132928298950066E-01  -0.33355872810068238E+00   0.94123082548237544E+00   0.17417271874286930E-01
   0.46363096561479570E+00   0.88596129710477544E+00  -0.10904483275974678E-01   0.17233841716023792E-01
   0.50353533421156830E+00  -0.31797904523556788E+00   0.80333149694974679E+00   0.17398028498129707E-01
   0.69990284019900919E+00  -0.66268486246292299E+00  -0.26642970431965151E+00   0.15328052820265916E-01
  -0.45759017909352275E+00  -0.83283305745516109E+00   0.31144875406243990E+00   0.16164686585233248E-01
   0.82471503515634978E-02   0.12899834960612621E+00   0.99161051341238533E+00   0.13991451910741947E-01
  -0.53590234112302628E+00   0.84200484363058940E+00   0.61939680992772672E-01   0.18169759252027944E-01
  -0.16148934923240156E+00  -0.43328274401470956E+00   0.88667201028541491E+00   0.18172781482462021E-01
   0.26884417609672706E+00   0.95790322408408972E+00  -0.10071852991469913E+00   0.13191547641443688E-01
  -0.52242810269448547E+00  -0.83197992375243572E+00   0.18675728630479556E+00   0.16363406978056762E-01
   0.46476198816472926E+00   0.85906686657286819E+00  -0.21447706896971943E+00   0.14312158269444577E-01
  -0.10591057322802943E+00   0.78944236709740511E+00   0.60461863973099285E+00   0.16001216753471934E-01
  -0.93174014848401487E+00  -0.22019517483612909E+00   0.28874622193523574E+00   0.17048535138091136E-01
   0.68394612649633010E+00  -0.61581649987993829E+00  -0.39113646534973959E+00   0.17084740432361300E-01
  -0.73272803580362415E+00   0.75064652632884740E-01  -0.67636892556685905E+00   0.15902631507028416E-01
  -0.61329162124833169E+00   0.34570373945661199E+00   0.71018470261778219E+00   0.16516125759862658E-01
   0.59918428692045235E+00   0.65455507545635231E-01  -0.79793092861448382E+00   0.15521490561121740E-01
   0.14345424431268412E+00  -0.81467021157037038E+00  -0.56190152711001308E+00   0.13234061473523834E-01
  -0.81133894655820064E+00  -0.24845301260197034E+00  -0.52915046473270193E+00   0.15264336545877794E-01
   0.90342977432092368E+00  -0.42850800304954255E+00   0.13983354137615744E-01   0.14880397272408620E-01
  -0.74717446355586325E+00  -0.44294877626890531E+00   0.49550651117002217E+00   0.15047628611336063E-01
   0.22266708121933347E+00   0.33969097061941235E+00  -0.91379943938530860E+00   0.18742165919214716E-01
   0.77304405395445119E+00  -0.56252709040679365E+00  -0.29319986903839957E+00   0.15642328928747617E-01
  -0.92028844203658604E+00   0.48823394652139606E-01  -0.38818225048102675E+00   0.13816976586595586E-01
  -0.49882785568878853E+00  -0.45850215996141745E+00  -0.73549067954641005E+00   0.17259734102069124E-01
   0.78537477593127764E-01  -0.51980657272281494E+00   0.85066620455233206E+00   0.17600497952245262E-01
   0.75349629549094698E+00   0.54918513999205291E+00  -0.36144019518217511E+00   0.15648011291959226E-01
  -0.70790655329654965E+00  -0.65862190179322031E+00  -0.25511860433547575E+00   0.15970264000307487E-01
   0.31959704818807601E+00  -0.93623939808939731E+00  -0.14599149377505389E+00   0.12421084652903042E-01
   0.18119394033403031E+00  -0.65435801829196487E+00  -0.73415552840201403E+00   0.14221262651037589E-01
   0.58374612692712659E+00   0.72202330795227158E+00  -0.37137959296552396E+00   0.18525422025777892E-01
  -0.40889944038760264E+00  -0.82443118497803684E+00  -0.39129843966774950E+00   0.15917568713983481E-01
  -0.86166694729820108E+00  -0.44149357808358633E+00   0.25022688193867494E+00   0.17180647954888106E-01
   0.81933812280791471E+00  -0.78574608082905657E-01  -0.56790058238940055E+00   0.14556919700988302E-01
   0.83993995512080559E+00  -0.53970495705795489E+00   0.56740031007482905E-01   0.17570014377217471E-01
  -0.64381539666667420E-01  -0.31219943011081756E+00  -0.94783254490897821E+00   0.15822124635492665E-01
  -0.20623048705108533E-01  -0.44876140492325600E+00   0.89341361715244307E+00   0.17009315097805726E-01
   0.49369127301829376E+00  -0.77117823182598401E+00  -0.40193663891629176E+00   0.17624780208953545E-01
  -0.66883653375173981E+00   0.32326773760842679E+00  -0.66944429263418703E+00   0.17690900095380093E-01
   0.14838624846804055E+00   0.89854338965527009E+00  -0.41303910005276547E+00   0.16217796188890229E-01
   0.40522166082825821E+00  -0.84931808363619243E+00  -0.33831080148900616E+00   0.15981906901275908E-01
  -0.73794503030377756E+00   0.65732264175287538E+00  -0.15285312194710964E+00   0.18101590208297800E-01
   0.71866998754409419E+00   0.62010384098613391E+00   0.31461830111678992E+00   0.16237556359737874E-01
   0.32449282143704869E-01  -0.51696392723349884E-01  -0.99813552540111079E+00   0.15542595139205288E-01
   0.96640254580608342E-01  -0.59017571829414947E+00  -0.80146945215059801E+00   0.15204661798209453E-01
   0.51154991219525847E+00  -0.85807028963510063E+00  -0.45078435848615585E-01   0.15124001608857497E-01
  -0.49104249661843022E+00  -0.55999930160803206E+00  -0.66729157698359662E+00   0.13391263346471304E-01
   0.98979960121942216E+00  -0.54050946787661651E-01  -0.13181519099569072E+00   0.15897601173254980E-01
   0.97685354254140861E+00   0.11445034350049518E+00   0.18071600730682126E+00   0.15677353181671853E-01
   0.81004654875080319E+00  -0.20709421332745958E+00  -0.54857686395180138E+00   0.16670505137506328E-01
   0.29287227368418285E+00  -0.87002558524251121E+00  -0.39658708038775420E+00   0.16601975698470850E-01
  -0.54241607698450780E+00   0.55795028962725288E+00   0.62807346205169434E+00   0.15955106461443584E-01
  -0.55549395803447190E+00  -0.34323842271463962E+00  -0.75737299117380922E+00   0.16453010936480801E-01
   0.73142716040320507E-01  -0.79654710496130141E+00   0.60013569521235323E+00   0.16190449986762844E-01
   0.73213464359802040E+00   0.43279367941639970E+00   0.52599286563680163E+00   0.13595031470650129E-01
  -0.77236004318791584E+00   0.52804892132819656E+00  -0.35302167124822361E+00   0.18628768889273221E-01
  -0.38664641846312912E+00  -0.18483999834198217E+00  -0.90351464963362424E+00   0.15894092044911860E-01
   0.67323350453089823E+00  -0.56401283216514723E+00   0.47816960749308874E+00   0.16669830019227356E-01
  -0.52872425137850784E+00  -0.75065657866883626E+00   0.39618854968995966E+00   0.14765867341365677E-01
  -0.69442534601338046E+00   0.66005412990402634E+00  -0.28653443843774773E+00   0.18282853219132777E-01
  -0.71591063751034402E+00   0.62459496004927848E+00   0.31201457494894846E+00   0.17201620710608733E-01
  -0.32442225603467216E+00   0.42398629079326726E+00   0.84556834437480006E+00   0.16933792105076399E-01
   0.94735267176016897E+00  -0.77881843520342259E-01   0.31057581000255414E+00   0.15727495946330525E-01
   0.84847203578294116E+00  -0.11869586735274602E+00   0.51575817547347782E+00   0.14892675470588557E-01
  -0.11403730964671172E+00   0.10401400798833144E+00   0.98801648678083484E+00   0.15341721429371557E-01
  -0.74602531179201516E+00  -0.99387062272093018E-03   0.66591684645067505E+00   0.18371795266753736E-01
  -0.29179685814996982E+00  -0.36469341226565248E+00   0.88422469351621320E+00   0.19813660720722010E-01
   0.99329862203382877E-01  -0.95906659283943778E+00  -0.26518832737133974E+00   0.14061918538105877E-01
  -0.63505496111316483E+00   0.75862243513858977E+00  -0.14559257285298919E+00   0.17267160379547346E-01
  -0.78699481961206911E+00  -0.55571843052957046E+00   0.26798540981463485E+00   0.15955368467616302E-01
   0.93290644979874954E+00  -0.21922659357881837E+00   0.28570134159944160E+00   0.14414935634325988E-01
   0.55712695363424549E+00  -0.60726710388258799E+00  -0.56642406558715299E+00   0.16962341619163008E-01
   0.82779554511273616E+00  -0.45414961924406336E+00  -0.32939741776762656E+00   0.17132773626836799E-01
  -0.52348938583942095E+00   0.82555436312491057E+00  -0.21075781465675005E+00   0.16675729148034992E-01
   0.28110586564867038E+00   0.63889764381409595E+00  -0.71609307567292415E+00   0.16410811521616448E-01
  -0.67274013189322632E+00  -0.63528308132941591E+00  -0.37925732889014445E+00   0.16322147137447212E-01
  -0.86871731040512401E+00  -0.13433261355388637E+00   0.47674414892924454E+00   0.17013874325038232E-01
   0.35711200936906224E-02  -0.99913408727465817E+00  -0.41452656695468537E-01   0.15482440588734974E-01
   0.15689861079337008E+00   0.68974887560955755E+00  -0.70684461837553929E+00   0.16621992748805201E-01
  -0.63699880740884493E+00  -0.40066709678131271E+00  -0.65855781592548376E+00   0.16598341967733478E-01
  -0.81600904412645878E+00  -0.24692989799696722E+00   0.52264219632462749E+00   0.16139796446543897E-01
   0.35284018906254615E+00   0.68526227571011864E+00   0.63711805379450368E+00   0.16289397550675086E-01
  -0.33776975738224357E+00   0.56908843425349626E-01  -0.93950677194894627E+00   0.16178224992399298E-01
  -0.60499939779612876E+00  -0.74014876628361436E+00  -0.29352262678567937E+00   0.18770231345131708E-01
  -0.90865364621200654E+00   0.14648977125679129E+00   0.39101061129176372E+00   0.17088860453888827E-01
  -0.60887053638624664E+00   0.69576063295219530E+00  -0.38104305735006484E+00   0.15481535652692532E-01
   0.33267314158522434E+00   0.82682939536087936E+00   0.45352147891249856E+00   0.16049698743795104E-01
   0.20267717813490855E+00   0.21588865483558996E+00  -0.95515132318211755E+00   0.13142836882266364E-01
  -0.95937314053315940E+00  -0.33532666175202225E-02  -0.28212042256195214E+00   0.16317644304320186E-01
   0.64015376620583799E+00   0.47705771392562583E+00   0.60217862233438435E+00   0.18279631802830442E-01
  -0.92701041666446144E+00  -0.11213553119664938E+00   0.35787890415450145E+00   0.15272927824384627E-01
   0.23524415871063921E+00  -0.55677127783477917E+00  -0.79665923076981339E+00   0.18453328453607905E-01
   0.55613542571065179E-01  -0.27998787294307141E+00  -0.95839132137530906E+00   0.16395949036995080E-01
  -0.57836753378666037E+00  -0.76331329237992298E+00   0.28782601261466700E+00   0.15317284561928687E-01
  -0.80870789160771767E+00  -0.58422681081285423E+00  -0.68341638690050707E-01   0.12001387879682388E-01
  -0.94076574798854508E+00   0.30927111995056923E+00  -0.13896467815986144E+00   0.13168682944928120E-01
   0.29070999845274116E+00  -0.22703703552710847E+00   0.92948473968036164E+00   0.15758544099262858E-01
   0.10167987633339270E-01   0.82175341771678827E+00   0.56975251864144151E+00   0.17004637870075047E-01
   0.45953776303146067E+00   0.51391541268274014E+00  -0.72437282731696255E+00   0.16605088877420513E-01
  -0.14101939516149128E+00  -0.24447532601228467E-01   0.98970492993517975E+00   0.16803720584792126E-01
  -0.99697777381132315E+00   0.39522701328121300E-01   0.66882543357338297E-01   0.11834264842498534E-01
  -0.54894761588814491E-01  -0.89871823270694335E+00  -0.43507712345079205E+00   0.15022671001396867E-01
   0.60559621453547363E+00  -0.96847097207949364E-01   0.78985686342697469E+00   0.16772862903269865E-01
  -0.78018110738131696E+00  -0.38991639599158292E+00  -0.48916525205925758E+00   0.16418620305719406E-01
   0.59580536584083310E-01   0.56600257908405238E+00   0.82224767566138723E+00   0.16024179460124812E-01
  -0.81892844808406870E+00  -0.36399311518374455E+00   0.44369495040788127E+00   0.16109157066522159E-01
  -0.99543324136141251E+00   0.83007996517519639E-01  -0.47141643022484274E-01   0.15648636196427903E-01
   0.71138496309006384E+00   0.39212844080665028E+00  -0.58323813335540224E+00   0.17655530292919281E-01
   0.15922011911481681E+00  -0.36474796826158044E+00  -0.91739188644663336E+00   0.15872635509660558E-01
  -0.40146807967510254E+00   0.91066179322612494E+00   0.97562694510575624E-01   0.15727812109942387E-01
   0.34177910356650738E-01  -0.86424586714686579E+00   0.50190731371759742E+00   0.16102485544094928E-01
  -0.18882596569727363E-01   0.32484462494247239E+00  -0.94557887941343601E+00   0.16099795983787079E-01
   0.19325795781219612E+00  -0.92148590832055070E+00  -0.33691999422549741E+00   0.15179444414663691E-01
   0.48161698645363459E+00  -0.61383999180200232E-01   0.87422942240807977E+00   0.16225914170914554E-01
  -0.63666305763754751E+00   0.35547930413788715E-01  -0.77032233232777649E+00   0.17109347725570840E-01
   0.89317211600363037E+00   0.36899582987055494E+00  -0.25707129114651774E+00   0.18406669480424389E-01
  -0.35494799055023751E+00   0.19287203021527401E+00  -0.91477445524292324E+00   0.16452218221370722E-01
   0.85249311388459823E+00  -0.51859581255083133E+00  -0.65680088185723253E-01   0.16050427916089340E-01
  -0.28988759445003147E+00  -0.87734819252221409E+00  -0.38239420976523433E+00   0.16192160392783476E-01
  -0.10940551459823155E+00  -0.43703835452723698E+00  -0.89276419621735580E+00   0.16468354480387221E-01
   0.46040486060285044E+00   0.60422089158008489E-01   0.88565034605935295E+00   0.13431245566463569E-01
  -0.52125094198302850E+00  -0.10494907249967515E+00   0.84692570374458675E+00   0.14534179731401744E-01
   0.56515908896168642E+00  -0.42153434331706600E+00  -0.70915724741995447E+00   0.16036569084768026E-01
  -0.65578058338412397E+00  -0.73492698174080208E+00  -0.17272567257281985E+00   0.12232882204687436E-01
   0.66606423642206573E+00  -0.55174192688852610E+00  -0.50193553278566263E+00   0.15919708547375817E-01
  -0.86127134801726175E+00   0.39767202850780138E+00   0.31633624962533009E+00   0.15021505296531573E-01
  -0.65751966293403896E+00   0.74864624136685398E+00   0.84833355128687344E-01   0.15071926593254842E-01
   0.15635041962164592E+00   0.48511483479553643E+00   0.86035931060542054E+00   0.15981986193259228E-01
  -0.22429349724347327E+00   0.37874252701821982E+00   0.89791231494068792E+00   0.15934157861766086E-01
   0.98519431034136815E+00   0.16333405961548910E+00   0.52097560792420098E-01   0.15658427183949115E-01
   0.15863668623708743E+00  -0.20306046090388085E-01  -0.98712819140772740E+00   0.18204959961669175E-01
   0.13067251285075529E+00   0.92466142417107803E+00   0.35766736646664134E+00   0.17251300465056342E-01
  -0.59689776015129449E-01  -0.81349036366794980E+00   0.57850718133714673E+00   0.16038207234407922E-01
   0.78154038410476669E+00  -0.60329793475388298E+00  -0.15882767370667323E+00   0.17505513929062487E-01
   0.47308748516629233E+00  -0.70590004659519447E+00  -0.52715591203735492E+00   0.16355714189623487E-01
   0.64042696737196838E+00   0.75787285566844166E+00  -0.12442682228404435E+00   0.16417506718332825E-01
  -0.90357589865362566E+00   0.24825894345219348E+00  -0.34916771381141957E+00   0.16350613249740777E-01
  -0.32935529585077705E+00   0.30083108830634155E+00   0.89500041642642234E+00   0.15302103359053564E-01
  -0.14811632035880593E+00   0.96674025484346284E+00   0.20850619968855625E+00   0.16468664938451800E-01
  -0.59446924946774792E+00  -0.51191998207571973E+00  -0.62011631440307013E+00   0.16853640408024954E-01
   0.44736434920365040E+00   0.78188284123989539E+00   0.43419392169423893E+00   0.14048182717028718E-01
   0.13485878205704546E+00   0.75303141351134286E+00   0.64401614821928134E+00   0.16281929279396248E-01
  -0.53516032492106271E+00   0.57543662468066978E+00  -0.61844653577047425E+00   0.14803271255530545E-01
   0.62569742291385077E+00   0.71273882476245358E+00   0.31702697461762197E+00   0.15544742757158136E-01
  -0.96631127815865767E+00  -0.96374752588989025E-01   0.23865125343645838E+00   0.15105022026941414E-01
  -0.87910771684616779E+00  -0.34631308639857749E+00   0.32747040838923076E+00   0.15901298886184047E-01
   0.79788112289097314E+00   0.32727109052207588E+00   0.50624040439570903E+00   0.15833322241990139E-01
   0.30858858693802426E+00  -0.91303491930167677E+00  -0.26672142798690541E+00   0.15816302957927246E-01
  -0.47474771124196211E+00  -0.87663445382527882E+00   0.78272888262626612E-01   0.16057636091519458E-01
  -0.28402243894426693E-03   0.81752506133652040E+00  -0.57589295308935044E+00   0.16603842001214729E-01
  -0.21340124569782150E+00  -0.96704447483961324E+00  -0.13887005442785291E+00   0.16379133271678229E-01
  -0.38445030687934526E+00  -0.73566475831661257E+00   0.55766954812983753E+00   0.15973395651974923E-01
   0.60285414514737638E+00   0.36345099654056545E+00   0.71026069354307930E+00   0.15539168436821498E-01
  -0.45781739970655417E+00   0.67770978432789510E+00  -0.57542391048006269E+00   0.16021265875334558E-01
  -0.32800048441453677E+00   0.81685973096177875E+00   0.47450591372171491E+00   0.15037658319280236E-01
   0.22911065568607149E+00   0.76401033980266008E+00  -0.60315545933508909E+00   0.18914603421248699E-01
  -0.64572718210289323E+00  -0.45750683847948563E-01   0.76219635345552649E+00   0.18290948501008738E-01
   0.91387124869132438E+00   0.34234663047641857E+00   0.21826159858482268E+00   0.15965780526049146E-01
  -0.88977810941373220E+00  -0.34821510325390372E+00  -0.29502738495603715E+00   0.16146326397640285E-01
  -0.90319328021534932E+00  -0.13881777743651102E-01   0.42900955096654138E+00   0.16059640802986841E-01
  -0.69129581163028799E+00  -0.46284188624628317E+00  -0.55487610252956836E+00   0.14856655597346923E-01
  -0.92320710086998456E+00  -0.32574341650089237E+00   0.20391144035969253E+00   0.15517530424463825E-01
   0.38757483385542697E+00   0.74828073591245978E+00   0.53838804632369550E+00   0.14766246271594775E-01
   0.57120955330053906E+00   0.28454432308941921E-01   0.82031091148428263E+00   0.16761680581864291E-01
  -0.60025283150307737E+00  -0.17890727802201729E+00   0.77954392059927632E+00   0.16782115938584169E-01
  -0.83336775556649094E+00  -0.80520458384816091E-02   0.55266024693285524E+00   0.15163611833935521E-01
  -0.98218798612962814E+00  -0.15282697695152438E+00  -0.10931914296445832E+00   0.15323985179525967E-01
   0.80131342762868449E+00   0.42604203931018052E+00   0.41998210847891090E+00   0.16444472375391012E-01
  -0.11373709878564564E+00   0.95357026159615401E+00  -0.27886847896323212E+00   0.18704370477783406E-01
  -0.68172276338713091E+00  -0.54905692299572672E+00   0.48351894398283770E+00   0.15291027728919055E-01
   0.82935341449133588E+00   0.50103728663849125E+00  -0.24725402174585697E+00   0.16180864339004347E-01
  -0.33111034612875314E+00  -0.73815360806285088E+00  -0.58778838844459357E+00   0.15637840818293044E-01
   0.99554212069922485E+00   0.15124079779523138E-01   0.93097519432649740E-01   0.18648040367462765E-01
   0.50400766494957931E+00  -0.54584978500441065E+00  -0.66934616297003701E+00   0.15689895199483387E-01
   0.17036044034916422E-02  -0.91824499370927323E+00   0.39600912774820390E+00   0.11831674944637557E-01
  -0.91373798192641402E+00   0.35246374967843356E+00   0.20211928544219350E+00   0.16053043515906466E-01
   0.18658754339801777E+00  -0.16681101098232518E+00   0.96817311223961777E+00   0.14098990762473162E-01
  -0.28045874615884439E+00  -0.60699974880997018E-01   0.95794488607249999E+00   0.18155091648496329E-01
  -0.39060485527687610E+00  -0.14426639880491290E+00   0.90918372907239852E+00   0.17204597027568306E-01
   0.54526386366913586E+00  -0.81228166327430617E+00   0.20708891444240258E+00   0.19025948730065236E-01
   0.95745888892037633E+00   0.24839254081061614E+00   0.14687961634278865E+00   0.15828348177692079E-01
   0.72378303284390499E+00  -0.43278272330302396E+00  -0.53743579688898384E+00   0.15949985847349918E-01
  -0.62410243250360490E+00   0.45424818208089758E+00   0.63573165944389078E+00   0.14604151413948782E-01
  -0.52831198574033368E-01  -0.23676893445520788E+00   0.97012851526701169E+00   0.16349054745251752E-01
   0.11852126015515025E+00   0.12613158629982603E+00  -0.98490788088466665E+00   0.17340909676722278E-01
   0.87913901769227393E+00  -0.11697831094061301E+00  -0.46198556507811483E+00   0.15256504059473923E-01
   0.52535413550250114E+00   0.57588443898809407E+00  -0.62638657811433660E+00   0.16380616870826443E-01
   0.59655978846439712E-01  -0.69374254302965923E+00  -0.71774817880550179E+00   0.16558735100388226E-01
   0.63482727982746691E-01   0.88150691179556286E+00   0.46788407507043707E+00   0.15321292876311467E-01
  -0.60740409623409803E-01  -0.72975182933871645E+00  -0.68100871522732910E+00   0.15435353981607853E-01
   0.49111057869221719E+00   0.70599594898116846E-01  -0.86823159162565453E+00   0.17156509957031422E-01
  -0.86456898501066259E-01   0.66926845232801159E+00  -0.73797353842806883E+00   0.15274953182657466E-01
  -0.14007296829489170E+00  -0.96074580870010635E+00  -0.23947245064565780E+00   0.12873796540505391E-01
   0.12085737716965965E+00   0.75195314156961066E-01   0.98981774035046807E+00   0.14766275534315836E-01
   0.37332054218527424E+00   0.81083061086208019E-01  -0.92415221148216879E+00   0.15857597716927247E-01
   0.23927050583523721E+00  -0.14513921024415212E+00  -0.96004387123040029E+00   0.15955755257346806E-01
  -0.63199518598328490E+00   0.65241152889446674E+00   0.41825982577763491E+00   0.15962877184672768E-01
  -0.18377288121754444E+00  -0.28616796271243130E+00   0.94039110227926911E+00   0.16641824035382050E-01
   0.14066995116664822E+00   0.94891529561078407E+00  -0.28243889001812565E+00   0.15971005010691423E-01
  -0.38366609888536906E+00  -0.46231302488349035E+00   0.79941665706261053E+00   0.16317908164160400E-01
  -0.27479391642575063E+00  -0.22151463945072262E+00  -0.93563858834723898E+00   0.15931129175692628E-01
   0.58267239568642841E+00   0.78286274464805121E+00   0.21821732824676991E+00   0.15867182436359323E-01
  -0.37067282125040472E+00   0.32731941322200786E+00  -0.86917412600368280E+00   0.15559542523545728E-01
  -0.83085506021011941E+00   0.54014910494085581E+00  -0.13386117194627884E+00   0.17195701405406492E-01
   0.20620441491726442E+00   0.94991937083678390E+00   0.23480402078686219E+00   0.15983851448292297E-01
   0.33726975822887332E+00   0.70242137822311114E+00  -0.62678011902052412E+00   0.12885971437131071E-01
   0.13747356182649994E+00  -0.97214348244612107E+00   0.18983695461175065E+00   0.16305206878576072E-01
  -0.74880412883582252E+00  -0.22299444436066853E+00   0.62415210840203174E+00   0.13223474789489628E-01
   0.36156291389648789E+00  -0.13995129573485163E+00  -0.92178408215634597E+00   0.15869600593306712E-01
   0.61232997123871761E+00   0.59335829134098041E+00   0.52247291261816020E+00   0.15777968979667891E-01
  -0.20164712761508183E+00   0.96233741452131358E+00  -0.18233248897829598E+00   0.13667253851006060E-01
  -0.40940293764403872E+00  -0.91198346327853574E+00  -0.25988408087434553E-01   0.16535737924520010E-01
   0.96659755819824741E+00  -0.31473290411638816E-01  -0.25435918005027939E+00   0.14999024051088214E-01
  -0.14084883556833958E+00  -0.54798936121853794E+00  -0.82454185188524036E+00   0.14851767267922204E-01
   0.95733822038262434E+00   0.20122528841249791E+00  -0.20739314139560360E+00   0.14073417162579263E-01
  -0.83526477932293961E+00  -0.52837588398427124E+00   0.15215674039108780E+00   0.14648421401534261E-01
   0.52473532539325473E+00  -0.77214152516953324E+00   0.35839964201056631E+00   0.16163658109410226E-01
  -0.66266573914709034E+00  -0.27504783317287864E+00   0.69657936204537733E+00   0.16865109693554598E-01
  -0.34265169867088536E+00  -0.93540419008757300E+00   0.87228519215727615E-01   0.16095781957724755E-01
   0.69522168947811211E+00   0.87195695354227140E-01  -0.71348700982631232E+00   0.16648696391387931E-01
   0.79052062327479744E-01  -0.98595527771261668E+00  -0.14711547094853514E+00   0.15106525867318745E-01
   0.20522713583450076E+00   0.27366453511951296E+00   0.93967523375631660E+00   0.13194047453117061E-01
  -0.86904582989010297E+00   0.49425951460504018E+00  -0.21607354604675705E-01   0.15524178713105660E-01
   0.38195387379421763E+00  -0.60310787230870923E+00   0.70026575858944619E+00   0.18456845884274867E-01
   0.10782325957554839E+00   0.77024955676738180E+00  -0.62856166363703378E+00   0.12407378388321008E-01
  -0.79390127519961062E+00   0.60752555688267149E+00  -0.25168690288372208E-01   0.15290541326502840E-01
  -0.71935479880640151E+00   0.12721130387274084E+00   0.68289527572036901E+00   0.14676882251149949E-01
  -0.52411887572295983E+00   0.45107796053560527E+00   0.72237668679847333E+00   0.18366092626411596E-01
  -0.55131549757612976E+00   0.22942178234688244E-01   0.83398134187176662E+00   0.16360147878786341E-01
  -0.38260692376121422E+00   0.47255031302040242E+00  -0.79391948178281914E+00   0.18091880015894011E-01
   0.57961634386519316E+00  -0.81143232507844960E+00   0.74983169725796372E-01   0.17298152521788942E-01
   0.25959890211562726E+00  -0.87464155805854879E+00   0.40940268066693832E+00   0.16165695895831603E-01
   0.44419176344825030E+00   0.58200114083607656E+00   0.68115222186398174E+00   0.15744272015445661E-01
  -0.19556598077036554E+00   0.90710036557439330E+00  -0.37272358919194670E+00   0.16835024668018919E-01
  -0.13737502815896094E+00   0.24012402979631009E+00  -0.96097271134653219E+00   0.15796826260882077E-01
  -0.41348827254857747E+00   0.91011724344013948E+00  -0.26721745034989785E-01   0.16548358423125391E-01
   0.88740664676392082E+00   0.43624456949491854E+00  -0.14899704314316797E+00   0.15280515384171284E-01
   0.44306606539503317E+00   0.26217060614411060E+00   0.85729751835018959E+00   0.15594281429748104E-01
   0.98197092928104385E+00  -0.17723509013634688E+00  -0.65732920757290065E-01   0.15750914503678961E-01
   0.36121721658579044E+00   0.56415088781222291E-02   0.93246463515759785E+00   0.16093980736725946E-01
  -0.71837031196469807E+00  -0.59161708027062855E+00   0.36596902221335487E+00   0.15098567016314534E-01
  -0.84300894424826662E+00   0.47145866873509021E+00  -0.25896456049421017E+00   0.16437866171207575E-01
  -0.63111721465990644E+00   0.56462202897241411E+00   0.53187688966432435E+00   0.17315184507650867E-01
  -0.21079790950623009E+00   0.70124288799424085E+00  -0.68104526529834998E+00   0.17771614489587442E-01
   0.75144191883900477E+00   0.65318773441725372E+00   0.93170951580466727E-01   0.17121729893379786E-01
  -0.43910130934122495E+00  -0.27253679111314874E-01   0.89802409606297270E+00   0.16246350780655387E-01
   0.82530797880516466E-02   0.72706196693243283E+00  -0.68652223774205154E+00   0.17047307619615574E-01
   0.32083459923343542E+00   0.21087827982016924E+00  -0.92336098630752605E+00   0.16870447744422698E-01
  -0.33485017817443920E+00  -0.88033317948600124E+00   0.33598936184441052E+00   0.18619259451661537E-01
   0.90115489562146198E+00  -0.16781255908045009E+00   0.39969838517605072E+00   0.17397771454306547E-01
  -0.28248586450975047E+00  -0.93842636053803083E+00   0.19889118180433380E+00   0.16038841237872381E-01
  -0.31171482043396392E+00  -0.57119300314449565E+00   0.75932366213663717E+00   0.17439509952044338E-01
   0.42351049039837658E+00   0.41862509596125301E+00  -0.80336286543128085E+00   0.16322696462207211E-01
   0.23520678601794631E+00   0.15740624285767879E+00   0.95911471812319586E+00   0.16966136313981836E-01
   0.87209469781293833E+00  -0.23957496612494497E+00  -0.42667865385180849E+00   0.18783973466011458E-01
   0.84355482040038758E+00  -0.11728320001596876E-02   0.53704179487668302E+00   0.14949619507980829E-01
   0.62990052850467623E+00   0.14100161131020170E+00   0.76376951352974042E+00   0.16006571672959275E-01
   0.84703326920945105E+00   0.21570845926997934E+00   0.48580294508341674E+00   0.16899678801566803E-01
  -0.27362169668021785E+00   0.41345595629678699E+00  -0.86843844877374483E+00   0.15735603690042003E-01
   0.20814638847637820E-01   0.88638901957345179E+00  -0.46247297952340655E+00   0.15945340193317470E-01
  -0.17851663625721217E+00  -0.55661252014287523E+00   0.81136570854307592E+00   0.17748628209017742E-01
  -0.20527367424424105E+00   0.50583518423242388E+00   0.83785051474282621E+00   0.15302658063303185E-01
   0.33262394093322433E+00   0.91318536353293939E+00   0.23548631753727025E+00   0.15770283666383962E-01
  -0.98703455085656095E+00  -0.32353235027868194E-01  -0.15721343326388645E+00   0.16153351220210662E-01
   0.27814632335555389E+00   0.95296606305030930E+00   0.12037568474647064E+00   0.16618773107456266E-01
   0.67744682426473756E+00   0.95578983862536404E-02   0.73550965110735280E+00   0.16373923296405086E-01
  -0.90583137301099831E+00   0.41583282254100550E+00   0.80948053507112867E-01   0.15729496661969887E-01
   0.54409052322061723E+00   0.70747507096976223E+00   0.45104825295953068E+00   0.18129332090923924E-01
  -0.10143935556500283E+00  -0.88803501883615219E+00   0.44844605301332700E+00   0.18147368331419837E-01
   0.47832797431792188E+00   0.75196250317895341E+00  -0.45360196516081803E+00   0.14727275498462262E-01
   0.24506944306187108E+00   0.94497892489775132E-01  -0.96488917311385318E+00   0.16211308213193092E-01
   0.49098281074813785E+00   0.38124634476905278E+00   0.78331800959131205E+00   0.16037498782770844E-01
   0.65923712451928215E-01  -0.18752686636608190E+00   0.98004476353249962E+00   0.16415021856732156E-01
  -0.63784497267843187E+00   0.88537690650238651E-01   0.76505873510677151E+00   0.14957275087185985E-01
   0.69983538883683751E+00  -0.61711803519170063E+00   0.35971622033587458E+00   0.15280193635053560E-01
   0.39905891482946703E+00  -0.39065939422057311E+00   0.82954036683114047E+00   0.13843470421877899E-01
   0.37882301372532722E+00  -0.79825072399912198E+00  -0.46828293360631683E+00   0.15104505673409207E-01
   0.97399778263716481E+00  -0.12758666580964819E+00   0.18721635111673137E+00   0.17676091353512777E-01
   0.23630522938016809E+00   0.67990962977054518E+00   0.69417773942475733E+00   0.15368614271796332E-01
  -0.16071186524123124E+00   0.98370415667626236E+00   0.80609109339625799E-01   0.15416906360896611E-01
  -0.15670079608228211E+00  -0.91908428853210928E+00  -0.36156456004509833E+00   0.16396348379345930E-01
  -0.26854363525910289E+00   0.52230670623235946E+00  -0.80937013818557055E+00   0.14551263282632849E-01
  -0.11209057800106272E+00   0.77083728493326217E+00  -0.62709296159349801E+00   0.15452439299081033E-01
  -0.26411584995043861E+00   0.95178661528031547E+00   0.15602902543500698E+00   0.16747966299018970E-01
   0.57902791340809569E+00  -0.67258667489768075E+00  -0.46081866308163812E+00   0.14630695874345502E-01
  -0.17452244809765393E+00  -0.15383330325803779E+00   0.97256219848332694E+00   0.16040542072254866E-01
  -0.43374291169942313E+00   0.80401071425780816E+00   0.40673561180348531E+00   0.13101085073630704E-01
   0.90833714005300976E+00  -0.34604928570315633E+00   0.23489046780287687E+00   0.16539242598814452E-01
   0.63707487894683270E+00   0.76405824002458979E+00   0.10173792048889573E+00   0.15953855671470746E-01
   0.26039272288377546E+00   0.90176469848791249E+00  -0.34498704095976933E+00   0.15617955347374900E-01
   0.25707018733902904E+00   0.94040075369080771E+00  -0.22262376611502490E+00   0.16356470840862533E-01
   0.80571277826854093E+00   0.10589874250552437E+00   0.58276270923124240E+00   0.15326278776536277E-01
   0.95630700476741576E+00  -0.24675654538556139E+00   0.15680599459892288E+00   0.14638636615074867E-01
   0.18321880370806329E-01  -0.40282560852635347E+00  -0.91509334923550333E+00   0.14939215127052476E-01
  -0.80188658002652850E+00   0.72941542503268390E-02  -0.59743176019285284E+00   0.14835106273246029E-01
  -0.55708460791327771E+00   0.14448684728497980E+00  -0.81778988168584998E+00   0.15444453683133827E-01
   0.10419413814586582E+00  -0.71150338466913591E+00   0.69491475389460823E+00   0.15826900204952334E-01
   0.37973033219345504E+00  -0.56831176792700697E+00  -0.72994973063076615E+00   0.17602797128497133E-01
  -0.89456796506195566E+00   0.42453585084483549E+00  -0.13970492916272976E+00   0.15029224410002934E-01
   0.63187040235651830E+00  -0.71784837267163039E+00   0.29229011012777000E+00   0.17345047269692690E-01
  -0.61982649717054663E-01   0.99807127781058522E+00   0.34460910606789822E-02   0.15948264842080154E-01
  -0.24178170764322000E+00   0.14927284631616322E+00  -0.95878007029860583E+00   0.15432440009050669E-01
   0.56511020095693744E+00  -0.71038291409822749E-01  -0.82195135009803532E+00   0.18028944987597629E-01
   0.34973738940975311E+00  -0.49562245974983607E+00   0.79501077718504724E+00   0.15612006213431886E-01
  -0.95818037610351503E-01   0.87076769758301466E+00   0.48226810024557593E+00   0.18577806200725779E-01
   0.75408880051209195E+00  -0.50399628137964427E+00  -0.42111498346380997E+00   0.15254025294116296E-01
  -0.34065470221581697E-01   0.96423660417640952E+00   0.26284465926651203E+00   0.13085655717238857E-01
   0.72325815410148699E+00   0.12836179623032384E+00   0.67854321291590160E+00   0.16811817748588049E-01
  -0.56417699302835666E+00  -0.31858894260770798E+00   0.76171215441634130E+00   0.15226640343229009E-01
  -0.14687153031151796E+00  -0.96773331445379859E+00   0.20474614936603385E+00   0.15979933889493425E-01
   0.60832024803547133E-01  -0.99506354075121574E+00   0.78409276402440610E-01   0.16324708327203955E-01
   0.42755442617344900E+00  -0.88406227061279452E+00  -0.18876205746506087E+00   0.19380153827666333E-01
   0.99926147146784920E-01  -0.14968276746180921E+00  -0.98367160894343861E+00   0.14830531612579243E-01
   0.80928653514978741E+00  -0.36892933748557856E+00  -0.45710660459864715E+00   0.18604392242913149E-01
  -0.46908459705546654E+00   0.36711179074524173E+00  -0.80323631261362464E+00   0.16879474712668798E-01
   0.53990611158714720E+00  -0.82703255757889841E+00  -0.15658396908800417E+00   0.13817983529786603E-01
   0.65703697505147848E+00   0.71175493893690244E+00  -0.24840958176795235E+00   0.16435865637361088E-01
   0.43057788222955943E+00  -0.30028692127358285E-01  -0.90205374838965557E+00   0.15313838153251138E-01
  -0.65315853384396662E+00   0.15863574087473939E+00  -0.74041787619149399E+00   0.13415057946798218E-01
  -0.43102685520832952E-01  -0.11640026535915855E+00   0.99226666613628093E+00   0.14641238295483693E-01
   0.26308441400823112E+00  -0.96398876639113666E+00  -0.38887650708680583E-01   0.16888729981520707E-01
   0.34806203933924324E+00   0.77570470879300215E+00  -0.52643615142519504E+00   0.16001386142522973E-01
  -0.56102744522860357E+00  -0.51398581571194492E+00   0.64889659187515604E+00   0.16831062213450456E-01
   0.98353824009174868E+00  -0.16901925150441094E+00   0.63914183857061228E-01   0.16550900317656546E-01
