   0.0000000000000000E+00   0.0000000000000000E+00   1.0000000000000000E+00   1.5086802544989177E-02
   9.7711425250510952E-01   0.0000000000000000E+00  -2.1271515590427729E-01   1.5324519974000532E-02
  -5.3659110756547381E-01   2.2372650211411366E-01   8.1364392428963761E-01   1.7314198851854200E-02
   3.9977060064258452E-03   6.3921534939925965E-01  -7.6901739605750707E-01   1.4966672842646668E-02
  -9.4750916525173352E-01   1.9548938276527785E-01   2.5300253554068179E-01   1.6047586831899760E-02
   5.0914644932640911E-01  -4.6683521554825189E-01  -7.2307314613552584E-01   1.5553728797152464E-02
  -5.0440593597482719E-01  -7.6771526399035705E-01  -3.9520618060649681E-01   1.3866636548672381E-02
   1.6088991756518435E-01  -6.8713531438642005E-01   7.0849099793077385E-01   1.6676119577262442E-02
  -8.9671534927461955E-01   2.3127817135477810E-01   3.7737513144096697E-01   1.5918842597437179E-02
  -7.5338370273892856E-01   5.9152327030710161E-01   2.8725113948002590E-01   1.5351748965438140E-02
   1.2474629087588111E-01   5.9656111453444875E-01   7.9281347083543334E-01   1.4098433946862907E-02
   1.4975642424848079E-01   3.6832788709855619E-01  -9.1755521958180921E-01   1.4648833489992904E-02
  -8.6303655714520797E-01  -1.9708108473590852E-01   4.6510960758757047E-01   1.7118486467588420E-02
  -4.9538128501978668E-01  -8.2526450724185771E-01   2.7117499062228906E-01   1.3859516871355068E-02
  -9.1598144927058644E-01  -3.6750070304576460E-01   1.6100067656076745E-01   1.6076456932746497E-02
  -9.8435655689807664E-01  -1.7586578780893900E-01  -1.0648641702340952E-02   1.3896017650293723E-02
  -2.7974614750349600E-01   9.3413877935004165E-01   2.2164573957413762E-01   1.5617281183200580E-02
  -4.3757720434682338E-01   6.0375927840205321E-01   6.6633394328928661E-01   1.7664990093742265E-02
  -3.4336851794335156E-01  -3.4733170864536617E-01  -8.7261603529552260E-01   1.5019398882078531E-02
  -2.8395975084963884E-01  -1.6365037210602335E-02  -9.5869653460023869E-01   1.5632595570055802E-02
  -5.2307932790980986E-02  -7.8623537767590114E-01   6.1570919357921507E-01   1.6945656710344452E-02
   3.7784018756539143E-01  -8.9273144762693021E-01   2.4549410395868056E-01   1.3927736877852976E-02
  -3.4735224084715135E-01  -1.1318845302018936E-01  -9.3087850704662784E-01   1.2557990891098367E-02
   8.9472794245958748E-01  -1.2671689116422848E-01   4.2825779441325542E-01   1.4984039044317376E-02
   6.7985603946698098E-01   1.9444812004613440E-01   7.0709666539363258E-01   1.4571724504958369E-02
   4.0095177067765517E-01  -5.1754736435614434E-01  -7.5589840801423928E-01   1.4710521022638398E-02
  -7.7377922657635629E-01   2.7029540138001477E-02   6.3287843420267044E-01   1.4301527227322587E-02
   5.2412866325817102E-01  -6.6960989028796156E-02   8.4900257378849470E-01   1.5231429709693511E-02
  -3.8175279698841308E-01   4.2299909460880504E-01   8.2178863946373379E-01   1.5483883904224802E-02
  -6.2167019404398065E-01   7.1202613014016247E-01  -3.2641225441907657E-01   1.4112207685674471E-02
  -3.0038583935333584E-01   6.4266746174353750E-01  -7.0480272497494702E-01   1.3158485461121371E-02
   8.4524707876082629E-01   6.3329747647395073E-02   5.3060976141530495E-01   1.4330520385941765E-02
  -8.1793982718900650E-01   5.7031565101587577E-01   7.5594294125652883E-02   1.6254077084793994E-02
   7.1339281144518231E-01   2.9654130477123352E-02  -7.0013665032190983E-01   1.6044057614430422E-02
  -2.2215856483524181E-01   9.4920046354789242E-01  -2.2285432926199106E-01   1.5645278228593233E-02
   6.9193369198539880E-01   7.2101055658751613E-01   3.7034351416159800E-02   1.4134287230363842E-02
  -4.9136506047862971E-01   1.0005281819820552E-01  -8.6518773160015935E-01   1.4984892860625585E-02
  -5.5954196770454522E-01  -4.3546916779701767E-01   7.0518039555527813E-01   1.1602224442853672E-02
   2.5888111828963751E-01   1.2157265043203155E-01  -9.5822787334748191E-01   1.4378890549051986E-02
   5.9010282566060388E-03   9.9971119446488572E-01   2.3296041017866149E-02   1.4321994061939056E-02
  -9.5186520014079434E-01   3.0033723048995231E-01  -6.1238784626663331E-02   1.3339462379532549E-02
   2.5848774404651679E-02   8.8734694995271770E-01   4.6037727058510018E-01   1.7252161123441263E-02
  -5.8566825825078883E-01  -8.0751384605935090E-01  -7.0100497144615507E-02   1.4292043999456664E-02
   6.3296243234305809E-01  -7.0050553255159950E-01  -3.2962184106481706E-01   1.6085164626966530E-02
  -5.8871155623497273E-01   3.1038112247140192E-01   7.4637943592303575E-01   1.2433785864391182E-02
  -8.3132055731636249E-01  -5.4086995248139437E-01  -1.2792898610552130E-01   1.4245679569416880E-02
   3.6051423730213061E-01  -9.2798703482480107E-01  -9.4178277216864607E-02   1.5146846230529797E-02
   7.4652334482581572E-01   2.4818529523710335E-01   6.1733860632407235E-01   1.4399198606380865E-02
  -2.8089726572537072E-01  -2.5829296078926859E-01  -9.2432757857521696E-01   1.3172256324597595E-02
   9.5415339326396129E-02   4.8681815022323453E-01   8.6827645461250231E-01   1.5611042324362616E-02
   5.5903127839050510E-02  -9.2851262866231980E-01   3.6706830251657467E-01   1.3179359021184335E-02
   2.5903336135438341E-01  -9.3461713143907143E-01   2.4370583769382907E-01   1.6127517898798650E-02
   8.3598177480443620E-01   5.2003926409534448E-01   1.7519599308773472E-01   1.5135487201903437E-02
   8.2647905624494679E-01   5.6094406457092045E-01  -4.7687797297809622E-02   1.5172139694383046E-02
  -6.4510568535391472E-02  -8.6761684328179082E-01  -4.9303083047714268E-01   1.6228093510534229E-02
   3.2868981371270420E-01  -8.5716721709170737E-02   9.4054008419680883E-01   1.5282805831439847E-02
  -5.3943532095085791E-01  -1.2486392583733476E-01   8.3271755988158044E-01   1.5484204933648100E-02
  -2.3517916105291982E-01  -2.2096916608903702E-01   9.4650060213629050E-01   1.3705306935259895E-02
  -1.1267447877034464E-01   6.7636055045094565E-01  -7.2790168816092526E-01   1.6564830030068540E-02
  -2.1458409940400420E-01   7.1573755988280618E-01  -6.6458514101353394E-01   1.3379914738773117E-02
   9.7447770352068836E-01  -1.3526787492484928E-02   2.2407639626069184E-01   1.1593426245447875E-02
   3.9759053540860245E-01   3.1562850235198789E-01  -8.6156857803458795E-01   1.4689418186539953E-02
  -3.8127483777424359E-01  -8.8016748421347124E-01   2.8272724986027260E-01   1.5845773917641688E-02
   5.4044212084477960E-01   8.1259257989650084E-01   2.1821002065428958E-01   1.3671560937679192E-02
  -7.5685268740987767E-01   5.2906085414351702E-01  -3.8375594089652631E-01   1.4456265969241767E-02
   8.8923226762818003E-03   5.3453547855345098E-01  -8.4509925379511123E-01   1.3696416465596557E-02
   3.5541822981268551E-01  -2.0664976460349318E-01   9.1157761968256885E-01   1.3845689336493041E-02
  -5.8204203057279695E-01  -6.6377232707823452E-01   4.6971626802979757E-01   1.3512958987727901E-02
  -8.7098512632989368E-01   1.9382544989482896E-01  -4.5146052394995299E-01   1.4864168370985215E-02
   2.3279676729765594E-01  -9.7229321667836092E-01  -2.1250080870600518E-02   1.4956575370493057E-02
  -1.9673239967273728E-01   8.7339649731378408E-01  -4.4550524284122570E-01   1.6277791947267301E-02
   7.8284598473855959E-01  -6.1213991662388247E-01   1.1152079023402388E-01   1.5229598428843241E-02
  -5.5082172943002083E-02  -5.3839951256894131E-01  -8.4088757815144550E-01   1.4614840782015825E-02
  -4.2508063690966464E-02   9.9481578428607093E-01  -9.2383006318989497E-02   1.5293611532801969E-02
   2.8616970223294879E-01  -6.2160270620151916E-01   7.2918926018342675E-01   1.4656414610429802E-02
   4.4593305982583579E-01  -8.9505998575230396E-01  -3.3657182670424607E-03   1.5207205053738224E-02
  -2.5133234100854808E-01   9.6783303322301836E-01  -1.1457493857502332E-02   1.1999947362984208E-02
   8.4589150547624640E-01   4.4866113510451048E-01  -2.8839338898432064E-01   1.4983911948130588E-02
   4.2289680234944428E-03   7.2757557108805839E-01  -6.8601450727032142E-01   1.3515031220017852E-02
   8.3392436623043266E-01   4.0336441669159501E-01   3.7665275620154470E-01   1.6638202770083408E-02
  -5.6249379016162830E-02   9.6581497716962196E-01   2.5305619382883843E-01   1.7998428370512158E-02
  -3.5968907079132579E-01  -4.6546959325759811E-01   8.0867906496080301E-01   1.5749701154778983E-02
  -8.8531478471259799E-01  -3.5687094848329254E-01   2.9809538422780290E-01   1.6652139637775730E-02
  -5.3167798605222706E-01   8.3558523606485266E-01  -1.3826001742330371E-01   1.2940118686411057E-02
  -1.6510048358458435E-01  -2.6533530987596636E-01  -9.4991526130132335E-01   1.1954607623516302E-02
   6.2472913128194251E-01   7.6907277259602739E-01   1.3505770240592958E-01   1.5441298889143992E-02
   1.7112801596410145E-01  -4.8095457800886416E-01   8.5988248967199325E-01   1.4595784591735090E-02
  -6.7741969467240439E-01   5.4859270800741555E-01  -4.9004958727769265E-01   1.5116333647451600E-02
  -7.6859346373762393E-02   9.2034352945529924E-01   3.8348458725842004E-01   1.4271670441792312E-02
  -7.6705706640843747E-01   4.3979005943167308E-01  -4.6712756341064629E-01   1.5520300369115565E-02
  -5.4482287004995360E-01   4.1933163533521264E-01  -7.2617423520641910E-01   1.4435150673191163E-02
  -3.3848133301727663E-01  -9.2558653132869643E-01   1.6946964395359929E-01   1.4329833237565026E-02
  -4.9123540385844766E-01  -2.1623251518920882E-02   8.7075841252885819E-01   1.3990102117303711E-02
   2.9350663435327678E-01  -5.2184712811160522E-01   8.0095532364313655E-01   1.7476384530623882E-02
  -2.6805468222874981E-01  -9.2178498809407702E-01   2.8010555699529820E-01   1.4959206588318735E-02
  -2.0762403067796695E-01  -9.5205989975954992E-01  -2.2466465933668846E-01   1.4129890878695315E-02
   5.1916284294738037E-01   5.0840955367710787E-01   6.8701504221715392E-01   1.5483537755124803E-02
  -6.6716573959620193E-01  -2.9894017783424855E-01  -6.8229366550297143E-01   1.4230532698210480E-02
  -1.2375288799487120E-01   5.3296380411424983E-01   8.3703930983974483E-01   1.4632351953214469E-02
  -7.9826515214221061E-01   2.3499334924316452E-01  -5.5457269378040372E-01   1.6195833004665556E-02
   1.1254769934730890E-02  -9.6406090571734068E-01  -2.6544283795419483E-01   1.5757560093136719E-02
   3.1429903813433406E-01  -8.8338935144318870E-01   3.4761957422535201E-01   1.5036968705938114E-02
  -6.8479397156438484E-02  -9.1805357647146870E-01   3.9049737885552548E-01   1.4863787905942151E-02
   7.1634803055112126E-01  -6.9765658125291576E-01   1.0990621457563889E-02   1.4445405254237830E-02
  -3.8203645541277060E-01   9.1190333346676588E-01   1.4993484300804338E-01   1.4542585844623296E-02
   5.4334993738833698E-01  -4.1910943134578184E-02  -8.3845949120136999E-01   1.5161553342993157E-02
   4.3376457199848985E-01   6.5482376133996256E-01  -6.1891367545365376E-01   1.4251146542817161E-02
  -8.9851667068473624E-02  -1.7722221204927515E-01  -9.8006069479465303E-01   1.4335257947919950E-02
   4.7398442635188118E-01  -1.4317618009449148E-01  -8.6881490838349897E-01   1.4249771520012495E-02
   5.3893499560878641E-01   5.7759939309104044E-01  -6.1312968579984694E-01   1.5728110425787051E-02
  -2.7117990507004114E-01   7.4564222826024764E-01   6.0866996518745386E-01   1.5098726758065630E-02
  -8.4182434193037032E-01   5.1903190259753095E-01  -1.4811367735454437E-01   1.5659930622737537E-02
  -7.5038006905839225E-01   1.4432593653101184E-01  -6.4505796329040752E-01   1.5524486076733323E-02
   2.3890650737689083E-01  -1.0521371453822661E-01  -9.6532572482351479E-01   1.5101856055525917E-02
   5.8155773633398908E-01  -5.1718061436688209E-01  -6.2794491114522212E-01   1.4483344685653416E-02
  -2.5092767164605382E-01  -4.6132596146927715E-01  -8.5100743879048259E-01   1.3793954687510638E-02
  -4.6003319868829155E-01  -1.1617420329410030E-01  -8.8026871499196204E-01   1.4270491011802251E-02
   1.6202901228389072E-01  -2.0902329694160535E-01  -9.6439403799171650E-01   1.5556368334784027E-02
  -4.0113395563288563E-01   1.0049231165342766E-02  -9.1596428019399294E-01   1.8192859778807912E-02
  -8.8132228741855573E-01  -7.9242686309558756E-02   4.6582359575891976E-01   1.1521669883226437E-02
   3.8187728036781297E-01   1.0548942309660838E-01  -9.1817303617217351E-01   1.5537512105165392E-02
   7.9898345912667920E-01   5.2239748845558118E-01   2.9786959579196219E-01   1.5183171126196239E-02
  -9.2639827378043779E-01   1.4861663623602425E-01  -3.4597591501506883E-01   1.4820139615957518E-02
   6.8444255228933270E-01   4.9761400837388967E-01   5.3284021177622697E-01   1.4720636105862188E-02
   8.1442687918000320E-01   2.0957088426433205E-01  -5.4109971626104771E-01   1.5625321177961380E-02
   4.7381926886102032E-01  -4.6091590058917848E-01   7.5036779850955390E-01   1.5154477496728350E-02
  -3.6253095813226359E-01  -5.6667116466375775E-01   7.3990208509932129E-01   1.1517336784729321E-02
   4.3432169759136893E-01   8.4446633809728126E-01  -3.1343462926409348E-01   1.3566841296957634E-02
  -3.3981662591571297E-01  -6.4143732825220105E-01  -6.8781015889265439E-01   1.6157057017119706E-02
   9.6928656877582355E-01   2.4588532779669209E-01  -4.8941970846946265E-03   1.2571876768204506E-02
  -6.9036809069310764E-01  -7.1747372700547940E-01  -9.2861996584285044E-02   1.7440717533299714E-02
   5.4509289725656726E-01  -8.3730504184923493E-01  -4.2355640170964896E-02   1.4781900782511208E-02
   8.2162455157859746E-01  -1.9416298178813454E-01   5.3594200502144762E-01   1.5065417817064061E-02
   9.4326728569643467E-01  -5.4654819952673179E-02  -3.2750523414263410E-01   1.5160651503570326E-02
   1.4420878489029473E-01   1.8360249030904498E-01   9.7236513301988658E-01   1.5259646871516885E-02
   8.8771715584147727E-01  -3.1852729229302352E-01  -3.3241331996355540E-01   1.4589953101465567E-02
  -1.4011653469527534E-01  -9.8856415447978598E-01   5.5751853625271099E-02   1.4497218632927140E-02
  -8.7047920629859287E-01   4.9176556935442086E-01  -2.0798466272636826E-02   1.3769961510924029E-02
  -6.3415657752477736E-02  -6.9135137670252628E-01   7.1973031635699635E-01   1.6936316054421151E-02
  -8.2642609394311339E-01  -4.6545321265588084E-01  -3.1681732603859864E-01   1.1930094872775254E-02
   3.8875250915859629E-01  -2.2791734923835962E-01  -8.9270665312803352E-01   1.3072196857538254E-02
  -1.3525218048851528E-01   9.9041861133909065E-01   2.7889460128324201E-02   1.8365588736802392E-02
   3.2680405485106653E-01   5.6656681128707555E-02   9.4339235221427415E-01   1.4572194306427963E-02
  -3.6332195221510121E-01   7.7001572737982630E-01  -5.2447396372586965E-01   1.3376472582379161E-02
   6.3780801257748649E-01   3.8736448249261883E-01  -6.6569489767849532E-01   1.4606137346076211E-02
   3.0592308243903962E-02  -6.1009476663872916E-01  -7.9173763734986390E-01   1.5406182327330750E-02
  -8.8714446267312858E-01  -3.5466322922396891E-01  -2.9527732081017088E-01   1.5266853197972443E-02
   3.7151431409254138E-01   3.8122382011555924E-01   8.4654917955240396E-01   1.5138790410131235E-02
  -8.5467427536509106E-01  -1.6330604129567863E-02  -5.1890769352353967E-01   1.5755792408832984E-02
  -3.0975258663657627E-01   9.4385956283794687E-01  -1.1481489760179330E-01   1.5443282695348104E-02
  -1.0020336014112785E-01  -8.6010706233203197E-01   5.0017509728393072E-01   1.5728578740287662E-02
  -7.9490411265403571E-02   4.6884464999001709E-01  -8.7969652079145745E-01   1.4136148911489085E-02
   1.3308082072459144E-02  -9.9279429308589346E-01  -1.1908982562601124E-01   1.5942037977516445E-02
   4.8962077250275068E-01   6.1466133574991808E-01   6.1843588306948689E-01   1.3986233949283273E-02
  -6.9192986187143157E-01   8.7186707311806266E-03   7.2191207984855250E-01   1.5352277066182367E-02
   7.7247224206802052E-01   1.2646634456775633E-01   6.2232861008158302E-01   1.5786927778808843E-02
   3.3874554876215698E-01   8.0821420424995320E-01  -4.8170660493960433E-01   1.4528034415078165E-02
  -7.2124646600026505E-01  -6.9032144771269496E-01   5.7094956957488145E-02   1.5000176379566870E-02
   4.2985504627075563E-01   3.2478718514252253E-03   9.0289207025203364E-01   1.4661415158132184E-02
  -6.6572815966376186E-01   3.5308012945112450E-01   6.5737389636148311E-01   1.5359284529696646E-02
  -8.6542746136201706E-01  -4.8657285158906971E-01   1.1950802992676179E-01   1.5897226344586439E-02
   4.0301351386285784E-01  -8.1075717446676094E-01  -4.2456202337772301E-01   1.4472645515407012E-02
   1.8056736196388767E-01  -9.0969254839069915E-01   3.7397178395680850E-01   1.6260808927542791E-02
  -1.0498759947663018E-01   5.7337198920855740E-01  -8.1254056264727889E-01   1.3782461041341305E-02
   2.4155505311930154E-01  -9.5878654044753055E-01  -1.4959788156650921E-01   1.6292588365756768E-02
   2.3797504788248264E-01   9.3132303612766538E-01   2.7569054928175775E-01   1.4576845117233272E-02
   9.9188051634259117E-01   1.2667591582937520E-01   1.1236264892916478E-02   1.5508753721300303E-02
   4.4191585451005082E-01  -8.4510282386747981E-01  -3.0085144942955328E-01   1.6095206532022555E-02
  -9.9302148219087946E-01  -7.6999044842546622E-02  -8.9327951956620665E-02   1.7853476179366650E-02
   4.8024297935093969E-01  -6.2327502490960515E-01   6.1716685272952229E-01   1.3721331049821778E-02
   6.7682790608613716E-01  -4.6284982365476405E-01  -5.7242818439155218E-01   1.5075295882736783E-02
  -9.9432195485695000E-01   7.0402834153662707E-02  -7.9795307083721693E-02   1.5909007051831323E-02
   4.6238051992896860E-01   7.7665365735519671E-01  -4.2780059760011237E-01   1.7334041228150500E-02
   4.2944898906813246E-01   7.3457709199307981E-01   5.2532852740675473E-01   1.6553917324004716E-02
   6.5119365021764075E-01   6.0099595478267167E-01   4.6341201133666123E-01   1.5599231254646044E-02
   3.9745255546023354E-01   5.7550959289742040E-01   7.1471684927751297E-01   1.7760818398445918E-02
  -1.9182159962039914E-01  -3.3028681615595405E-01   9.2418347366344644E-01   1.3005144313770380E-02
  -7.0875798103698777E-01   2.6631533876872359E-01  -6.5325206823466928E-01   1.4362466065600109E-02
  -5.9399094669613718E-03  -7.1088333027014103E-01  -7.0328486989239138E-01   1.4595292303420894E-02
   5.0874824361341079E-01   2.9418449736588048E-01  -8.0909252012971535E-01   1.4987649086142431E-02
   2.1364323314232964E-01   9.7415171880759103E-01  -7.3382543405828339E-02   1.4541196043530870E-02
   3.0030580302711626E-01  -7.7826370059778460E-01   5.5147260766068946E-01   1.6457623924197823E-02
  -6.1865011145304338E-01  -7.4268177012582459E-01   2.5631197381688770E-01   1.5155797149780834E-02
  -8.1972672957910237E-01  -1.0153722055246603E-01   5.6368278460143592E-01   1.5877189446208504E-02
  -6.3913000179080734E-01  -5.0989704755961895E-01  -5.7577586064445789E-01   1.4978382710554623E-02
   1.9622594338509568E-01   2.5457590252012733E-01  -9.4693531405196402E-01   1.5379937271557404E-02
   1.2009685466251609E-02  -2.0671779323902184E-01   9.7832689905439611E-01   1.3550910482841231E-02
  -5.1663311312254931E-01   5.9474957342174903E-01  -6.1592464745287687E-01   1.2269056519255587E-02
   8.6578702719846774E-01  -2.5295859722832201E-01  -4.3176935002744141E-01   1.4360745980939936E-02
   7.5988084537690001E-01   4.3618666238939365E-01  -4.8199823275909299E-01   1.3703500210548562E-02
   8.4575027366305750E-01  -4.4948055663261579E-01  -2.8753035284661185E-01   1.4627842480253560E-02
  -8.0030017294096094E-01   5.9768017193430296E-01  -4.7937931403536095E-02   1.5305031664885451E-02
   9.0102498690958974E-01  -3.8271095295101925E-01   2.0417222988422425E-01   1.4014080233462902E-02
   2.1758512302294210E-01   4.1358163546384947E-01   8.8408537203492905E-01   1.6422693373828001E-02
   1.2758506527513522E-01  -9.9038767009990067E-01   5.3425780601033743E-02   1.4670820099492209E-02
  -5.8645667363485420E-02   9.8988560957962317E-01   1.2917881268485677E-01   1.3014986845265217E-02
  -1.1326576668326373E-01  -2.3613879201323353E-01   9.6509550667495247E-01   1.6865173169211749E-02
   5.7103049729612713E-01  -8.0655755735386751E-01  -1.5293488102163086E-01   1.3727418959789989E-02
   8.9969405127498056E-01   3.0897720675117232E-01   3.0835644927365484E-01   1.6615922920082670E-02
  -7.7320401275362469E-01  -2.0680413140771145E-01   5.9948945436462395E-01   1.3263669758600862E-02
  -5.6760618635739135E-01  -6.1046024172089801E-01  -5.5241425623066708E-01   1.3887716020182863E-02
  -3.0663189354411377E-01  -5.4640902172154248E-01  -7.7936773274421504E-01   1.4988531990725551E-02
   3.5403238501295408E-01  -9.0980981914802594E-01  -2.1658061626996039E-01   1.4701243400837262E-02
  -9.2168253373286059E-01   3.8750640471553285E-01   1.8441619132167271E-02   1.5668379069501496E-02
  -3.8796438916664936E-01   3.3831388382014733E-01  -8.5733735994244213E-01   1.4861157644069180E-02
  -6.6221985124180129E-01   1.6935677184100647E-01  -7.2991996304586699E-01   1.5511776507124444E-02
   9.6411990435241570E-01  -1.3443120634225216E-01   2.2891277988101861E-01   1.5158747933662699E-02
   5.4970702740212562E-01  -3.3357380221520038E-01  -7.6586598207546288E-01   1.4538909450239520E-02
   4.2231495490303210E-01   8.9530969323986031E-01  -1.4167085817484594E-01   1.6136510362794127E-02
   8.6300014053651157E-01   2.6212659961114743E-01  -4.3188007966362444E-01   1.5040876744960396E-02
  -1.0218075671705064E-01   8.4560173386925470E-01  -5.2394350901031412E-01   1.3408190344980519E-02
   7.9898200551652909E-01  -2.9207305462252328E-01  -5.2566252065774445E-01   1.4632767237580839E-02
  -1.9548848932857856E-01  -8.9959197242712036E-01   3.9053621302603085E-01   1.5603654139669065E-02
  -2.1103468339125965E-02  -9.6195833063139666E-01   2.7237990702861347E-01   1.5340446457559382E-02
   4.8635995341745781E-01  -2.6517126309239298E-01  -8.3254921592765498E-01   1.4774459396129935E-02
  -6.0809754295857239E-01  -4.2411841833169781E-01  -6.7107447088945804E-01   1.3242761590007205E-02
  -7.5681174721423296E-01  -2.7725585632091465E-01  -5.9191652233595952E-01   1.4597624728175868E-02
  -3.6991339976168662E-01  -7.8706200966284178E-01   4.9365723900520226E-01   1.6132725246268959E-02
  -3.8234913437499731E-01   6.9592369087940175E-01   6.0786458682463253E-01   1.1665866909094644E-02
  -5.7450253475527546E-01   6.6781562679411852E-01   4.7325376508733878E-01   1.4605397552010501E-02
   1.2991450169261686E-01   8.4183957497889956E-01  -5.2385909579705192E-01   1.3134723991379133E-02
  -5.8587389069689077E-01   7.7845937036499437E-01   2.2528380521161381E-01   1.4324873121567984E-02
  -2.0849611851334843E-01  -9.6426078039066762E-01   1.6349469705543475E-01   1.4957147682504601E-02
   3.3418944132010928E-01   6.2535587819653848E-01  -7.0515774328528033E-01   1.5299280481638211E-02
  -8.4771060648957412E-01   1.9981236508377742E-02   5.3008251983316192E-01   1.4599241778710252E-02
  -7.6959540241226163E-01   6.1369197529374979E-01  -1.7636631210626550E-01   1.3805946117821541E-02
   4.3943643140678068E-01   5.5524366616922380E-01  -7.0611620426912260E-01   1.5492342935855168E-02
   2.2009927005859761E-01  -6.8279641546430980E-01  -6.9666732832016906E-01   1.5253064714568377E-02
   3.8770633616977651E-01   2.5571723630503702E-01   8.8560289743785389E-01   1.4287150666984578E-02
   2.5424695577107634E-01  -8.5289196418364809E-01   4.5599756897608454E-01   1.3750925008181293E-02
   6.7106700005479593E-02   2.6225347470835567E-01  -9.6266287235863021E-01   1.5088717875198947E-02
  -1.6217796652861037E-01  -8.0547977871202611E-01  -5.7000055548979098E-01   1.5231646274648305E-02
   6.5256684562775566E-01  -7.5385683059672068E-01  -7.6527060247392624E-02   1.4375606298878844E-02
   5.8065552927104260E-01  -5.7699645916691402E-01   5.7438161742504352E-01   1.5458628072665367E-02
  -8.3591973605074123E-01   2.3758013737408383E-01   4.9476648351133345E-01   1.3611258763289564E-02
  -7.7789364059492580E-01  -6.2740760827006178E-01  -3.5230342133066874E-02   1.6353891433638400E-02
   8.9735525307409407E-01   4.2029498920722776E-01   1.3455731800100960E-01   1.3909661880156132E-02
  -4.8123021568233079E-01   7.6378913621753738E-01   4.3016698491446945E-01   1.4264180627618257E-02
   6.9627863859395056E-01   6.4372337383666557E-02   7.1487919232379262E-01   1.4218408591866045E-02
  -9.5227147278335912E-01   2.1265951500234949E-03  -3.0524501587426473E-01   1.8052659203355210E-02
  -3.9063130391744142E-01   8.6014606551137138E-01  -3.2795720816147206E-01   1.5365422420624152E-02
   9.3421261084225442E-01   3.5399341935060029E-01   4.3993826837053662E-02   1.6549148811355570E-02
   9.4553075086144193E-01   7.6193065419316825E-02  -3.1649046740368875E-01   1.4943053807715262E-02
  -7.6926642844742012E-01   4.4845603201970467E-01   4.5510037289469664E-01   1.3638370535883781E-02
   4.0841596169133183E-02   6.6983349389158588E-01   7.4138725001401812E-01   1.4784511681678345E-02
  -9.7206722248985109E-01   1.9481230984110354E-01   1.3089491546748657E-01   1.4611727157842169E-02
   9.9982854979871156E-01   7.7981368470059555E-03   1.6794644060554211E-02   1.4454194041840205E-02
   6.5653034701484962E-02   3.7885601708232590E-01   9.2312393390866098E-01   1.4815429119450618E-02
  -8.0175694700147612E-01  -3.0027549548033745E-01   5.1674019076215662E-01   1.6713601735497094E-02
  -6.0069728168244846E-01   7.5753256998949858E-02  -7.9587952595437974E-01   1.6320880734166856E-02
  -8.3517789125045176E-01   4.1149690799739628E-01  -3.6489475835510538E-01   1.5237211461317896E-02
   9.3808955456686344E-01  -3.2768939440200330E-01  -1.1228378515614909E-01   1.4460668328919261E-02
  -1.6392389181785429E-01  -7.9921700441533340E-01   5.7825698227057262E-01   1.2038544380623121E-02
  -3.9681945421273550E-01  -2.2350981692930003E-01  -8.9026832050485626E-01   1.7529546011853924E-02
  -6.0558396989227567E-01  -7.7374840036907404E-01  -1.8596093228366703E-01   1.4432467513537556E-02
   8.2903156940975577E-01   1.9286686398855634E-01   5.2488954047229485E-01   1.4519315341490568E-02
  -9.2635636628062183E-01  -3.3571030257063809E-01  -1.7077024155072562E-01   1.3321597413897658E-02
   7.5529205946411206E-01  -9.5519028955569531E-02  -6.4839032998483663E-01   1.6824246910645390E-02
   2.2571117443408224E-01   5.9880923513172392E-01  -7.6842824366140209E-01   1.6072434278948812E-02
  -4.8014821175391251E-01   6.8679970175390483E-01   5.4567743623890780E-01   1.5275225338912532E-02
   5.4424927135631424E-01   8.3193323936255954E-01  -1.0807319682437142E-01   1.4884575432188260E-02
  -3.3045343298257505E-01  -9.4300283779177203E-01  -3.9321451482562990E-02   1.0682984850111587E-02
   4.4055045633305685E-01  -3.8837340076195751E-01  -8.0937098848755830E-01   1.6140944371591475E-02
   5.8176988783118810E-01  -1.7687803637714070E-01  -7.9388787486662977E-01   1.7695414542160157E-02
   1.5230272674817997E-01   8.6523794946316883E-01   4.7766847314203202E-01   1.4651039523836875E-02
   8.6953505260582382E-01   2.5490626797229682E-01   4.2300305771734416E-01   1.5717205215807883E-02
  -7.1715135924261641E-01   6.9222041200345829E-01  -8.0776414517048440E-02   1.6005751570371582E-02
   9.5540477104725809E-01   1.9485749291508158E-01   2.2188348499828745E-01   1.5097094645070541E-02
   3.3524420113258264E-01   8.6560409417529111E-01  -3.7194203547589266E-01   1.3752820344315308E-02
   8.9748998505305017E-01  -4.3120997758759092E-01   9.2572576708144254E-02   1.3829378085783798E-02
   2.6688166903064636E-01  -7.1212677503743400E-01   6.4934554053308186E-01   1.1009592893745387E-02
  -8.2996490355316492E-01   1.1099135013214829E-01  -5.4666185075037807E-01   1.3293224369323508E-02
  -7.4321625379845412E-01  -9.8810283117489152E-02   6.6171453666972857E-01   1.5377838059281787E-02
  -6.9121550581239112E-01   4.5400252134089686E-01  -5.6223023321467593E-01   1.1662181201071220E-02
   5.3751248841717780E-01  -6.7914567498295728E-01   4.9984145180998806E-01   1.4759757006401525E-02
   7.4361312043660419E-01  -2.2023533057373771E-01  -6.3129701906599624E-01   1.5188465174112424E-02
   8.9033232340940511E-01   1.4065296086235723E-01  -4.3304168216588871E-01   1.4765283151375061E-02
   2.7483632683462015E-01  -2.3731712617614926E-01  -9.3174329891636329E-01   1.4386318416171100E-02
  -1.1702389362571645E-01  -1.7298913489322185E-02   9.9297842671065410E-01   1.1444202856799230E-02
   5.0352603364649208E-01   8.3606319385770788E-01  -2.1785286162150931E-01   1.4594594885739454E-02
   3.2289396660595581E-01  -4.3977122076390529E-01  -8.3805773053966667E-01   1.4844592386720187E-02
  -8.7850652516698808E-01   1.2864093640568372E-01   4.6008455170728446E-01   1.5281753621448938E-02
  -2.2226161744667276E-01  -6.4982977895020184E-01  -7.2685695415227380E-01   1.4156045302752636E-02
  -3.1810260955541949E-01  -8.6029819513000003E-01   3.9836885577326036E-01   1.3767396907277151E-02
   9.6649132478120520E-01  -1.3192661826686202E-01  -2.2020419277420821E-01   1.4447193256654202E-02
   8.9859032930801845E-01   1.1160283111468731E-01   4.2435860797360209E-01   1.6945512711155230E-02
   8.9636255376509819E-01  -7.1985182596623982E-03   4.4326330046889363E-01   1.2958290046291942E-02
  -6.0971463958470586E-01   3.0442423916396754E-01  -7.3182917466136299E-01   1.5568921015972563E-02
   5.6689401405737038E-02  -6.5120755516285209E-01   7.5677938123807262E-01   1.4559741417534961E-02
  -5.1028347196632317E-01  -3.5812838779117206E-01   7.8189183145502330E-01   1.7329114324074752E-02
  -1.5037903647784176E-01  -5.4667639855926690E-01   8.2372996828224334E-01   1.3624476348461938E-02
  -4.5225124098797433E-01   2.2468738418351552E-01  -8.6312478496078792E-01   1.5602515927708076E-02
  -9.4706466997990883E-01  -2.5098350748477944E-01   2.0018938494956217E-01   1.3738069889606558E-02
   7.0153783704869656E-01   6.8703004549624768E-01  -1.8929970885994640E-01   1.4900341721851068E-02
   9.3779447706799654E-01   2.7556907781632924E-01  -2.1119470195111600E-01   1.5047105948617343E-02
  -9.3124198204382651E-01   3.2261358626693596E-01   1.6943684615535056E-01   1.6331209560662838E-02
   4.0009409541518561E-01  -9.0736310082115387E-01   1.2890662543921058E-01   1.6287028527656572E-02
  -4.5843078256180467E-01   8.5920205297561089E-01  -2.2718505620367519E-01   1.4173485659270288E-02
  -3.1133717510161953E-03  -9.9932407346958616E-01   3.6629265628635714E-02   1.8281783845675267E-02
  -7.2887171932884200E-01  -4.2098135551171029E-01   5.3992658304082494E-01   1.3255301086325066E-02
  -8.8959116192896505E-01  -2.5111305086967061E-01  -3.8153610615615413E-01   1.3382259034018275E-02
  -3.8183279246694091E-01   1.3364677241141369E-01  -9.1451750055475145E-01   1.2420524282595613E-02
  -8.6140266814016221E-01  -4.5142916868725100E-01   2.3280281136478322E-01   1.0980373953055126E-02
   1.8415666150973317E-01   9.7089966693628042E-01   1.5310179869815105E-01   1.4651051100871493E-02
  -6.0140097336964490E-01   5.1037398095400074E-01  -6.1468306369641334E-01   1.7332857404816140E-02
   6.7776440248183540E-01  -1.6273261322195087E-01  -7.1704498556394327E-01   1.2930067929698820E-02
  -6.7215069054657750E-01   6.9221299578163169E-01   2.6278245312192720E-01   1.5198468107937703E-02
  -4.5853685549911986E-01  -8.7436440154187824E-01   1.5884220303588259E-01   1.4964052063226329E-02
   6.0849546666070661E-02   9.8867130877411852E-01   1.3720924122450794E-01   1.5532937076960548E-02
   2.7952243002872534E-01  -8.3932385167025316E-01  -4.6626460634305848E-01   1.4721933948582544E-02
   9.4267547024337190E-01  -2.5374845673997619E-01   2.1673642634203869E-01   1.4766808221177358E-02
  -8.1140420854134696E-01   5.1710660825081298E-01  -2.7244075698164276E-01   1.5162597305257152E-02
   7.0673963209170658E-01   6.9064653799174955E-01   1.5338334978376910E-01   1.3133964646171167E-02
  -5.7749937885150499E-02  -1.1830731171186006E-01   9.9129628500755213E-01   1.5300295177120721E-02
   8.3815847792182722E-01  -7.0815492254839451E-02   5.4081007012117545E-01   1.5687182106490862E-02
   7.2217201078821782E-01   3.7169758394258582E-01   5.8335966000859764E-01   1.4291035882487303E-02
  -2.1210498815251064E-01  -9.7465883582580641E-01  -7.1074803886517194E-02   1.8008597681018038E-02
   5.3658895958770198E-01  -5.1683535107680889E-01   6.6704835531309054E-01   1.5244132246163884E-02
  -5.8506740039950919E-01   7.7703772847353249E-01  -2.3218205253303523E-01   1.5495933019697460E-02
   1.1423330729926808E-01   7.6768683554762127E-01  -6.3056139592457638E-01   1.6306012525152581E-02
   5.4311826957341118E-01   6.6835396454585271E-01   5.0825733967295017E-01   1.6344354222806900E-02
  -6.6682121343505666E-01   7.3237311373959936E-01   1.3776462384938457E-01   1.5951173009472943E-02
  -4.9651517118094394E-01   8.0826327018219235E-01   3.1651725207569065E-01   1.4538292344807171E-02
  -9.9625540877214362E-01   6.9848693929926302E-02   5.0954101390688162E-02   1.7212759809630593E-02
  -7.2974639377640171E-01  -6.5401529439148067E-01   1.9933438105946954E-01   1.7836699950693906E-02
   1.7110409072127747E-01  -5.8695707114912432E-01   7.9133102224447551E-01   1.4264510197547393E-02
   4.8935458155269904E-01  -7.6248600650606599E-01   4.2325782142308279E-01   1.5269375361087702E-02
   3.3165416376216598E-01  -8.7847986186255191E-01  -3.4391662937573963E-01   1.4675253974664006E-02
   6.5482869029801138E-01  -4.2787893387681226E-01   6.2299197772285443E-01   1.8362365905269337E-02
   9.8641217371908602E-01   7.9645675563106683E-02   1.4369269258693771E-01   1.7460635263269475E-02
  -8.0178516952151053E-01  -5.5693258242658121E-01   2.1671788243479559E-01   1.4588353852667193E-02
  -3.1823381663877370E-01   8.4170891985289095E-01  -4.3618038950369966E-01   1.4229947847332291E-02
  -4.5072405077010131E-01  -6.3891379805570487E-01  -6.2340756228283353E-01   1.4491339515764531E-02
  -9.7719007085118221E-01   8.9862913107031143E-02   1.9241679312830150E-01   1.4348413777634682E-02
   9.4039566982179678E-01  -4.4309262723599109E-02   3.3718344178993309E-01   1.6514374516046723E-02
  -6.6822845383173987E-01   2.3101810787804550E-01   7.0717845507487711E-01   1.4804177474374022E-02
  -3.9592843174154443E-01  -7.0612929237767421E-01   5.8704522771664393E-01   1.3280725853498189E-02
  -4.3826190177789428E-01  -8.1259408847171972E-01   3.8421003738949659E-01   1.5263599986694682E-02
  -2.7098986344876325E-01  -9.6074356996808774E-01   5.9466685404474830E-02   1.5895334800673981E-02
   1.2267793928804446E-01  -9.9004562737877872E-01  -6.8991151028223933E-02   1.4903511689175042E-02
  -8.0282267681086274E-01  -1.3151125597036537E-01  -5.8153292181211710E-01   1.6196041265295384E-02
   1.4635923465306463E-01   9.2137514131359345E-01   3.6006502662869772E-01   1.5107704881219161E-02
  -5.8577647975506543E-01   7.2709071388622081E-01   3.5805727132148721E-01   1.5721070482355010E-02
   8.7005104529420567E-01   4.1909689845868296E-01   2.5955532798378899E-01   1.3986935939260975E-02
  -3.5096681008443337E-01  -2.5565370252309227E-01   9.0081267897681787E-01   1.7276787878937969E-02
   4.7340970571904712E-01   8.8081397034013662E-01  -7.0710808685819745E-03   1.5702995128869794E-02
   1.6369944996501106E-01   6.8807997570806023E-01   7.0692887698179944E-01   1.5685256076988447E-02
   7.3811159488055197E-01  -5.0352885119968027E-01  -4.4905452843994133E-01   1.4949434889067514E-02
   2.0251972173837300E-01  -4.7829280011718502E-01  -8.5453013970431399E-01   1.5474124647426721E-02
  -2.1919809916246428E-01   5.9346531701546636E-01  -7.7443599530451479E-01   1.6242075283056398E-02
   7.8363442798347628E-01   6.1558038154895244E-01   8.3533688599606374E-02   1.7499763841876476E-02
  -1.0180197320637889E-01  -9.8034320820868927E-01  -1.6900755122296202E-01   1.5168720841022493E-02
   5.2664737929103768E-01  -8.4624998787750929E-01   8.0644255239894846E-02   1.4613425774653299E-02
  -2.7726649909848721E-01   3.7246039287668808E-01   8.8566164205965911E-01   1.4599080801577071E-02
   9.5709021723679956E-01  -2.8973140230010741E-01  -5.8335744470317676E-03   1.5163103293412203E-02
  -5.6640498753525676E-02  -3.0793937222601028E-01  -9.4971848299061889E-01   1.7896063215199868E-02
  -6.4974539017071508E-01   3.8793289231059112E-01  -6.5371170940671117E-01   1.5548187743709968E-02
  -2.6173980386087736E-01  -5.4321560846044594E-01   7.9775251663646731E-01   1.5729094879487554E-02
   5.8108162829760132E-01  -2.6696652594867882E-01   7.6881273095462043E-01   1.5869825427988319E-02
  -4.3770894407303782E-01  -8.9628451032107001E-01  -7.1308883296446063E-02   1.6983484109838984E-02
  -5.4996173560373842E-01  -7.5131867751028602E-01   3.6477710207182489E-01   1.5997748366870887E-02
  -9.1444446608710237E-01   1.5485628474134724E-02   4.0441502661676071E-01   1.4982046841865619E-02
  -9.9794634989567772E-01  -5.6503469935695607E-02   3.0173508498677494E-02   1.3281058926852520E-02
  -5.1237679609864938E-01  -8.1319473867569520E-01  -2.7601510069170265E-01   1.5241206360907062E-02
   4.8747338206798627E-01  -8.4837795102599340E-01   2.0645714806742900E-01   1.5077857952072994E-02
  -1.1988068619773819E-01   7.7061961068156872E-01  -6.2591855437408696E-01   1.5918013652694666E-02
   6.5251389453936994E-01  -7.0806026328832611E-01   2.6995607232498071E-01   1.5007536087272188E-02
   5.9022831951987999E-01  -6.6962186097423295E-01  -4.5081824956643394E-01   1.5029901922968813E-02
  -2.9904198974844891E-01  -8.6133602832378581E-01  -4.1069956741965896E-01   1.3866164952263133E-02
   2.0221161253288753E-02   1.3724525594503675E-01   9.9033067424883380E-01   1.5634976034707541E-02
  -9.5927159217370583E-01  -1.3435386781482636E-01   2.4848953831443201E-01   1.3603100939321381E-02
   4.8043743799305040E-01  -3.4691702102712458E-01   8.0549888187156373E-01   1.4420206824870874E-02
  -5.6480505466360586E-01   2.0131193355173531E-01  -8.0029291864673073E-01   1.3897212944557204E-02
  -8.3162737190069719E-01  -3.7674695659705137E-01  -4.0799221193596206E-01   1.8261347039939083E-02
  -2.6433064388346716E-01   9.0300206609366959E-01  -3.3869836039567058E-01   1.4930413631507160E-02
   9.4133752659593561E-01  -3.2008377953510969E-01   1.0691134224564489E-01   1.4360881359129418E-02
   1.0680283932158305E-01  -6.7996442166109716E-01  -7.2542507455142315E-01   1.1332236406761571E-02
  -8.9667833517905233E-01  -4.3400613048213569E-01  -8.7216064600775613E-02   1.4943343145644616E-02
  -8.8314945916460683E-01   4.5635623587985634E-01   1.0856343192268445E-01   1.4855510937379601E-02
  -6.4607198652970962E-01  -5.4196923321819099E-01   5.3745728989980285E-01   1.7690153448601995E-02
   2.2920764379043077E-01   7.9007546456187895E-01  -5.6854605470917674E-01   1.5991135953605635E-02
  -5.5331359035697396E-01  -5.3558195736802165E-01   6.3796241085828375E-01   1.4260974154725458E-02
  -9.5138700004816332E-01  -3.0412511463640208E-01  -4.8689740056313910E-02   1.6181358821236107E-02
   4.3300244099928963E-01   8.8072695321844953E-01   1.9190862399382602E-01   1.5045080816156581E-02
   3.7542796186036717E-01  -6.6604678518869073E-01   6.4454288095764491E-01   1.6464614530179715E-02
   8.2295193969497617E-01  -3.9598318896561046E-01  -4.0736644315517924E-01   1.7918973290174049E-02
   5.8633172414733998E-02  -8.2021266641269878E-01   5.6904598491576665E-01   1.3745589730805545E-02
   7.0534565386024947E-01  -6.1398332647172608E-01   3.5427670456180289E-01   1.5314210479567433E-02
   9.7469222827807850E-01  -2.0421715112945602E-01   9.0941823815464406E-02   1.5334181075866326E-02
   1.9374931512967219E-01   7.7639511567705499E-01   5.9972646034637779E-01   1.7670992855395757E-02
  -1.7388114904664375E-01   9.7958230086056712E-01  -1.0091512199336680E-01   1.4461393024132589E-02
  -3.8712210694166095E-01   8.7683735304778274E-01   2.8511880088343421E-01   1.4621772996349006E-02
   3.0177155742580668E-02   9.3979825719841905E-01   3.4039473415154657E-01   1.2797166360826217E-02
   7.2023303433296392E-01  -6.4250626743378234E-01  -2.6162964771569834E-01   1.4077471039950683E-02
   6.9794290647064274E-01   5.3381757506045364E-01  -4.7740391270274322E-01   1.4021515553308281E-02
  -3.1833693169639483E-01   2.4126141357735804E-01  -9.1676307093860405E-01   1.5907902834996903E-02
   4.5688558362854863E-01   8.3054947521414117E-01   3.1850138570171897E-01   1.4578235112809643E-02
   6.5459730965451514E-01   7.5185013719940760E-01  -7.8890641943787125E-02   1.6038667724384787E-02
  -8.9821024884990201E-01   7.4234203807414136E-02  -4.3325238815969218E-01   1.5460079607588168E-02
   8.9314945823424150E-01   3.2436164024603986E-01  -3.1156631973430535E-01   1.4584172105363220E-02
  -4.7997912401264022E-01   5.2122613566274109E-01  -7.0565101573946895E-01   1.5906700364209404E-02
  -8.9250194068875288E-01   2.9296737912035219E-01  -3.4294372809276123E-01   1.7930374864368512E-02
   6.1317844761907522E-01  -3.9885039522780951E-01  -6.8185816237842402E-01   1.4792446759589974E-02
   8.4423327265012595E-01  -5.8848063863675781E-02  -5.3273547538150198E-01   1.5320115083200525E-02
   3.4119122270686448E-01   4.2175166405729527E-01  -8.4006790404865316E-01   1.3274259627060207E-02
  -1.4853659378158243E-01  -9.4845961164282961E-01   2.7993078678505134E-01   1.4567359365542880E-02
  -1.0118079792592047E-01   9.7375751804178918E-01  -2.0385961392136695E-01   1.4297757296201318E-02
   7.4838366844159729E-01   6.6120498010390518E-01  -5.2248053511032326E-02   1.5427962210648821E-02
   9.3388081738089372E-01   3.1211060995507109E-01   1.7450955871088302E-01   1.5653106983926226E-02
   6.9122657783928085E-01   6.1543905588980152E-01  -3.7873551005162742E-01   1.4508149590607457E-02
  -2.1264802001364948E-01   1.6812531398025480E-01   9.6255633517385117E-01   1.4697733727124148E-02
   6.0841656181818182E-01   1.3360714297961022E-01   7.8229049505293657E-01   1.6016127325138764E-02
   7.7411064908198143E-01   5.0869063873665538E-01  -3.7681100971119043E-01   1.4939576368254183E-02
  -1.8428094854627444E-01  -6.3591248879189778E-01   7.4943701443242041E-01   1.4970765445958747E-02
   5.5551103032774298E-01   3.9455300395537618E-01   7.3193949357443361E-01   1.5114615680352336E-02
   1.0876378024694504E-01   9.5108082886329867E-01  -2.8916378935664628E-01   1.3623689210795539E-02
   2.2298358652427876E-01  -2.7509432975943939E-02   9.7443396453434001E-01   1.4649216301966760E-02
   2.2824893753945700E-01   7.0292117385256691E-01  -6.7364994311722359E-01   1.3771194067506942E-02
   4.9159984525630857E-02  -4.2387839608688047E-01   9.0438398993583106E-01   1.3993866654395608E-02
  -2.8163425487882092E-02   4.5545376721437165E-01   8.8981384985570173E-01   1.4551139121885336E-02
   2.7388043178800107E-01   8.2106309165849324E-01   5.0084419593304154E-01   1.5328473729871476E-02
  -7.2632375004186116E-01   1.3650116771276228E-01   6.7366255747086043E-01   1.4489471473049477E-02
  -9.5736152162972096E-01   2.8300951399510463E-01   5.8004585086698154E-02   1.3127376524299856E-02
  -5.1225512458459903E-01  -2.4294908404694721E-01  -8.2375386487564732E-01   1.4548184351301578E-02
  -4.3309177190923815E-01   4.4134483132579385E-01  -7.8590473784455774E-01   1.4994307302967497E-02
  -1.8767280493957198E-01   6.9018320906313643E-01   6.9887485017950403E-01   1.5373087179368005E-02
  -9.6605955292472724E-01  -2.1972570462383655E-01  -1.3582913873847064E-01   1.4896166569609682E-02
   1.8725662087791803E-01   2.4884833935507533E-02  -9.8199577543764711E-01   1.5792625728825022E-02
   4.2496835169837945E-01  -7.2696032840477675E-01   5.3937981143196456E-01   1.5775453783891421E-02
   3.5719646273978189E-01  -7.6646025954046148E-01  -5.3380647949547777E-01   1.4977533415828765E-02
   6.8738812553472747E-01  -1.9928982066096143E-01   6.9841329616121683E-01   1.5714320155704859E-02
  -2.7921416264003893E-01  -7.5612086084887266E-01   5.9187895314023597E-01   1.5295206479158087E-02
  -4.8248450073500830E-01  -7.2709010339745772E-01   4.8841446343445245E-01   1.5307336950927972E-02
  -7.4110300296061737E-01   6.6949538435688928E-01   5.0420921526448632E-02   1.3320435410428734E-02
   1.1878359032096372E-01  -9.5490085055698141E-01   2.7213016054089766E-01   1.4830673426261395E-02
  -6.8229757936121080E-01  -2.2195070950738835E-01   6.9656865831517222E-01   1.6188726432313343E-02
  -9.8079302742742839E-01  -1.5089261523624402E-01   1.2359796121662602E-01   1.6976930155692915E-02
   6.0680671628542457E-01  -6.9378545890649734E-01   3.8787542598210711E-01   1.4646264544943803E-02
  -1.0618913248140278E-01  -9.5205714594322170E-01  -2.8689903973574732E-01   1.2032389286873308E-02
   2.0801440392230361E-01   5.1754363136464931E-01   8.2998710676415967E-01   1.2610076007361024E-02
   6.5800258390723866E-01   3.2374411719103961E-01   6.7986935962403229E-01   1.5604567822636878E-02
  -9.3465124432919957E-01   1.0865215550883553E-01   3.3855835623591215E-01   1.3734022777828016E-02
   3.2697833857371079E-01   7.2337075613570007E-01  -6.0812820627828232E-01   1.5095935695110944E-02
   7.5129945617017312E-01   5.1169696065427494E-01   4.1679173170251289E-01   1.4027181608040173E-02
  -4.6605577380531748E-01   8.8240035139985444E-01   6.4510739820127298E-02   1.4663100906624424E-02
  -9.2872076725320731E-01   3.1642003725171430E-01  -1.9327725292500822E-01   1.4633878557247832E-02
   4.8178406001955860E-01   3.2592909022563016E-01   8.1342138382007362E-01   1.5610662190126484E-02
   3.8873859148843914E-01   6.7050431797212404E-01   6.3190684999319408E-01   1.3984096760255635E-02
   6.4338720093036849E-01  -5.9439001360677004E-02  -7.6322992262897493E-01   1.3995259957301562E-02
   9.6653846956139872E-01   1.4038777392887911E-01  -2.1469666925502841E-01   1.4852144697151716E-02
  -5.2689163863697539E-01   1.0238147534172987E-01   8.4374358346673883E-01   1.4582753715010974E-02
   7.1337535693177063E-01  -3.4607847699876197E-01  -6.0936465919897759E-01   1.5222593796353902E-02
  -9.8759424880915513E-02   6.3217303144622594E-01   7.6850753692418640E-01   1.4487699461828061E-02
   4.3936216097597604E-01  -8.3202889546936056E-01   3.3865736166006525E-01   1.4520402531312011E-02
  -8.3262799339225050E-01   3.1630756297310602E-01  -4.5462088626195873E-01   1.4038612622165221E-02
   4.9463583851132151E-01  -2.2119390495948696E-01   8.4048119768914233E-01   1.6945047663798582E-02
   5.8452630005503705E-01   8.1132875636360033E-01   8.6402338777780851E-03   1.4115162345259295E-02
   5.8452102593885992E-01   6.9868884092700636E-01  -4.1251554370648761E-01   1.4884904105070377E-02
  -6.5040466899696163E-01   6.3655289372078556E-01  -4.1445648751424677E-01   1.5272401371219832E-02
   3.2431108760157307E-01   2.1949349777376157E-01  -9.2013310064018707E-01   1.5137801818333436E-02
   7.7569965455893310E-02  -3.0393935057061600E-01  -9.4952818369645228E-01   1.4314596642519017E-02
   5.9014700941713265E-01   5.6155053563536263E-01   5.7998922679964683E-01   1.5052257563120264E-02
   9.3931679742195921E-01   3.3229477386722363E-01  -8.5229908726247831E-02   1.4719498946964202E-02
   4.6967428171492251E-01  -5.7939575204424951E-01  -6.6611307719384260E-01   1.5402912614160961E-02
   8.9350995008474498E-01  -1.1425815606090157E-01  -4.3426379410805040E-01   1.4417480554179307E-02
   7.9204818490144113E-01   3.2584461509763400E-01  -5.1622181240839415E-01   1.3662062070452369E-02
  -1.2307135406556468E-01  -7.3376473436025406E-01  -6.6816371977060704E-01   1.5279435791773014E-02
   8.5934464716430660E-01   5.0845862939693597E-01   5.4741205520545364E-02   1.3841473732206632E-02
   8.9886645894335597E-01   3.9824972317939701E-01  -1.8285580924369302E-01   1.5258915817381852E-02
   9.5107898684652667E-02  -9.7139347103512676E-02   9.9071612223284883E-01   1.7111501217832523E-02
  -8.1589532575092320E-01   4.7435625546898965E-01   3.3060695745134207E-01   1.5891453437848202E-02
  -6.4714950632649834E-01  -1.1333586002822686E-01   7.5389156998406043E-01   1.4458365152653779E-02
   3.0871019707262092E-01  -7.1290310818475663E-01  -6.2965639245853495E-01   1.2396348368847449E-02
  -7.3274922313024681E-01  -7.5014557436139384E-02  -6.7635153003056025E-01   1.4037977066826718E-02
  -1.0275803931030593E-01   1.0218800322869050E-01   9.8944347860463199E-01   1.5075613318433001E-02
  -9.6130385711987322E-01  -7.0875818015886480E-03   2.7539909308249379E-01   1.6613806826621928E-02
   3.8634897980934690E-01   9.1873137230601802E-01   8.1652503580587811E-02   1.3844087849364308E-02
  -4.2268344618313014E-02  -5.9726467098517899E-01   8.0092964724512061E-01   1.3413805038979420E-02
   2.6478526689207537E-01   9.6287929466394182E-01   5.2461665474540088E-02   1.5903847386785345E-02
  -2.3612860995565565E-03   8.0608643064246283E-01  -5.9179311474707958E-01   1.4856524652107614E-02
   8.6544737667141014E-02   9.9208574488706666E-01  -9.0971881227112962E-02   1.6411163141291583E-02
  -6.6882585760214743E-02  -3.6325706769073491E-01   9.2928522128287198E-01   1.7078646118637211E-02
   3.7957465232290492E-01  -4.3001433135716276E-01   8.1915246330667770E-01   1.3530380254733984E-02
   4.1394873298135639E-01   1.3171150232892490E-01   9.0072111478380882E-01   1.5730994408972469E-02
   4.6488578209051585E-02  -9.8627032740406512E-01   1.5846025804087016E-01   1.4656092174496686E-02
   7.6629807245311685E-01   1.3371543398814904E-01  -6.2841661886681414E-01   1.4996554721367671E-02
  -4.8869082984155740E-01  -7.0593297759110820E-01  -5.1267914330321842E-01   1.5548463475777336E-02
  -8.3070710893631662E-01  -2.5313792860898476E-01  -4.9582949515152776E-01   1.5923031050869114E-02
  -1.0960699546677992E-02  -4.1732071353690836E-01  -9.0869317435451950E-01   1.5453881222200839E-02
  -7.0585191442899857E-02   9.0566702607903994E-01  -4.1807292261292969E-01   1.4033304025635353E-02
  -5.4297278703007121E-01   7.1832497079193320E-01  -4.3495952556710975E-01   1.5602215382724531E-02
  -9.9015760727682433E-02  -6.4285962996839849E-01  -7.5955735483530943E-01   1.4914743552852847E-02
  -7.2792154221193792E-01   6.1479101538314733E-01  -3.0358233774044323E-01   1.5884870708496656E-02
   9.4206016474041724E-01  -2.5163829399386057E-01  -2.2181256728399563E-01   1.4647548987863885E-02
   1.1768705390321834E-01  -9.7364310485085532E-01  -1.9536852796693572E-01   1.4252778159164596E-02
  -7.3727311548771368E-01  -5.9576785665256482E-01   3.1857340466311576E-01   1.5478878675967074E-02
   9.9297032807430767E-01  -1.1828884241316761E-01   4.2044410513782661E-03   1.3780219416025196E-02
  -7.8153613310381064E-01  -5.6885906554971619E-01  -2.5612621145647400E-01   1.7863023811718421E-02
  -5.0797324069329610E-01   7.9403683252907422E-01  -3.3386927880046961E-01   1.5170467378847121E-02
   5.5097524314372625E-01  -7.7752232538370433E-01   3.0312590613906396E-01   1.5427873043738477E-02
  -7.5480658480987674E-01   6.3256046219688588E-01   1.7359228437033844E-01   1.4921163996220232E-02
   5.2608624409748880E-01   7.0498742722714444E-02   8.4750409500244536E-01   1.3953153986535569E-02
   7.1810801815033133E-02  -5.1356301784490714E-01  -8.5504165713999782E-01   1.4589683621827632E-02
  -6.0327105846552031E-01  -7.3203287495308755E-01  -3.1653104114100405E-01   1.5493174437214538E-02
  -1.8925312905851718E-01   2.7236016098606103E-01  -9.4339980700083199E-01   1.4406985921435921E-02
  -6.7512939311096342E-01  -5.9851738374081460E-01   4.3125079004875201E-01   1.3913122084447635E-02
  -8.5624936187169371E-01  -5.1656219806042464E-01   7.2514088290458680E-04   1.5231231609222115E-02
  -6.3165485031904102E-01  -7.7464805069102924E-01   3.0537642820270107E-02   1.5166286349231032E-02
   7.7352769096112075E-01  -5.3734881814935633E-01  -3.3602255720389795E-01   1.5346064060457429E-02
   5.7263702229687707E-01   1.7562922961977511E-01  -8.0077538323685395E-01   1.5243698476289933E-02
   5.4819860008705267E-01  -7.9304042477323726E-01  -2.6564107276187383E-01   1.3875007797878731E-02
   3.4109235955301508E-01  -3.3499822205941276E-01  -8.7831212758995249E-01   1.4766326441727879E-02
   1.0352380826146534E-01   9.6336756535075487E-01   2.4739796917760328E-01   1.4878126531063180E-02
   5.3064029147259619E-01  -6.3228502800373922E-01  -5.6447898493051882E-01   1.4859080429287859E-02
   9.7301269585299348E-01   2.0050832492512418E-01  -1.1420466428570601E-01   1.4812422297857709E-02
  -4.0525444136426287E-01  -3.5826116562878813E-01   8.4108131292809105E-01   1.1838717402432938E-02
  -8.6108690341544082E-01  -3.0660796375176624E-01   4.0561176182453460E-01   1.1087893519036478E-02
  -3.1428359425702456E-01   6.4858626658091624E-01   6.9322556010544982E-01   1.4807495373597339E-02
   7.9122503789102474E-01   1.1834956378125194E-02  -6.1141056027997624E-01   1.2225924005110371E-02
  -4.2846860584373285E-01  -1.2960105850162380E-01   8.9421374371096913E-01   1.5193976922523577E-02
  -5.6523467510378964E-01  -3.3555898758189952E-01  -7.5359798826252442E-01   1.7264816111453018E-02
  -6.2836293691986933E-01  -1.9950749248720169E-01  -7.5190210795482244E-01   1.5111218236571839E-02
  -5.2578058690148763E-01  -8.4998783744243979E-01   3.2794064058172525E-02   1.5850350998586510E-02
   5.2097236587882811E-01   8.4691698410521283E-01   1.0639274422979743E-01   1.4805803297336181E-02
   3.3565432806556549E-01   5.2584229191036522E-01  -7.8155361689989497E-01   1.3838798988563683E-02
  -7.4657069429520781E-01  -4.6755022883052523E-01  -4.7331699942015053E-01   1.5813085825726163E-02
  -8.8993466236953526E-02  -9.9465381545138509E-01  -5.2382729741149036E-02   1.2054932723522986E-02
  -3.1220386285053298E-01  -9.3713839691245155E-01  -1.5588576924647810E-01   1.5843061920908594E-02
  -1.3908851151966281E-01   1.6593595214026565E-01  -9.7627846731890386E-01   1.5322081403580916E-02
  -5.6441665951932771E-01   4.2310657533937252E-01   7.0881214744220564E-01   1.5402408716924689E-02
  -4.3329672331675563E-01   8.9577021502432163E-01  -9.9245510922376567E-02   1.6876073027366556E-02
   5.0079914657622417E-01   1.9897425630844931E-01   8.4238320265483999E-01   1.5039475605137971E-02
  -9.0938390103283417E-01  -4.2187055324143187E-02  -4.1381296850797477E-01   1.1020673939497944E-02
  -7.9880315198317610E-01  -5.9526614976600313E-01   8.7015718835744149E-02   1.3810479230463450E-02
   6.8897807119599558E-01  -6.0421315181386026E-01  -4.0029449732191748E-01   1.4902271383092287E-02
  -9.4133931045624876E-01   2.1863105287976356E-01  -2.5706179277839025E-01   1.1984155934492228E-02
  -1.5516933031582680E-01   4.2230018079431737E-01   8.9307616485405354E-01   1.5567940372389344E-02
   9.2202953982788429E-01   1.9147905693554822E-01   3.3644806202421917E-01   1.1162931527782633E-02
  -1.9933315648869672E-01  -9.1281528666859053E-01  -3.5641905834058844E-01   1.6893726552434314E-02
   2.7770437952704125E-01   6.8315497571889052E-01   6.7541065785344489E-01   1.3751964362782305E-02
  -6.1919000157786898E-01  -3.3178401666789358E-01   7.1170436856163634E-01   1.3908968628083042E-02
   3.7006107761406159E-01  -8.1232693107717608E-01   4.5075465153657177E-01   1.4482741991519290E-02
   7.7477108407240482E-01   4.1652393787101491E-03   6.3222813767356846E-01   1.5079234391157665E-02
  -1.2587307377144185E-01  -4.4927316725430266E-01  -8.8448266827825214E-01   1.4917459085674050E-02
   4.5294965320814037E-01   2.0230828192361061E-01  -8.6827874022328916E-01   1.4851228538055460E-02
  -7.1724987329562326E-01  -3.1944900108133507E-01   6.1927776882877818E-01   1.5373738696164376E-02
   3.3957163388790299E-01   9.0502035370901126E-01  -2.5618209311174746E-01   1.6792783239621973E-02
   2.7888037565207985E-01   1.9346373584236360E-01   9.4063676251253909E-01   1.6947039547970017E-02
   6.4217240063855616E-01  -6.0607195758838203E-01   4.6935209606765377E-01   1.4315919094609204E-02
   1.7931523459005060E-01  -7.7867709256306483E-01   6.0125538015176811E-01   1.7113566909882599E-02
   4.2318826132755358E-01  -6.7759637337754021E-01  -6.0147722339267959E-01   1.4536792012008852E-02
   6.3467162644231773E-01  -5.6943485096550805E-01  -5.2243265316684839E-01   1.5359659259946303E-02
  -5.8191174946280677E-02   2.6730688288976804E-01  -9.6185280449667924E-01   1.5349117554561253E-02
  -9.8855546343088391E-01  -2.4440539461466728E-02   1.4886489093061205E-01   1.4664114541944622E-02
   3.7411901605743351E-01   8.2485384539567228E-01   4.2385268143564944E-01   1.6619119379113769E-02
  -3.4740235402808883E-01  -2.5129689361064371E-02   9.3737938057563372E-01   1.6756194728070203E-02
   8.2786613374366115E-01  -1.7849640066299523E-01  -5.3176752397140436E-01   1.5326144716018019E-02
   9.2412736990572845E-01  -1.8651654432961542E-01  -3.3346691422457408E-01   1.6104402403605321E-02
  -5.0357000682406347E-01   3.1893953093903197E-01  -8.0292890334798823E-01   1.4872507048539221E-02
   2.0918535647986544E-01  -8.9971890367337472E-01  -3.8307620783229573E-01   1.4601207745938471E-02
   7.6838254264343994E-01  -1.2673890284268882E-01   6.2731612339157489E-01   1.3462591323937656E-02
   8.0408331206668144E-01   3.1031265724233900E-01   5.0710559256536953E-01   1.4293804764173576E-02
   2.2397938386268005E-02   8.7410469927800313E-01  -4.8522088481036824E-01   1.5253222016830885E-02
  -2.5263179179702657E-01   4.8631613552062447E-01   8.3646505850854850E-01   1.5128535319866274E-02
   3.0275947214133247E-01   9.4141756207402558E-01  -1.4855866130017401E-01   1.3036580945988025E-02
   8.3636453919088022E-01  -5.4038670833689774E-01  -9.2068252057043320E-02   1.3247502200637033E-02
  -6.4257144897278877E-01  -6.0544246507001453E-02  -7.6383003814979035E-01   1.6271841404035480E-02
  -2.9267267812647478E-01  -3.8159662284574711E-01   8.7677062046523737E-01   1.6479543648442403E-02
  -1.9251515333964896E-01   8.8591900677596733E-01   4.2200169332325572E-01   1.4002042804027638E-02
   3.2404537523919114E-01   4.9141224046938862E-01   8.0839879063674242E-01   1.5601302659603604E-02
  -6.3298483203102424E-03   9.4626496269819444E-01  -3.2333040900915346E-01   1.5752499086223301E-02
  -6.8610539017595062E-01   6.9550595913515049E-01  -2.1337960160006144E-01   1.5117957823623953E-02
   5.5869288682807995E-01   7.6450145784153828E-01   3.2155836043534753E-01   1.3799834497102865E-02
  -6.8066070705833370E-01  -6.4133813048038454E-01  -3.5409942708055086E-01   1.3251688217931565E-02
  -4.5633094978453758E-01   4.8807711311643506E-01   7.4400456713696891E-01   1.4868811460152513E-02
  -3.3167930080437950E-01   7.1327388058801455E-01  -6.1743761845941378E-01   1.4320517897085496E-02
  -8.7083043634925658E-01  -1.4574010505395027E-01  -4.6948287818260938E-01   1.5985508062114288E-02
   7.6076555191993033E-01  -4.0310451756937384E-01  -5.0866739911962710E-01   1.2032670496062283E-02
  -2.8874003084654621E-01   8.8937555440788802E-01   3.5445778000827896E-01   1.4099303679961900E-02
  -4.0592445801622032E-01  -9.1229216366862981E-01   5.4298641723782559E-02   1.5985371417618329E-02
   1.1196428075591231E-01  -9.3969437443886310E-01  -3.2316943308853476E-01   1.5136339594504297E-02
   1.1723932954707338E-01   5.7026737363341437E-01  -8.1304985220870698E-01   1.3680466666438388E-02
  -1.8218226157233619E-01   9.3428618170177699E-01   3.0646199478810256E-01   1.4057433693745271E-02
   9.2360363949794965E-01   2.0249111745472885E-01  -3.2550524490102543E-01   1.4940346936510080E-02
   7.9961938318397844E-01  -5.6109746661412245E-01  -2.1395904981020956E-01   1.5710274288949079E-02
   2.5740962122435511E-01  -2.7456353000460183E-01   9.2647458405103915E-01   1.5197114995024594E-02
  -8.2738242360817686E-01   5.2535737711600694E-01   1.9858990763391988E-01   1.3613899684306125E-02
  -6.9327562811582827E-02   4.3057846026011858E-02  -9.9666429199114290E-01   1.5207523713985788E-02
  -7.4135775099714305E-01  -5.0412397919425853E-01   4.4299853119147556E-01   1.3453518909356647E-02
   1.3441137423072311E-01   1.4660969171752238E-01  -9.8001998998586827E-01   1.5293479323084824E-02
  -7.5836013213674160E-01  -6.3286440403890171E-01  -1.5611712297512216E-01   1.1724249459023770E-02
  -3.1653259424369935E-01  -1.3834368400436249E-01   9.3843920521121386E-01   1.2512332285420586E-02
   5.6190706139453663E-02   3.5763200632848470E-02  -9.9777933333179653E-01   1.4227585180133301E-02
   1.0115357035913024E-01   4.6573584107782730E-01  -8.7912347343199144E-01   1.4556489780757420E-02
   7.2609196572388592E-01   2.5971017851026805E-01  -6.3666402481166475E-01   1.7276471855183935E-02
  -9.1558246578045885E-01  -2.3627033466390963E-01   3.2539987294585563E-01   1.6817092943740552E-02
  -3.7614267684837714E-01   8.3220337181560335E-01   4.0737480848977138E-01   1.5900315280853376E-02
   5.3796488460637963E-01   7.7822495026171631E-01  -3.2397485970456694E-01   1.4386133202181325E-02
   3.5249320654375049E-01   8.8695486351068311E-01   2.9842856672116750E-01   1.4823762906873438E-02
  -9.3603419996926042E-01  -2.3391502990306380E-01  -2.6291393130329820E-01   1.6528522082374759E-02
   2.2825674970129385E-01   4.7671973250256485E-01  -8.4890350032172907E-01   1.7626731228668011E-02
  -1.7914138344373040E-03   5.7104022525618098E-01   8.2092012521063448E-01   1.5862432847285359E-02
  -1.8228049935257482E-01   2.9817132049489107E-01   9.3694593397383876E-01   1.5352530577463103E-02
   5.8242898091102537E-01   2.6736963871220291E-01   7.6765223798921509E-01   1.4386979934107646E-02
   7.8145602147493882E-01   6.0473513635347480E-01  -1.5369418128251989E-01   1.2480830386634007E-02
  -8.6343108478269083E-02   2.2046588650175142E-01   9.7156557190305310E-01   1.4629324049421716E-02
  -5.6587217600852692E-02  -4.8689106504528103E-01   8.7162777467406673E-01   1.4435585669324916E-02
   7.1476003423137699E-01   6.0763225392123008E-01   3.4626743632655743E-01   1.5560083068828292E-02
  -5.8322136189642259E-01  -2.2700709878554108E-01   7.7994911380721099E-01   1.4364223121650764E-02
   1.1690414094757652E-01  -8.0073557514688342E-02  -9.8990991873819051E-01   1.4489761619628163E-02
   7.4311419291233216E-01  -2.7705547851502076E-01   6.0911538982122763E-01   1.6609375453656181E-02
   7.8517536303283996E-01  -5.3616448999886969E-01   3.0988270192203359E-01   1.2306947058935104E-02
   2.3334729968798835E-01  -9.3453880994380416E-01  -2.6867499034547726E-01   1.4711929932391784E-02
  -2.3216278227551203E-01   5.9156318074187028E-01   7.7210973683580395E-01   1.5041872627113745E-02
   4.3992263134291302E-01   4.5650469360125240E-01   7.7335085385118320E-01   1.4685468539741455E-02
  -8.7022046220110809E-01  -4.4805985108815686E-01  -2.0483827037286834E-01   1.5655562267345595E-02
  -1.9101352171524673E-01   5.4657874783227073E-02  -9.8006446280136074E-01   1.2292531813900844E-02
   3.5772554414802910E-01  -1.1642110428640131E-01  -9.2654118178348205E-01   1.5023455169457826E-02
  -9.8295426828269931E-01  -6.4462336437643257E-03  -1.8373718332616581E-01   1.2633764295492160E-02
  -3.3691175074554444E-02  -7.9654540229312846E-01  -6.0363923564309001E-01   1.4181444053603140E-02
  -5.8253963698935864E-01   6.2337606927240596E-01  -5.2158397942689047E-01   1.4229457093747694E-02
   9.0172016446956355E-01  -4.3109363656668362E-01  -3.2542610539036829E-02   1.7795929711508420E-02
   3.1523199917279800E-01  -3.1576591919783925E-03  -9.4900938661635390E-01   1.4227460224088151E-02
  -6.9781910505427591E-01  -4.0341051244820729E-01  -5.9186861301096573E-01   1.6994969844950798E-02
  -5.4245830801690093E-01   8.3986944100420029E-01  -1.8928975955741481E-02   1.5434042876662013E-02
  -8.7730204057710778E-01   4.1851339487383398E-01   2.3492055659397124E-01   1.6182312636850351E-02
   2.1964422143369115E-01   9.2086004658051550E-01  -3.2213846495337734E-01   1.4478829457651672E-02
  -4.2499041378829858E-01   1.8903087738438564E-01   8.8524034904840398E-01   1.5504169107724710E-02
   3.3602707166211325E-01  -6.2213579298628722E-01  -7.0713001788603815E-01   1.6693373196535712E-02
   1.6826733112986794E-01   3.0880523516741842E-01   9.3612255181019268E-01   1.4225550543466091E-02
  -3.9387878463267247E-02   8.0718541146702129E-01   5.8898243313784703E-01   1.4768281538451686E-02
  -5.6208222795752025E-01  -8.1124449545995371E-01   1.6107742734547050E-01   1.5624087475632015E-02
   1.4063530459351700E-01   9.8972393821687649E-01   2.5850284763715176E-02   1.4536897717425056E-02
  -9.0610863529576270E-01   3.1223722503926016E-01   2.8543835821807981E-01   1.1354562968262165E-02
  -6.7465927479073197E-01  -5.7278328785902354E-01  -4.6556865024209965E-01   1.5590012975479679E-02
  -6.4832474596062930E-01  -4.3722155863690534E-01   6.2330757450732203E-01   1.6205409409701960E-02
   1.6185105982271941E-01  -8.5460509669232802E-01  -4.9341094752929768E-01   1.3520211856070230E-02
  -4.6323873262620978E-01  -4.9412298759286423E-01   7.3569854541596395E-01   1.6878008099439407E-02
  -2.2497208844805509E-01   3.1483578237714144E-02   9.7385642870018074E-01   1.6422949960977337E-02
  -4.6547628570008523E-01   6.9416384044677279E-01  -5.4906137185841075E-01   1.8023060464848176E-02
   3.1237320073474350E-01   9.3293796773428852E-01   1.7902438890426966E-01   1.5066561309850063E-02
   6.1776331433069833E-02  -8.9679305727978206E-01  -4.3811630566489201E-01   1.5265197364573892E-02
   7.4666069590647277E-01  -5.1021211512946589E-01   4.2682713452119989E-01   1.7528867431472274E-02
   2.2138640238997742E-01  -1.4960125167941811E-01   9.6364284168605447E-01   1.4955475337680748E-02
   2.1987994702462105E-01  -7.8380611242491298E-01  -5.8077602139016946E-01   1.6831494325746438E-02
   1.9148531223264676E-01   9.6106048988147456E-01  -1.9923882650714944E-01   1.7027388409161954E-02
  -4.1460673605508144E-01   6.2337717732997246E-01  -6.6294958269982195E-01   1.4390060742925864E-02
   7.1404378842619689E-01   3.8634734991528446E-01  -5.8384689210734119E-01   1.4582475806273851E-02
   1.3272822436698692E-01  -2.3045053412947860E-01   9.6398950708803088E-01   1.4912307595503657E-02
  -4.7336884250767532E-01  -2.5115969560398445E-01   8.4429896733743401E-01   1.5655208390537566E-02
  -1.5744213631984798E-01   7.8264435890449775E-01   6.0222901058153111E-01   1.4303645977713827E-02
  -8.1174802419645253E-01  -4.7644790822611247E-01   3.3773145539039957E-01   1.7313533863079237E-02
   1.2207889206378226E-01   6.7281672523424251E-01  -7.2966732032999068E-01   1.5681228588426208E-02
  -7.7921208871052609E-01  -3.6064758006344996E-01  -5.1260300799132725E-01   1.0057331253326426E-02
  -3.4736701673211256E-01   5.3901789491171321E-01   7.6733034910107491E-01   1.4604746510742665E-02
  -3.0545712465414776E-01   2.4491723040429067E-01   9.2016927532335692E-01   1.5679365621604905E-02
   9.9036314001405223E-01  -7.1056332445795451E-02   1.1887745169231800E-01   1.6473749197200342E-02
   8.3758877742677633E-01  -5.1018862075364515E-01   1.9532693409310242E-01   1.8008694074053490E-02
   2.5942142771472802E-01   8.8078992500859172E-01   3.9611820312352676E-01   1.3838730466069297E-02
   9.0465212988504433E-01  -3.6399365776666043E-01  -2.2161484832948410E-01   1.2782244930576784E-02
   9.9260074966979754E-01   6.6329045829761570E-02  -1.0170648668727786E-01   1.5109450267229409E-02
   9.5250465932603098E-01   8.2738866326247997E-02   2.9306851410762151E-01   1.6849816061065212E-02
  -7.5204659651842042E-01   3.4945504041983443E-01  -5.5884442503279210E-01   1.5282595767840807E-02
   6.1237097963538458E-01   6.8753701972944449E-01   3.9024944561389567E-01   1.3796930404610290E-02
   4.3431022262882255E-01  -1.2678328680925283E-01   8.9179629327887735E-01   1.2992438314301086E-02
   7.5783812757768655E-01   6.1346896173449350E-01   2.2211979960811381E-01   1.3916140181245182E-02
   6.2433168557880609E-01   2.7603944244936489E-01  -7.3076136501225255E-01   1.5651310057727043E-02
   4.9099225337222929E-01   7.5849175521652343E-01   4.2850538432675282E-01   1.4280995338036288E-02
   7.6617130525766601E-02   8.2671203724548973E-01   5.5738408910141101E-01   1.3387224528029626E-02
  -3.7780165604108706E-01   7.7120999882379495E-01   5.1234855948544879E-01   1.5613835090110019E-02
   6.7478778457104500E-01  -5.0875463335827060E-01   5.3463087156485133E-01   1.2217598233977011E-02
   8.8826126942359966E-01  -3.2818347545691253E-01   3.2138376386961016E-01   1.4904657118234940E-02
   6.3043339572735543E-04   1.5036578378020069E-01  -9.8863023098724802E-01   1.5506309506741560E-02
  -5.0976191522619531E-01  -8.4695874435225313E-01  -1.5100885785335959E-01   1.3103195256161124E-02
  -3.4516094056930768E-01   5.4712584816457194E-01  -7.6257277119990884E-01   1.5627856626230407E-02
   1.4323610958560264E-01  -8.5884084147718073E-01   4.9180872900096970E-01   1.4896312376286243E-02
  -6.4036738003938564E-02   7.2313967754699799E-01   6.8772691014896212E-01   1.5172598670703534E-02
   2.8318542203697694E-01   3.1429627364160515E-01   9.0610367459840954E-01   1.3832465326854159E-02
   4.3729196607618971E-01  -1.2068557321264343E-02  -8.9923861478998095E-01   1.5180958827044435E-02
  -6.7251403531882711E-01   5.4763404896593348E-01   4.9781705546552430E-01   1.7377107981333028E-02
   6.1425521740083190E-01  -7.8565503673742371E-03   7.8906831295660424E-01   1.5161100452769991E-02
   6.1037992711118942E-01   7.6557955487000395E-01  -2.0328376655499518E-01   1.3824401749933841E-02
  -8.5141372863028852E-01   3.5368763882993099E-01   3.8729796906100300E-01   1.7690848355977360E-02
  -3.9602601139694879E-01  -7.9168854469699105E-01  -4.6518023011794502E-01   1.5430316219463153E-02
   6.1883848848438240E-02  -5.3621963638200478E-01   8.4180692014858991E-01   1.5871944608839068E-02
   9.9200842576830599E-01  -6.6387664996171382E-02  -1.0729380756149677E-01   1.5424083010091981E-02
   8.7430542559322095E-01  -4.5790740433403058E-01  -1.6096841874829803E-01   1.4775838003257062E-02
   1.1062668651776446E-01   3.8668206759415069E-02   9.9310951360668759E-01   1.4857108837469574E-02
   9.2355130522562554E-01  -1.9987855022372922E-01   3.2726373428246469E-01   1.4900281421867753E-02
   4.1809703419384032E-01   7.3726987790947218E-01  -5.3068634533561045E-01   1.2594777451010799E-02
  -7.5401398781343917E-01  -5.4075191869730279E-01  -3.7289444700459197E-01   1.4572287798324721E-02
  -1.6366047258094362E-01   9.7017040800546343E-01   1.7884247019400896E-01   1.4090570452032872E-02
   7.9103965697731224E-01  -6.1164946966164279E-01  -1.1882228404099000E-02   1.2956235876405439E-02
   3.5567331232771866E-01   9.3392875723576622E-01  -3.5687130816113419E-02   1.5299828074029704E-02
  -5.2262718537810695E-01  -6.3364204697063346E-01   5.7040212255445146E-01   1.6286035950779284E-02
   1.7110589296102829E-01  -5.9570759914810311E-01  -7.8476444218071703E-01   1.7016373776721504E-02
   2.3780214279393185E-01   8.6365700458340715E-01  -4.4446228109551766E-01   1.5896918131957777E-02
   4.7931873177467405E-01  -7.2910192709230212E-01  -4.8853242807433909E-01   1.5182163070379271E-02
   8.4298408210452926E-01   5.0670585104115284E-01  -1.8062950434257698E-01   1.4712617073664555E-02
   8.4949754454581132E-01  -5.2551155975695582E-01   4.6813698555539575E-02   1.4465332837377779E-02
   3.1831641601190923E-01   7.4955296107620705E-01   5.8038350927574011E-01   1.2543038055232826E-02
   2.8372225877774365E-01  -5.4376962553876335E-01  -7.8982040630480554E-01   1.3076065739691662E-02
  -9.8422308448442326E-01   1.7649664226973480E-01  -1.2403839545773125E-02   1.5201862361668405E-02
   6.1935085827986622E-01   5.8322553367503022E-02  -7.8294507733089924E-01   1.5059761130792055E-02
  -2.5874231114267365E-01   3.6060901876537632E-01  -8.9611023429577034E-01   1.4785904407547187E-02
   7.4689003584622239E-01  -6.5332086601445107E-01  -1.2380274788451348E-01   1.8172449488801083E-02
  -1.0906252036956958E-01   8.5789738862762945E-01   5.0211297258339300E-01   1.5671576670372438E-02
  -5.6818581820470326E-01   8.1700770614381728E-01   9.8302004520100645E-02   1.4210932339287629E-02
  -2.3694871209021015E-01   7.9879031326472311E-01  -5.5298222690538265E-01   1.7574766849216649E-02
   2.1765486832397149E-01   9.2616149651875598E-02   9.7162163783982080E-01   1.2493772290814164E-02
   1.1335215031058829E-01   9.0515438785871857E-01  -4.0969113263539664E-01   1.6416047441264303E-02
   6.0229884960239230E-01  -1.4092376262350847E-01   7.8573315374602072E-01   1.4355467130805068E-02
  -2.6469114970736868E-01   9.5879792592193577E-01   1.0317525146267088E-01   1.4945250265514385E-02
  -3.9588622114507202E-01   3.0588798385443372E-01   8.6585601646055714E-01   1.4262894174094364E-02
   8.3394318721192171E-01   3.8396259067266704E-01  -3.9637291717113534E-01   1.4536400537989080E-02
   8.4630656623843307E-01   7.7475028643468153E-02  -5.2703208239955037E-01   1.4872962517058406E-02
   6.5372016021537113E-01  -7.2876749492706469E-01  -2.0383299650871116E-01   1.5051278236723906E-02
  -3.6685667671978845E-01   9.3020732044245928E-01   1.1424523682526495E-02   1.6033466031280481E-02
  -3.8475219439547228E-01  -4.4651763122032859E-01  -8.0782903755513473E-01   1.6689929619261675E-02
  -6.5361269561928869E-01   7.5670312564005017E-01   1.3813897779614574E-02   1.5411178924639474E-02
  -9.6964144593558394E-01   1.0206621963291118E-01  -2.2221150540374043E-01   1.5112369007427135E-02
  -7.3867577801778683E-01   5.4602559258357494E-01   3.9523935433300803E-01   1.2922507164746102E-02
  -5.3198907299532898E-01   5.2914004964625336E-01   6.6105857083463570E-01   1.1728332453243794E-02
  -3.0583997800387736E-01  -6.6298267298947664E-01   6.8331243452048830E-01   1.8833009778253764E-02
  -3.4326857874200267E-01   9.1198968636696502E-01  -2.2459184047674165E-01   1.4117183074765469E-02
  -2.8608297994023752E-01  -7.9610148358162549E-01  -5.3327193478341676E-01   1.5148538283562206E-02
  -4.8437277890762793E-01   8.5145524813634168E-01   2.0101485386503910E-01   1.5941892456831762E-02
   6.4061629534722612E-01   4.9520497952432620E-01  -5.8684136731309868E-01   1.6108282726810321E-02
  -3.1871341775082391E-01   1.1226171668535460E-01   9.4117961320485790E-01   1.3828668686880871E-02
  -2.6955259879149462E-01   1.3324913242199010E-01  -9.5372221594840631E-01   1.6130148408199103E-02
  -2.0769139766464075E-01  -3.6718286008463745E-01  -9.0666478402779802E-01   1.5803308755032214E-02
   9.7323997344851349E-03   3.8014691040706507E-01  -9.2487491419292524E-01   1.7319129940348947E-02
   7.4084139620324993E-01  -4.1115806874405906E-01   5.3113375733262779E-01   1.4460599836403926E-02
   9.0378538668603241E-01   1.7448471500006553E-02  -4.2763012716025095E-01   1.4976200661700995E-02
  -5.6480054221276185E-01   5.9676975559035314E-01   5.6997035565790641E-01   1.5026521450010712E-02
   1.1011923488570152E-01  -4.1232995576999424E-01  -9.0435488702328701E-01   1.2808526402441795E-02
  -7.0030506041852085E-01   3.9249656735992175E-02  -7.1276383662354723E-01   1.3906437024097309E-02
   1.6967136419026809E-01  -9.7093596164923123E-01   1.6880458095115800E-01   1.2718240942195262E-02
  -1.2897679471066074E-02  -7.9807820310974024E-02  -9.9672682400017347E-01   1.5720382868844831E-02
  -6.4805113880279012E-01  -6.7688366107867725E-01   3.4908198300848072E-01   1.4054297136761983E-02
   8.1673611589701362E-01  -3.9348003678326195E-01   4.2203741260995180E-01   1.6173522777391888E-02
  -6.5716474485020279E-01  -7.3971163434627680E-01   1.4477981951476488E-01   1.2271288051515636E-02
  -5.6085698058974156E-01  -1.3111075423947702E-01  -8.1746523928942309E-01   1.3283842527320590E-02
   2.7160967736683403E-02   9.7862427223925312E-01  -2.0385488862374385E-01   1.4957518776339380E-02
  -1.8745643764238295E-01  -8.6545642691863822E-01  -4.6459149485505149E-01   1.4297589650657924E-02
  -4.0711636050479409E-01  -8.4562652463480620E-01  -3.4521304993205275E-01   1.6444879721623017E-02
  -4.8814489368768345E-01   3.5100859936533468E-01   7.9906665925830377E-01   1.5447328112088751E-02
  -3.1504940741661431E-01  -9.0753737205411884E-01  -2.7770449980427764E-01   1.4148010252045903E-02
   7.4791175838684020E-01  -6.2363323191688904E-01   2.2739743559591971E-01   1.4956284950339884E-02
   5.9453207653856123E-01  -7.8493042590507924E-01   1.7440136597864494E-01   1.5620633349132548E-02
  -9.6972120627541862E-01  -1.2204985765189744E-01  -2.1152922811493097E-01   1.2721004199604386E-02
  -1.4914775623219580E-01  -5.7695203328759561E-02  -9.8713029044992559E-01   1.4405541512043513E-02
  -6.6337670599001654E-01   6.3864553575977565E-01   3.8995285048829192E-01   1.4408440533273251E-02
  -5.9003363677090874E-01  -6.7441773709601999E-01  -4.4387050292757557E-01   1.6328943364306526E-02
   5.2200857079030340E-01   6.7547591329541383E-01  -5.2080643484810309E-01   1.4327791537786056E-02
  -6.8919280361513308E-01  -6.8458569814420577E-01  -2.3739355791917109E-01   1.5976627455866577E-02
   4.9295475393992651E-02   2.6091316366642924E-01   9.6410283535069822E-01   1.4861919977119598E-02
  -4.3714552062624996E-01   7.8745390850922900E-01  -4.3453438962865025E-01   1.4194031485572502E-02
  -5.3032645883340805E-01  -1.7192163387703156E-02  -8.4761918134222753E-01   1.4337952320556047E-02
   8.9091608979252114E-01   4.5106480110076994E-01  -5.3000624116394368E-02   1.6614679615842565E-02
   6.9628163381321783E-01  -7.0963861009717215E-02   7.1425206814190573E-01   1.5913643536112935E-02
  -2.5279347799956313E-01  -7.2804836835472013E-01  -6.3721348919880398E-01   1.4636917377228746E-02
  -7.9169123997735821E-01   3.4410900814959486E-01   5.0479101720753210E-01   1.3815094041573317E-02
  -2.0605085172888761E-01   4.8516547684830166E-01  -8.4979850939876335E-01   1.6108271928889850E-02
   6.7620903560243821E-01   1.6317471225490742E-01  -7.1841168799661714E-01   1.4659920871488920E-02
   9.7540794537957253E-01  -1.9848496102101510E-01  -9.5828285693144987E-02   1.6692188811228789E-02
   4.7122057319583277E-02  -3.1316867977852669E-01   9.4852774852386083E-01   1.3366101833811305E-02
  -9.6942026837456509E-01   2.0202867473230963E-01  -1.3931531807555352E-01   1.5892092573465522E-02
  -9.5787346716272150E-01  -2.7708039204991488E-01   7.5530637804352496E-02   1.5361831490748669E-02
   6.3158629929319411E-01  -7.7376341127091476E-01   4.8876680774424672E-02   1.5116967668204861E-02
   5.7448882946593133E-01  -3.9494354033927891E-01   7.1692550851754504E-01   1.3818846162517666E-02
  -7.9903417417553344E-02  -9.8264043987267442E-01   1.6743120919300968E-01   1.4730221363092192E-02
   1.6584506506289216E-01  -3.6248464809959979E-01   9.1711520229815963E-01   1.5890289352369610E-02
   2.0813122509272998E-01  -3.4734597915967189E-01  -9.1434794465947604E-01   1.7121928969226805E-02
  -9.3148721820559412E-01  -1.3041932659219495E-01  -3.3959146274728748E-01   1.6555868959927551E-02
  -8.0805778966740255E-01   1.3684749400856079E-01   5.7298810802791440E-01   1.5756711290737566E-02
   5.4307655626714499E-02  -7.4612978168072041E-01   6.6358196737811585E-01   1.3030580076248299E-02
  -5.0404932992214561E-01  -4.5120830385573178E-01  -7.3644099528520934E-01   1.4612879133557297E-02
   8.6949318799573820E-01  -2.5255771137542177E-01   4.2449522783397339E-01   1.4674308209073045E-02
  -7.8760013352870181E-01   1.7323850123586897E-02  -6.1594310929051427E-01   1.5330723755215791E-02
   4.0587213714544141E-01  -5.5894170634768727E-01   7.2308504146754950E-01   1.5614054919525370E-02
   2.6224912947792695E-01   5.9767547969723224E-01   7.5763409047953542E-01   1.5843280260226251E-02
   7.7037618274945778E-01   4.1817431897877614E-01   4.8130112819212351E-01   1.3833595360593655E-02
   4.4882411535887056E-01   4.3311626750802529E-01  -7.8164391655807303E-01   1.7718376508031139E-02
  -6.3079394342696213E-01   4.8476536169505033E-01   6.0588905340543135E-01   1.5273776429902687E-02
  -6.2956547953794030E-01   1.2699984208360557E-01   7.6649745406289673E-01   1.5894738022942956E-02
  -4.2134543416963481E-01   6.7501890495057903E-02   9.0438460838516867E-01   1.3576991263596662E-02
  -9.0292803041213023E-01   4.1209302841480690E-01  -1.2206681706337851E-01   1.5219819089199802E-02
   3.8614082047180762E-02  -1.9290179432890708E-01  -9.8045797993200185E-01   1.4537295494028892E-02
  -7.1648145886616543E-01   4.1483443133023145E-01   5.6086247305728589E-01   1.4488883968363723E-02
  -4.2250596070530690E-01  -5.4623600685521234E-01  -7.2326685115755031E-01   1.4137854038843526E-02
  -4.3957552010413918E-01  -6.1136658545194162E-01   6.5803059223565671E-01   1.5315112648208604E-02
  -4.5524979130258245E-02  -9.2283965485738157E-01  -3.8248457184296782E-01   1.6023637229969189E-02
  -5.9067961803432629E-02   3.3706310911713117E-01   9.3962728587492669E-01   1.4839253427381735E-02
   5.9791569936510375E-02  -8.3582288288689206E-01  -5.4573352160846049E-01   1.3365242733837017E-02
   6.1524587561153438E-01   6.0887576739356594E-01  -5.0074226147179992E-01   1.4925699802424245E-02
  -9.2601871957275800E-01  -1.0970922830244571E-01   3.6118307854343316E-01   1.4946074108640274E-02
   5.5171637267833997E-01   3.7865278533587654E-01  -7.4312254189738968E-01   1.1960826226664711E-02
   6.5859739457532375E-01  -3.1789746475036566E-01   6.8204887930696376E-01   1.2556869391961145E-02
  -3.1992491080776241E-01   4.4767701520979521E-01  -8.3500499489373964E-01   1.4525746582352843E-02
  -2.2865106268854717E-01  -1.5107063279242605E-01  -9.6171531933264642E-01   1.7351688463089689E-02
  -1.7585324738352145E-01  -7.2320359347121119E-01   6.6787139314017407E-01   1.3684161970709785E-02
  -4.1617086101029716E-01  -8.8478099445366300E-01  -2.0967690931415203E-01   1.4221790907057567E-02
  -5.9977090410201245E-01  -7.3621061591407306E-04   8.0017143199853340E-01   1.5206229934467927E-02
   6.5477079574069456E-01   7.0668897270209773E-01   2.6807816193481945E-01   1.6992943515724496E-02
   2.1813940239991302E-02  -8.8053830589378119E-01   4.7347274880917478E-01   1.4706392442637850E-02
   7.6512916329010653E-01   5.8340776987646112E-01  -2.7242014890744732E-01   1.7738218124558158E-02
   4.6348409361734645E-01  -8.7156545904131963E-01  -1.5986289616355787E-01   1.7241586744341114E-02
  -1.8230724179684230E-01  -4.4046175492800534E-01   8.7906627283394804E-01   1.5342926845392106E-02
   2.6818829432456769E-01  -9.5704736236128038E-01   1.1016072342080536E-01   1.6084937068020225E-02
  -7.2114611864442101E-01  -1.8962921291066297E-01  -6.6632502367460952E-01   1.4518113892266475E-02
   6.2728920018311464E-01   4.4689653690077060E-01   6.3780227707317465E-01   1.5063437409656879E-02
   9.7178105786292938E-01   2.0999305220529160E-01   1.0744530517575787E-01   1.3710001224038901E-02
  -3.7578845899501982E-01  -7.2380864344540087E-01  -5.7869169836785880E-01   1.4605051032692495E-02
   3.4077386156573497E-01  -9.3985332160907422E-01   2.3428809913595385E-02   1.1934993438919194E-02
  -2.3800779467246120E-01  -8.3783519346875081E-01   4.9130894380250449E-01   1.5303272650721167E-02
   2.7255324453381950E-01   3.4054545852682256E-01  -8.9985749959137653E-01   1.4906880748944448E-02
   6.1242929801586720E-02   7.5613324847812641E-01   6.5154571143952271E-01   1.4466995088232192E-02
   6.4656998068551363E-01  -2.8193468742060140E-01  -7.0884419452047602E-01   1.5232073047977312E-02
  -1.8095703294117207E-01  -5.6106547906087573E-01  -8.0775001110202264E-01   1.5382078333189001E-02
   5.0748969400367887E-01   8.4310426429636340E-02  -8.5752315564963339E-01   1.4757333834346864E-02
   8.4559335752022093E-01  -4.3700280379433369E-01   3.0659488448695757E-01   1.4386957916939840E-02
   5.2312696653394050E-01  -7.6402437189597414E-01  -3.7763068735731684E-01   1.4780286197057359E-02
  -2.0125464063237914E-01  -1.0164255574120797E-01   9.7425117936101433E-01   1.6609271226774895E-02
   2.7208672509459881E-01  -4.0637967927250615E-01   8.7225246935831108E-01   1.4009436933340683E-02
  -6.2686414779538779E-01   7.7148058249662732E-01  -1.0889927015102935E-01   1.3644992693895665E-02
   3.7347842348129884E-01  -3.1531675978384314E-01   8.7240426878445624E-01   1.6173556990230237E-02
   6.9583166079417022E-01  -7.0335432341582384E-01   1.4529623384209089E-01   1.4921719519986924E-02
  -8.0213180272794222E-01  -4.0449310852294706E-01   4.3928338940809616E-01   1.4638208099197600E-02
  -2.5401420495022231E-01   8.2339480260317632E-01   5.0744239350844821E-01   1.6870152301452854E-02
  -5.3142430858268667E-01  -5.4281533190537807E-01  -6.5033815795774092E-01   1.6445468727421747E-02
  -4.5552650128405467E-01  -3.4790795009149766E-01  -8.1942398359520822E-01   1.2983088054911173E-02
  -8.7697663065145334E-01   4.1117856761633433E-01  -2.4868489062306164E-01   1.4838310565895871E-02
   8.0251358131210412E-01  -3.1064431860920005E-01   5.0938399967553618E-01   1.3112850784316139E-02
   5.4201471149204580E-01   4.8314859712391271E-01  -6.8759543746551248E-01   1.4200986619143143E-02
   6.4911074663770929E-01   6.9788016770116456E-01  -3.0268549705730869E-01   1.6072063119125024E-02
  -1.3562815256831961E-01   9.3693857763290573E-01  -3.2210418496836119E-01   1.5046612679079331E-02
  -9.1713880164195664E-01  -3.9737770738037694E-01   3.0779476926537507E-02   1.3812045741374707E-02
   1.0291736065738767E-01  -7.6264249367536516E-01  -6.3858002138803087E-01   1.7524109074814681E-02
  -1.3252588575352528E-01   3.7674128772362958E-01  -9.1678944787207541E-01   1.4450055373664028E-02
  -7.5354245954714551E-01   2.6430982759651526E-01   6.0192530823644467E-01   1.7731512636280872E-02
