   0.0000000000000000E+00   0.0000000000000000E+00   1.0000000000000000E+00   1.3844998588197190E-02
   9.7707368751089571E-01   0.0000000000000000E+00   2.1290140716740326E-01   1.5428986616866358E-02
   5.4368894527551283E-01   2.2780060463285334E-01  -8.0778042518626733E-01   1.5142077768054615E-02
   6.0130446450536432E-01  -7.9586741427077374E-01   7.0908390673245262E-02   1.5420505889699994E-02
   1.3499892726315021E-01   2.9294891584754694E-01   9.4654964071703364E-01   1.4106069314677387E-02
   7.9622910180098021E-01   9.6297052344953382E-03   6.0491857817585756E-01   1.5516676031369618E-02
   3.5994996509789207E-01   8.5599189466080769E-01   3.7109823349219417E-01   1.2674923293086819E-02
   6.4900110585675356E-01   4.5069358690819472E-01   6.1292157354472074E-01   1.3174129063001236E-02
   2.3843806306609387E-01   9.5408333480591327E-01   1.8130714361799647E-01   1.4190456778917983E-02
  -6.1110178389090954E-01   4.2327280018457873E-01  -6.6887573311434600E-01   1.3247247956387728E-02
   7.6959605482634865E-01   7.3994525174174210E-02  -6.3422923508773090E-01   1.3593502212574228E-02
  -6.4010912444878043E-01  -2.2835571125277112E-03  -7.6828060899929626E-01   1.5304773230818100E-02
   6.8867249542027284E-01  -2.4231236072559552E-01  -6.8338489439788112E-01   1.3965170713705419E-02
   9.6116361932573273E-02  -3.6302034119354074E-01   9.2681059383704287E-01   1.3418944649089776E-02
   7.5647005868602041E-02  -1.8226868572343015E-01  -9.8033446165467896E-01   1.3979645033721881E-02
  -4.5350064188311485E-01  -2.6522766811327267E-01  -8.5087687233747182E-01   1.4692752812769569E-02
  -1.2320440912632533E-01  -8.1609194752584990E-01  -5.6463670333702058E-01   1.5030096204103012E-02
  -8.6029567615711979E-02   4.3142046065639441E-01  -8.9803969824439171E-01   1.4574414208167906E-02
   9.4149502235267359E-02   7.1746204976157166E-01  -6.9020582320114867E-01   1.4083495747511776E-02
   8.9932906031252564E-01   8.0069631612278513E-02  -4.2987916368540526E-01   1.5072370033405189E-02
   3.0852144857066079E-01   8.2377271730893077E-01   4.7561857195584948E-01   1.4023485896311205E-02
   2.7970387876788826E-01  -9.5555644213629449E-01   9.3153776595611414E-02   1.5525625540916088E-02
   9.5784783457697457E-02   9.5444778067733757E-01  -2.8258575551160927E-01   1.7204163694321112E-02
  -3.1731154336215121E-01  -4.3910720858206930E-01   8.4053449888769744E-01   1.3723065159338643E-02
  -5.3391201219077348E-01  -8.4508581308575756E-01   2.7711581686789621E-02   1.4213912557280412E-02
   1.7625496967764378E-01   9.8164925287526578E-01   7.2793749686117585E-02   1.3556584774831250E-02
   2.1334487815269373E-01   9.4596083760832243E-01  -2.4421723255612657E-01   1.2360621149288912E-02
  -6.1890737994247624E-01  -6.4747017350250306E-01   4.4467519548247560E-01   1.3062029402515706E-02
  -4.5410308442865963E-01   7.0645654624009432E-02   8.8814389610868964E-01   1.4386316698838534E-02
   3.6651533791013424E-01   2.4621941844326200E-01   8.9724160907644154E-01   1.3262858370177830E-02
  -6.5106554459875853E-01  -6.3472722164579877E-01  -4.1621510152579386E-01   1.3555705408557741E-02
  -6.3602792209935179E-01  -4.2885067298759986E-01  -6.4152597966728022E-01   1.3005292136518826E-02
   3.1546160441616915E-01  -9.4883298804800944E-01  -1.4139905624240169E-02   1.3126256844621371E-02
  -4.4638113574467608E-01  -8.8868093073893845E-01   1.0483360621607487E-01   1.4284316536507770E-02
  -8.3122171317218533E-01   4.7672153206621308E-01  -2.8601930776704511E-01   1.3135059837806000E-02
   1.2257658834806630E-01  -9.1827375699019349E-01  -3.7649473729663696E-01   1.2572666513984680E-02
  -3.9953550608780554E-01   7.2623570720329748E-01  -5.5942209194675864E-01   1.3049985495536571E-02
  -7.5612446950013794E-01   5.3504026972901037E-01  -3.7683908554108729E-01   1.4283075429957710E-02
   9.6421160066705446E-01  -1.7999611881332735E-01  -1.9467251051757488E-01   1.0473814311805904E-02
   4.6773422068065757E-01   8.8227727324915168E-01  -5.3023691990464758E-02   1.3664726043258930E-02
   3.0548852476338366E-01  -9.4372980319361587E-01  -1.2669183005241724E-01   1.3138010950622402E-02
  -1.4638432425711260E-01  -5.8560051194641671E-01   7.9727264472066465E-01   1.1064517664122628E-02
  -6.8262993555968742E-01  -7.2301152163067037E-01  -1.0616360330678269E-01   1.5319048242856919E-02
   3.9387302720248893E-01   8.3531287079212717E-01  -3.8355761800720706E-01   1.3011961415825012E-02
   8.8011634180552142E-01   2.7818609432537382E-01   3.8471771704830647E-01   1.3211652391108168E-02
   1.0617670666409890E-01  -9.8999632175826377E-01   9.2918189107806838E-02   1.6577402099354769E-02
   4.3358920785461299E-01   3.3036093838670450E-01   8.3836868334895804E-01   1.3048637264553164E-02
  -9.1317276253956922E-01  -3.6226596307033425E-01  -1.8675887597802354E-01   1.3961522725175519E-02
   6.9642571242630859E-01   5.7142538124044168E-01   4.3412470644473177E-01   1.3464049593753737E-02
  -1.3914496823433453E-01  -9.6989638513449687E-01   1.9984914290059364E-01   1.3457248107672756E-02
  -3.6927151132259621E-01   1.4969700099496403E-01  -9.1718556400471076E-01   1.4720806739469600E-02
  -6.4646734697524816E-01   1.2087775640791407E-01  -7.5330507584946815E-01   1.3607575979833845E-02
   7.2901323951917600E-01   4.9001413062753220E-01  -4.7793916808637950E-01   1.7057175918023377E-02
   5.6987668122797527E-01  -7.8833049506688679E-01  -2.3189566347861232E-01   1.5107959415067884E-02
   7.0022375767773823E-01  -7.1191452696273014E-01   5.3520047487837150E-02   1.4325298376079887E-02
  -1.6100345142157350E-01   2.2150559137982881E-01  -9.6177604545851185E-01   1.4274044460516135E-02
   8.6040358733902220E-01  -1.8004739521483353E-02   5.0929509741298817E-01   1.1237113292475038E-02
   6.9552306655657218E-01  -6.3033652183472179E-01  -3.4485291521030729E-01   1.2077718086756070E-02
   5.9425881739377217E-01  -2.0987455003541475E-01  -7.7640783818634098E-01   1.4443334185988416E-02
  -5.3122826244159035E-01  -7.9478919412181561E-01   2.9343938060608660E-01   1.4048118427014324E-02
  -5.4201940464603879E-01  -8.2404485707455545E-01   1.6481819837666300E-01   1.4039004031841317E-02
   8.0769022710134272E-01   4.5128519961401885E-01  -3.7944454885307936E-01   1.3666426526041681E-02
   3.5345561195753139E-02   9.0036889090563896E-01   4.3368946447095870E-01   1.3971183975771623E-02
   5.8243371578957505E-01  -1.6308424935377661E-01   7.9635073574667059E-01   1.5978205851806945E-02
   6.9109813011600449E-01   7.0994264710006618E-01   1.3551683430007124E-01   1.3072604848577502E-02
   7.5827930902095399E-01  -4.5394233402482990E-01  -4.6791970132790332E-01   1.3167161752122442E-02
  -3.1602782101158002E-01  -4.7805010562470631E-01  -8.1950870212516964E-01   1.3217394649569729E-02
   9.0270582046968854E-01   1.5772372713056639E-01   4.0030666693197698E-01   1.4179670575288774E-02
   8.7571733555542756E-01  -4.5926884568678278E-01   1.4896736417495068E-01   1.3925714404389049E-02
   3.3044030498543817E-01  -5.0430357992556951E-01   7.9780141897303327E-01   1.2489583427206751E-02
   9.4260925901423231E-01   7.3833190504528429E-02  -3.2563237676951271E-01   1.2213129308478218E-02
  -7.5872045397211014E-02   9.8740441306006800E-01  -1.3883788314702223E-01   1.5139940584642806E-02
   6.3374199862203228E-01   2.6376855506892686E-01  -7.2718445289995194E-01   1.3367678171789192E-02
  -2.6611419544447141E-01  -3.9241516895173408E-01  -8.8045077668176539E-01   1.4709762606010987E-02
  -8.2029421969589702E-01   4.0647639022837998E-01   4.0236095402064702E-01   1.3795777957667720E-02
   8.3879944319102897E-01  -2.5170572678048297E-01  -4.8276259300853947E-01   1.2954100959136776E-02
   9.3462293023620937E-01  -2.5685361472117431E-01   2.4598007822046956E-01   1.3493923554001878E-02
   4.1409609309001762E-01   6.7146908170126575E-01   6.1453535130767100E-01   1.5849727330586280E-02
  -9.4644672669499545E-01   3.0241078189416619E-01   1.1307657813396880E-01   1.2681062034509531E-02
  -9.4388542838782889E-01   1.2086568025786985E-01  -3.0736262852358438E-01   1.3227413976543569E-02
  -9.8753443913170109E-01  -1.4211356510604797E-01   6.7671752908325029E-02   1.3122852619912865E-02
  -2.8208297139246560E-01   2.4725534581308683E-01  -9.2698111696908274E-01   1.4015850183319765E-02
  -6.0473640199365981E-01   7.7118696228078427E-01  -1.9890840432696336E-01   1.2518210288509987E-02
   4.0978589289113989E-01  -6.1361195126056617E-01  -6.7494880936083720E-01   1.3804387933625383E-02
   4.6972791081515126E-01   8.0026017133892786E-01   3.7274568806335395E-01   1.4602550622292942E-02
  -6.6014503582640937E-01  -1.3858265281764681E-01   7.3824344224095366E-01   1.4101983885611161E-02
   5.6091935183220229E-01  -4.0565664627504798E-01   7.2167317122990146E-01   1.3254550636863124E-02
  -2.3957702848341706E-01  -8.4284699992428926E-01   4.8188357737287637E-01   1.0462032372785585E-02
   6.2862347170589023E-03   3.2483525841693698E-01   9.4574972278202853E-01   1.2715557504412453E-02
  -5.9350135698365686E-02  -2.1030448820366149E-01   9.7583276417323752E-01   1.4028916625658540E-02
  -7.9258604797755625E-01   3.3774447410438717E-01   5.0767708906673121E-01   1.3557944401234840E-02
  -7.6602602797313341E-01  -5.7720037348154065E-01   2.8292022430443894E-01   1.0597711862236718E-02
  -2.5022776963019204E-01   5.3026544043004619E-02   9.6673380458777522E-01   1.3786829539224059E-02
   4.1632510341596145E-01  -3.5999809764854520E-01  -8.3491004183391979E-01   1.2065789249099196E-02
  -8.9108750127922071E-01  -4.4348990113282313E-01  -9.6331576635876192E-02   1.4072656326935277E-02
   7.6004390386800295E-01  -1.4559306441261343E-01   6.3335292198586294E-01   1.2259124968221049E-02
  -4.4712779181023440E-01  -8.6492913181477817E-01   2.2797880324503365E-01   1.4132656330080164E-02
  -8.4847531126203019E-01   4.4702269308351745E-01   2.8330259096443253E-01   1.4471642201753276E-02
   1.1120837672735477E-01   9.9270894509494329E-01  -4.6493518625198060E-02   1.3911927718313110E-02
  -4.6501432154476152E-01  -7.0739635139173548E-01  -5.3230825918439901E-01   1.5705558798528400E-02
   7.7821303505752368E-01   2.7885897084935047E-01   5.6269187522426378E-01   1.0565458682471546E-02
   9.2227899488667333E-01  -1.8013776081882262E-01   3.4198222573404040E-01   1.5063755759357000E-02
  -9.9344439997464011E-01   1.1262223807893543E-01   1.9607540618819443E-02   1.2808500571634306E-02
   2.5381212567548168E-01   3.2479012904076585E-01  -9.1109317686929038E-01   1.4528930428446999E-02
  -3.2904766737555850E-01  -9.4181386052887301E-01  -6.8660648922105380E-02   1.4608329974613416E-02
  -7.2811551918392893E-01   6.1534951305308194E-01   3.0198140258773009E-01   1.1547908198846017E-02
   2.5428396205208119E-01  -5.0035615727445614E-01  -8.2763722881503785E-01   1.2230460320817708E-02
   5.6720859044628815E-01  -6.3075145306312094E-01  -5.2955360388037808E-01   1.3822781200972924E-02
  -5.5796806157099769E-01  -7.1008219344525720E-01  -4.2948215424936551E-01   1.4515820245055119E-02
  -2.3858792931391485E-01  -9.6202311804054954E-01   1.3261719474199862E-01   1.4131043577320950E-02
   2.0099584840805921E-01  -8.6993648995350376E-01  -4.5034561435646498E-01   1.3311522772674941E-02
   3.4998878483282305E-02   5.2391021507052473E-01   8.5105414930524183E-01   1.3239646974609502E-02
   8.1321202011138975E-01   3.4388155715901036E-01   4.6950152821076827E-01   1.5241472147353656E-02
  -6.8309104407373775E-03  -3.7882484683535966E-01  -9.2544317712257022E-01   1.2629635286229190E-02
   8.9381667984737607E-01  -1.0470437484648937E-01   4.3603754048776455E-01   1.3100848688927271E-02
   7.7252244814515584E-01   4.7421135310103137E-01   4.2229451772655526E-01   1.5685835950714432E-02
  -3.2988968540504464E-01   3.5256483753454479E-02  -9.4336089372874845E-01   1.3821529918762647E-02
  -6.7127400927889135E-01  -7.0767775616715447E-01  -2.2041641929054263E-01   1.0201607226586704E-02
   5.5279437790384946E-01  -2.3090013459193681E-02   8.3299773531285801E-01   1.4162839073931882E-02
  -3.7073768681337249E-01   6.3508090518427966E-01  -6.7766201859524768E-01   1.6073179507929918E-02
  -3.0040130717096520E-01   5.2115401036889927E-01   7.9884764012068574E-01   1.2483571024334567E-02
   8.2929824960488929E-01  -3.5532801559977951E-01  -4.3128460966302712E-01   1.5881994350247106E-02
  -8.4356186259908838E-01  -5.3674076732792759E-01  -1.7684248827250961E-02   1.3640122056598420E-02
  -2.6333671678501948E-01  -7.1508244108947449E-01   6.4754218089511716E-01   1.3532648135608380E-02
  -3.9411257973267343E-01   5.5691128745134355E-01   7.3111222969236688E-01   1.4413332269897458E-02
   7.5776385135319017E-01  -3.5845122155689335E-01  -5.4525834917656359E-01   1.3299507029674169E-02
   3.5003283759684489E-01   4.8867045023993442E-01  -7.9917345030112239E-01   1.1142747856438084E-02
  -1.6367464239231095E-01  -6.6447068527470705E-01  -7.2917029550600194E-01   1.4177594389209322E-02
  -8.6051136893695634E-01  -4.5649160511194173E-01  -2.2613181640929811E-01   1.4044667147207188E-02
   9.8282908098456207E-01   1.3499701165965507E-01  -1.2578872928050417E-01   1.3764429134238937E-02
  -9.3809840111954301E-01  -2.5082609318264670E-01  -2.3886745445055375E-01   1.3403397607734024E-02
  -9.2095070990216481E-01  -3.7328926277076139E-01   1.1182538276598963E-01   1.3292265282288735E-02
  -7.3941414099480642E-01  -2.9874497780804265E-01   6.0333918017263279E-01   1.4001153919359124E-02
  -1.5048592208752120E-01   9.4779502377694608E-01   2.8113800909362417E-01   1.4357561213694323E-02
  -2.0932849308571128E-01   8.7660946257779919E-03  -9.7780608382617320E-01   1.4000952507382516E-02
   9.9867977917391606E-01  -5.0529639196068991E-02  -9.2441458152265685E-03   1.4001375820301649E-02
   1.6923753607791405E-01   9.7494537417304734E-01  -1.4436126128866200E-01   1.2756804240242425E-02
   6.7176043996830534E-01   6.0709378088936025E-01  -4.2447031992714192E-01   1.4615927615891073E-02
  -3.5892807213826296E-01  -7.8779169818292871E-01  -5.0055457175533559E-01   1.5515860229623594E-02
  -7.1621242957232205E-01  -6.8570868448092845E-01   1.2978195465297235E-01   1.4464225412092552E-02
   1.8840826552761640E-02   5.2254338353919962E-01  -8.5240450231930005E-01   1.6630622997747764E-02
   3.0630317628189991E-01  -7.5085366057201969E-01   5.8514711364341316E-01   1.4136454468041918E-02
   9.4364589813371217E-01  -5.2782294088164132E-02   3.2672074982500030E-01   1.4455834946820614E-02
  -1.2646937434983063E-01  -3.6604979607314538E-01  -9.2196151988375909E-01   1.4911090321740704E-02
   3.8287726607776768E-01  -2.0678499410632165E-01   9.0035824277520930E-01   1.5299292606601313E-02
   6.9289331596744805E-01  -6.1866770513142341E-01   3.7033650011179335E-01   1.2655584965429134E-02
   1.4961862584077096E-01   5.0138180741349147E-01   8.5219161577446875E-01   1.4967229947923222E-02
  -4.7627383520081973E-01   6.4200603551303849E-01  -6.0082566878249599E-01   1.4209820118655156E-02
  -2.3924898575542155E-01  -9.3347989379198033E-01   2.6716139448115496E-01   1.3930972061811806E-02
   5.8732584772406806E-02  -2.4377438864853333E-01   9.6805192573796681E-01   1.3262577396670616E-02
   6.3805160058915859E-01  -7.1205764330267315E-01  -2.9302571149961549E-01   1.3778221446306384E-02
   8.9624117455382528E-01   3.5293848134521956E-01   2.6867486934975866E-01   1.5395396959781315E-02
  -8.9376989551058336E-01   1.0968223259927918E-01   4.3490824518631319E-01   1.4511699332344885E-02
   7.4419870937948298E-01  -6.6322004485855234E-01  -7.9419475292471837E-02   1.6149334408384959E-02
  -7.8390525592796453E-01  -3.4214941118059574E-01  -5.1809876486755301E-01   1.3532880741880031E-02
   4.6349812849544278E-01   6.9010761275503282E-01  -5.5580659198931030E-01   1.4180651001992123E-02
   2.0476309543233863E-01   5.9614480139144729E-02   9.7699446697855290E-01   1.3770586414862919E-02
   4.8190161764766310E-01   8.6200735715057135E-01   1.5720733801846778E-01   1.4342041695348601E-02
   2.5287307564751881E-01   2.6372993117065091E-01   9.3086074738238249E-01   1.3693897563027286E-02
  -5.0441686703604418E-01  -7.9806224116640001E-01  -3.2963659304452925E-01   1.5925585745735368E-02
   4.1803539534391251E-01  -9.0714627016241582E-01   4.8291332245820033E-02   1.3258760275393433E-02
   1.4813317492678493E-01   5.4478764714627221E-01  -8.2538656519411510E-01   1.3263724595561949E-02
   2.4773356929654970E-01   8.8666042251890804E-01   3.9046302485918310E-01   1.4733181952571936E-02
   1.3862864662597544E-01   7.9560149854955160E-01  -5.8974600790540163E-01   1.3259397278860096E-02
  -6.1171506932523547E-01  -3.3417173123601493E-01  -7.1703132986163637E-01   1.3363077660604205E-02
  -8.7292087730796286E-01  -1.3350815288691928E-01   4.6923844159725369E-01   1.3887669046115343E-02
  -3.4921670281979051E-01  -5.3727452746732957E-01   7.6771334273049589E-01   1.4212486427116715E-02
  -7.0848954720764920E-01   3.8073224065748254E-01   5.9420999858756413E-01   1.5021264696226319E-02
   1.2442451214367311E-02  -8.0298369666865170E-01  -5.9587110040018274E-01   1.4783092385191216E-02
   5.7161668089324582E-01  -7.9430323187150273E-01   2.0575895111288593E-01   1.4427176133792163E-02
  -4.5270554421255919E-01  -5.3576366391236787E-01   7.1275170057349290E-01   1.3319828153236459E-02
   8.3281076741024513E-01  -1.4637559841551435E-01  -5.3385429648365541E-01   1.4190080511938349E-02
  -7.1842681761752356E-01   6.3119039901751383E-02   6.9273291716926426E-01   1.4054171939308308E-02
  -6.1507149499893518E-01  -7.8765840693945223E-01  -3.5795111640823829E-02   1.3010985526116427E-02
   4.2710938472584976E-01  -8.2432161703640058E-01   3.7157966193751739E-01   1.4719423905600066E-02
   4.9663459202498181E-01  -2.2984004559778914E-01   8.3697528962555765E-01   1.2656210175292599E-02
   2.8645769471904824E-01   6.5920529080729455E-01  -6.9526280909302133E-01   1.2526902337488894E-02
  -6.0073270004408758E-01   2.3400915532946116E-01   7.6443439111524300E-01   1.4740451444297592E-02
   4.1997224634605769E-01   6.3788580651305135E-01  -6.4554241545249393E-01   1.2959661617808862E-02
  -1.3752591359027759E-01   6.4428022615074231E-01   7.5232281188483707E-01   1.3451427099117609E-02
  -8.5964843806722139E-01   2.9806795769000910E-01  -4.1492174626921336E-01   1.3222305768173634E-02
  -5.4334263863080440E-01   8.2461049205561245E-01   1.5746845219762444E-01   1.1870917167832495E-02
  -3.5785970769658321E-01  -2.0931095437600495E-02   9.3354074300541274E-01   1.5423029337647453E-02
  -4.6628829685392894E-01  -6.2544646324938835E-01   6.2561325579457935E-01   1.4641749295936394E-02
   1.7051987834426469E-01   2.3600582542392016E-01  -9.5667351873846246E-01   1.3874755382002770E-02
  -4.9295995588072223E-01  -8.4215572476640954E-01  -2.1855026227675837E-01   1.1773320317478654E-02
   5.7767123923683048E-01  -9.6605589701926231E-02  -8.1053272567918419E-01   1.0057292773140331E-02
   7.3618310448878618E-01   3.8673453387525253E-01   5.5540150969685342E-01   1.4583383346932771E-02
   9.8488324898423016E-01   1.5154118914486987E-01   8.3906220644394160E-02   1.3799842686792505E-02
   6.1401766116446143E-01  -6.6766239898820334E-01  -4.2096226999036616E-01   1.5949079622787571E-02
  -4.9393453314322890E-01   7.3005807565312510E-01   4.7227521969952697E-01   1.5600104010222802E-02
   6.4211120450817693E-01   5.5961504892424276E-01  -5.2395056833882289E-01   1.0338154318745111E-02
  -1.8457019418198195E-01   8.5029905125707720E-01   4.9287459546109690E-01   1.3562056836138605E-02
  -7.1966084435169621E-01  -4.1874419698165681E-01   5.5384254675962827E-01   1.3134420393880548E-02
   7.9961600213779240E-01   2.8798621135381781E-01  -5.2695179209795668E-01   1.4019275106373701E-02
   3.9186703141617282E-04  -9.1284403226288208E-01  -4.0830824042905646E-01   1.5277641977944293E-02
   7.8174448099604703E-02   4.1287661732592821E-01   9.0742583968598840E-01   1.4763731268746596E-02
   5.9209237891821420E-01  -6.9708874618794860E-01   4.0434378289406609E-01   1.3924626923907326E-02
   3.4865367173925698E-01  -7.1662998425050128E-01  -6.0405470187381276E-01   1.3805006249243492E-02
   5.5087590223096079E-01   5.7918869099246137E-01  -6.0089616454730681E-01   1.6468027476884936E-02
   6.2884188921351400E-01   2.7199334393917782E-01   7.2840750903815001E-01   1.0843977355363803E-02
   3.9507728890248525E-01  -1.3990892516015089E-01  -9.0793140074236529E-01   1.3032484094487439E-02
  -9.8985104832021271E-01   6.6511980978440607E-02   1.2558287512913404E-01   1.4355208458598829E-02
  -7.6665389896907356E-01   6.2642780313535562E-01  -1.4081905643246517E-01   1.3244752681140277E-02
  -5.4486056611248647E-01  -5.3823180056829649E-01   6.4298794106312007E-01   1.2434747418205231E-02
  -1.6470630120432215E-01  -1.6566480880120106E-01   9.7233070787075970E-01   1.1990806167755572E-02
  -9.2123904646731364E-01  -1.7175294374783655E-01   3.4902656858460980E-01   1.4342069451456973E-02
   8.4212981277597940E-01   7.3490129788784521E-02  -5.3424393235442728E-01   1.4126308516345805E-02
  -5.2281344882333558E-01  -2.7932118442115427E-02  -8.5198937463373631E-01   1.4335758348526326E-02
   5.0525700998407732E-01  -5.1346649047961889E-01   6.9359030920024640E-01   1.4395504883748715E-02
   1.8922786648764695E-01  -8.9297654879152403E-01   4.0839404727898802E-01   1.2354489728964492E-02
  -4.7049147854089738E-01   3.7571638152624711E-01   7.9842029613056801E-01   1.1641307640060369E-02
  -3.9459825144044389E-01   8.0185871027276593E-01  -4.4868121057142600E-01   1.6735216543205824E-02
  -1.3123372008569880E-01  -9.8848345382022948E-01   7.5353647795569758E-02   1.4112363591139214E-02
   9.2495778128363799E-01  -3.7568193171893602E-01  -5.7586361430275552E-02   1.4032018136302308E-02
  -4.8044945705078276E-01   1.7807439130645401E-01  -8.5875364941317364E-01   1.4867305544476863E-02
  -8.9703512618309897E-01  -4.4135541668171747E-01   2.3094989919444817E-02   1.2729823878544967E-02
   9.7101426838846371E-01   1.2241766483887823E-01   2.0529297582092920E-01   1.4346943079221539E-02
   5.2036041130920898E-01   1.0675805462023513E-01  -8.4724716589423518E-01   1.2599552613761630E-02
   5.8593473952677168E-01   7.1255644811261200E-01  -3.8593236359345777E-01   1.2928577161258700E-02
   6.0946957428514121E-01  -5.3184386513311379E-01  -5.8795317937822142E-01   1.1885128080781450E-02
   2.3864078400874380E-01  -7.4155825621877449E-01  -6.2701030999614548E-01   1.2028991079462896E-02
   4.7494267033188428E-01  -6.1333901064749918E-01   6.3106633400615352E-01   1.4744293778042020E-02
   4.8786165535997589E-02   9.8703757466588584E-01  -1.5289452655337168E-01   1.4966325451552919E-02
   7.2515680949627370E-01  -6.5457272226049010E-01  -2.1373383661385094E-01   1.5771670878556232E-02
   4.2196792932391318E-01   7.6597723611888044E-01   4.8499684573177361E-01   1.5070888647504268E-02
   8.0849946329599404E-01  -4.0131680652495091E-02  -5.8712695906259959E-01   1.4667771538741134E-02
  -5.0098806295296602E-01   6.5084324967318902E-01   5.7045072103861667E-01   1.3255539190796270E-02
  -7.7525392998370108E-01  -4.3935312577489078E-01   4.5381733650959130E-01   1.2116193736604163E-02
   4.5558150729789224E-02   2.6678309762610625E-01  -9.6267919564260928E-01   1.3424943338834665E-02
  -6.4884249751068612E-02   3.1560909933082372E-01  -9.4666833186381982E-01   1.4467086068286065E-02
  -4.2762670196763590E-01   3.9048591512742287E-01  -8.1526446865503814E-01   1.6229259802551510E-02
   7.4037178054841135E-01  -5.4272973278067562E-01  -3.9660315647179555E-01   1.3239869577023510E-02
  -9.0415789976143088E-01  -2.2353917158377871E-01  -3.6404495748002907E-01   1.7560919554866556E-02
   8.8210636902538990E-02   9.0942878174716916E-01  -4.0639657290275961E-01   1.4280017535386006E-02
   9.9259862082017651E-01   6.0115781457443020E-04  -1.2143976513138183E-01   1.2889939836917452E-02
   9.6086945066205338E-01  -2.5835217029734911E-01  -9.9920242629075666E-02   1.6914592694534002E-02
  -3.8053781240594236E-01  -1.3156950412735510E-01   9.1535809326895751E-01   1.3117624799497082E-02
  -8.6289283497317050E-01  -4.8970064589624957E-01   1.2493691512423685E-01   1.5741307588154736E-02
  -8.3815023600745348E-01   5.1735732510259859E-01  -1.7275873362390186E-01   1.4717944378102116E-02
  -1.5087075294126723E-02   9.9955281511485800E-01  -2.5817628764700000E-02   1.3403992921153420E-02
  -3.3835328294251598E-01  -8.4116115570110885E-01   4.2185894095253759E-01   1.4421956092579164E-02
   4.6174891657790464E-01   4.3987827427509209E-01  -7.7025647797334242E-01   1.6956117506400918E-02
  -3.4611316622956156E-01  -8.8757066059302935E-01   3.0401315533542518E-01   1.3768184170386217E-02
   2.0527735153334014E-01  -6.0460533934074103E-01  -7.6961912176616618E-01   1.4149789735621018E-02
   2.5567617059743792E-02   8.3998224444374987E-01   5.4201118621032797E-01   1.3062500237538612E-02
  -2.5175711626738874E-02   9.7595343637099887E-01   2.1652037682335096E-01   1.5226057538098110E-02
   2.5461769106110998E-01   5.5480579929786211E-01   7.9206082876517100E-01   1.4081588124724609E-02
   6.1329374077846789E-01  -2.8338946906443727E-01   7.3726602820510445E-01   1.5032320789677411E-02
  -4.3766116494026396E-01  -4.3606958699416349E-01   7.8631801454746703E-01   1.4483526627163556E-02
  -1.2457864575795705E-01  -8.7024258141542496E-01   4.7661096348335387E-01   1.6983730384245225E-02
   5.7772081097344631E-01  -4.5479601905160560E-01  -6.7778997161583554E-01   1.6339957126443538E-02
   1.7884532373756489E-01  -7.8304885693061354E-01   5.9569189841466299E-01   1.2493556695363177E-02
  -9.9877283140947810E-01  -2.5308108519312288E-02   4.2571479672062215E-02   1.3892910089304770E-02
  -3.7868560740617245E-02   1.1443845783587778E-01   9.9270832144975003E-01   1.3427885357730096E-02
   4.9909807260364607E-01  -2.5208100551236212E-02  -8.6617877230391897E-01   1.7577185661889731E-02
  -8.2038888522879886E-01   5.7012501274985174E-01  -4.3812633224106267E-02   1.4688199039600783E-02
   9.9533374685235784E-01   2.8754333439465975E-02   9.2108200966573186E-02   1.3141472126088944E-02
   2.9206368420092122E-01   8.5278135715957876E-01  -4.3296970015470117E-01   1.4324668248310015E-02
  -2.8825875371022382E-01   7.2163561275973897E-01  -6.2940363305775770E-01   1.5702297893562972E-02
  -9.5586086796669231E-01  -5.8547194353714493E-03  -2.9376133739873683E-01   1.5711699701527539E-02
  -4.3202402459188373E-01   8.3710226642943510E-01  -3.3558164090744608E-01   1.2446911218207556E-02
  -9.3758986902041563E-01   6.3796139050839375E-02   3.4184103052805943E-01   1.4431192036015312E-02
  -7.1093918883325937E-01  -6.3446482645219939E-01  -3.0334774397725099E-01   1.4996922354085584E-02
  -6.7469399415746780E-01  -2.3541688931162436E-01  -6.9954764131878910E-01   1.4799713690515701E-02
  -7.8931256441209809E-01  -5.9008600869883665E-01   1.6965900506331519E-01   1.3812648445947504E-02
  -5.0029483171410218E-01   4.6230968768506652E-01  -7.3210302146125201E-01   1.5194698528547561E-02
   4.7598896817307938E-01  -8.4261176754522839E-01   2.5187280792462130E-01   1.3882800935184382E-02
  -5.6349827777848044E-01   9.3201186675773062E-02  -8.2084299944807597E-01   1.3702952412359425E-02
  -1.9920986819029550E-01   8.0171777661909686E-01  -5.6352820254938169E-01   1.5615574470641484E-02
   3.8000123047720041E-01   7.8120301145289916E-01  -4.9529881862642799E-01   1.4656030415432272E-02
  -5.9002565232691859E-01  -7.8290960362561872E-01  -1.9728730863127225E-01   1.5332938224104076E-02
   3.1836996814814333E-01  -8.3924671526988188E-01  -4.4080099170721478E-01   1.3213111318168384E-02
   6.3758612636571800E-01  -5.7100956452947748E-02   7.6825999000215894E-01   1.1300609825193195E-02
  -2.7521581575646840E-02  -9.6236426658146729E-01   2.7036564307376305E-01   1.4502652185392141E-02
   7.5017909824660815E-01  -1.3974938146864923E-01  -6.4629825230541655E-01   1.2658627833735640E-02
  -6.0981644453939356E-01  -7.2684213375586645E-01  -3.1595002226072406E-01   1.5116784202383390E-02
  -4.3756664077783140E-02  -6.5184250199111932E-01  -7.5709095024755210E-01   1.5085158999520875E-02
  -8.2896558661668748E-01   2.3133420247717610E-01  -5.0921561540225788E-01   1.3706985673472529E-02
  -2.0573975007082903E-01  -9.6964443208401203E-01  -1.3213943608653249E-01   1.3762617827498542E-02
   2.8666240175587498E-01  -6.0006019618395516E-01   7.4682824556602476E-01   1.3930342070927908E-02
   1.3441233863792325E-01   9.1492261157606886E-01   3.8059156329155531E-01   1.1532739102270479E-02
   4.0310220378717867E-01  -5.6370160053597455E-01   7.2093627933063579E-01   1.3592391797487362E-02
   2.4138531357855979E-01  -6.9729779089990353E-01   6.7491401022255779E-01   1.4571157519700815E-02
  -8.8108640025446689E-01   4.6827908083196243E-01  -6.6343483039389443E-02   1.2038724674436165E-02
  -6.2662029026125924E-01  -7.7366832179124536E-01   9.3724808293285768E-02   1.4548489835260721E-02
  -2.0723900680010869E-01   9.1103926482102064E-01  -3.5645399705274529E-01   1.2900990143209312E-02
   9.1354485549871178E-01  -4.0304339206012107E-01   5.4697542070088731E-02   1.2888264892097374E-02
   6.0416362415818847E-01  -4.7251719403545919E-01   6.4164929407340531E-01   1.1964824281625698E-02
  -2.8190657477056650E-01   3.0448637246698195E-01   9.0984434497502100E-01   1.3412168774343564E-02
   3.9542887213008540E-01  -9.0393139434509723E-01   1.6292342189893034E-01   1.4685135802863495E-02
  -4.8515056734900987E-01  -1.8418974998316073E-01   8.5481171201737442E-01   1.5217941200258085E-02
   8.7169653928911170E-01   3.9812983680647558E-01  -2.8572325147918080E-01   1.3979503404891351E-02
   6.5958943897216570E-01  -7.3118816828543229E-01   1.7408513594152097E-01   1.2790628653705633E-02
  -9.9673239094091101E-01   3.2320450546670174E-02  -7.4026544736838673E-02   1.4507086351952311E-02
  -1.9652563159458239E-01   9.7777386545569484E-01   7.3047547242732893E-02   1.4312836418346499E-02
   2.0098173901747897E-01   9.1299655512908515E-01  -3.5502623974001341E-01   1.2594236816726691E-02
   9.8445287924234676E-01  -1.7499360906852070E-01   1.5158012291437897E-02   1.3353756437913528E-02
   3.5897421187623224E-01  -6.6573752634293867E-01   6.5416439923510285E-01   1.3446534284947131E-02
  -9.9372306697404066E-01  -9.6040654786202139E-02  -5.7364264066960171E-02   1.4491034650605256E-02
  -2.7189444173194421E-01  -1.9098170318310739E-01   9.4318577258382880E-01   1.4755442041498392E-02
   9.2764984085123263E-01   3.3925034094694033E-01   1.5612488250137239E-01   1.2630550970561238E-02
  -4.5724543201605891E-01   6.5241694930341305E-02  -8.8694426890479647E-01   1.2828312525092300E-02
  -3.3189849309443442E-01  -9.4143736672871476E-01   5.9490123621885988E-02   1.3955308092433111E-02
   9.5498242337685592E-02  -9.9481620198671514E-01  -3.4940091229704637E-02   1.3557134972121103E-02
  -9.3313413364903539E-01  -2.9768582079740752E-01   2.0160317635205546E-01   1.1735305798099502E-02
  -8.0512800678872871E-01   3.0581291808652575E-02  -5.9231214513609531E-01   1.3918662905966090E-02
  -5.9062364955041255E-01  -3.3835218972691469E-01   7.3258549009569753E-01   1.1349383686458118E-02
  -5.0202787854464485E-01   4.6959297423216419E-01   7.2625783831622312E-01   1.5923483155382660E-02
   7.9303231348513536E-01   3.8634016744984617E-01  -4.7100002630916986E-01   1.2255247450712780E-02
   4.5519160481235410E-01  -2.5825633470020425E-04   8.9039347269171926E-01   1.4166221367455181E-02
  -1.4217951437985729E-01   9.8921064224556740E-01  -3.5317006651467695E-02   1.3838576052587596E-02
  -2.1084777948139445E-01  -4.0611979577350050E-01   8.8916248535835986E-01   1.4042775000640959E-02
   7.7621779401725765E-01  -5.6174963595248259E-01  -2.8622243580515362E-01   1.3566618983819795E-02
   8.8017492984262979E-01   4.7212028629086519E-01  -4.8933916143642939E-02   1.5972161478800089E-02
   2.7326417590176812E-02   3.9384873022137711E-01  -9.1876898326222153E-01   1.3381889543547935E-02
  -4.6198110697956433E-02   4.2161261149006659E-01   9.0559844324096854E-01   1.4829711267867377E-02
   6.6982018898043165E-01   7.3851949794784808E-01  -7.7005620477191722E-02   1.2874618780635858E-02
   6.7990883641662254E-01  -3.5417725514273357E-01  -6.4209224111661198E-01   1.4938192396448251E-02
  -8.5741233376841190E-02  -9.4284769268062937E-01  -3.2200414485815458E-01   1.3101969636879460E-02
   6.7649966701738462E-01   6.5071439673793340E-01   3.4484630548021675E-01   1.3430859594241690E-02
  -1.8134022538889773E-02   8.8979416708415151E-01  -4.5600164193737269E-01   1.1481120071486996E-02
   8.9710133553957422E-01  -1.4068936009785327E-01  -4.1882657237616758E-01   1.4934506686683586E-02
   8.5369922275156824E-01   5.1482312940410874E-01   7.8452421912448668E-02   1.4936916035130534E-02
  -6.1240241125702272E-01   7.2135644781263739E-01  -3.2343185045031983E-01   1.4307645711286767E-02
  -1.9159624866500244E-01  -9.1370705511319982E-01  -3.5837172730819961E-01   1.1878479377903439E-02
  -3.6748830177072591E-03  -8.6515849112762772E-01   5.0148507501676746E-01   1.2994702911619431E-02
  -1.2051345945967542E-01   5.2763768179342438E-01  -8.4087750763159441E-01   1.3581434604325763E-02
   3.6878438866258007E-01  -4.6119665867296086E-01  -8.0702894415731059E-01   1.4571366324173786E-02
  -2.4737605970477236E-01   9.5092002966660835E-01   1.8589293225886194E-01   1.4558124759189920E-02
  -2.2685034118010514E-02  -3.2237026313786065E-01   9.4634180012905027E-01   1.4188866463927361E-02
   5.4768171137774723E-02  -7.9780585284582397E-01   6.0042174227385451E-01   1.5136534431728856E-02
   1.0029700056996988E-01  -3.2392711788354846E-01  -9.4075062262872037E-01   1.6282480057799519E-02
  -6.7676835045191943E-01   5.5872663909005826E-01   4.7938412843743138E-01   1.3826597224331553E-02
   2.3342342280864096E-01  -1.8178913386994421E-03  -9.7237348840627042E-01   1.4172819698999874E-02
   4.2839545489229235E-02   2.1581455723485021E-01   9.7549415694190706E-01   1.3755306913628468E-02
  -2.9687417228457068E-01   3.5830452369128162E-01  -8.8514608632288194E-01   1.4463111661635923E-02
   3.5525509839972979E-01   3.9035671854096545E-01  -8.4936178825688166E-01   1.4634252577494182E-02
  -1.0922010812793394E-02  -2.7018229628461343E-01  -9.6274723393743304E-01   1.3276421805861711E-02
  -3.8665192056059932E-01  -2.4194792767665784E-01   8.8992218346312217E-01   1.3368787892032527E-02
   5.9092751294831273E-01   7.9369508924451253E-01   1.4440491594771676E-01   1.4216664027542522E-02
   4.4739703409638007E-01   5.2264985746039451E-01   7.2572241275737914E-01   1.2663507911017659E-02
  -2.8540395657881205E-01  -6.6335830488434810E-01  -6.9173719063682250E-01   1.3549472489583456E-02
  -8.5609645124094519E-01   4.9078833610086256E-01   1.6194343246951032E-01   1.2946630933456790E-02
  -8.9943513407542035E-01   4.0564189086941890E-01  -1.6269940369470572E-01   1.6029131220549643E-02
   9.2850200834910552E-01  -2.7584485860042704E-01  -2.4858325461580870E-01   1.6187742502063937E-02
  -1.9191557012423082E-01  -7.9545057869385988E-01   5.7482761833396169E-01   1.3509521980805416E-02
   7.5942944449069322E-01   5.6686707045805695E-01   3.1926265561580686E-01   1.4136254736062408E-02
   6.6474253995946632E-01  -3.7101230904813409E-01   6.4843443932521740E-01   1.3842037843042993E-02
   9.7667437082164312E-01   2.1210028716238733E-01  -3.3475984911283096E-02   1.3632077494793388E-02
   4.0404417529923390E-01   8.9859395710033211E-01  -1.7110582885900818E-01   1.4751107534332543E-02
  -3.8474031077922358E-01   3.2702555128696122E-01   8.6315072963357071E-01   1.4320938745036304E-02
  -3.0567805093773161E-01  -8.1180764393599051E-02  -9.4866780943983783E-01   1.3324303050192438E-02
   9.1251732606634998E-01  -3.7121825496076912E-01  -1.7178223660378884E-01   1.2762044347695487E-02
  -7.3648027701407343E-01  -5.9322528727615235E-02   6.7385283197047911E-01   1.3956588535114045E-02
   3.4236605768258367E-01   7.2180603148000797E-01  -6.0148278068949547E-01   1.5000062359943360E-02
   7.5568798149151668E-01   6.4617619315439416E-01  -1.0673332202162642E-01   1.4856951774153754E-02
   3.0549250660695115E-01   9.1187090058821400E-01   2.7416379970273525E-01   1.4327423347800678E-02
   4.6108587849442574E-01  -8.4027838169820761E-01  -2.8518775202253184E-01   1.3429412904955835E-02
  -1.1949767894096810E-01  -9.9124700411785919E-01  -5.6122023797169262E-02   1.3763912321182174E-02
  -3.2305136431831056E-02  -8.6205679390958263E-01  -5.0578104179027114E-01   1.0014352814753242E-02
   9.5380171091594014E-01   1.6720742324801189E-01  -2.4960763983617439E-01   1.4390266448523059E-02
   4.5884045676853224E-01  -5.1299733787435544E-01  -7.2546479347124002E-01   1.3562303739420036E-02
  -8.1077341068338633E-01  -1.0542963193632344E-01   5.7578734723732907E-01   1.4371926358046094E-02
  -5.2862897742620127E-01   8.0057034650047338E-01  -2.8220298462178048E-01   1.3718507381611078E-02
  -1.2863144704910478E-01  -2.3749778714866671E-01  -9.6283370938575885E-01   1.4438041811089656E-02
   8.0977267074122565E-01   5.8666517600677288E-01  -9.6017176361605454E-03   1.2761966437393765E-02
   7.4078682734667458E-01  -6.5635271509803061E-01   1.4295450259817590E-01   1.1715444621705861E-02
  -4.0541444185837640E-01   1.9974782031897822E-01   8.9204256547010043E-01   1.6539878593016754E-02
  -8.4178053943341062E-01  -3.5139047014268598E-01  -4.0979294884624142E-01   1.4448208083123077E-02
  -5.9007094498444265E-01   6.4766184224083813E-01   4.8202740377531494E-01   1.3557947144929676E-02
   4.2716442237422738E-01   8.6107034931655732E-01  -2.7584127643547957E-01   1.1770599573464923E-02
   5.3566276197690063E-01   3.0823852160673919E-01   7.8616437163545516E-01   1.4031383269952715E-02
   9.9667798947468391E-01   7.9649783534302134E-02  -1.6996978544454595E-02   1.5006338134289743E-02
  -5.8480162633141414E-01  -6.2459178754052793E-01  -5.1758299506172056E-01   1.3803580547377676E-02
  -9.5835457955133236E-01  -1.8650490710969265E-01   2.1626932162697998E-01   1.4945661057288375E-02
  -2.6456735900123105E-01   9.6403513216491063E-01  -2.5305661479142553E-02   1.4618301614945727E-02
  -3.1790101413152358E-01  -7.7714407052035809E-01   5.4312617214529215E-01   1.5428390632665842E-02
  -4.9615870592376900E-01   2.6682805976347987E-01   8.2621384947173801E-01   1.4055535541796602E-02
   2.0236235005919573E-01   3.7877242406023481E-01   9.0309519434556460E-01   1.3448396150118389E-02
  -7.4286062839001418E-01  -1.5334956462625612E-01  -6.5164560753290654E-01   1.1614415414732612E-02
   4.1345400153981586E-02  -7.2963550639796928E-01  -6.8258522229058415E-01   1.3915613967861670E-02
   8.2245579205100121E-01  -3.2735718067541590E-01   4.6519216070566287E-01   1.4041344761699637E-02
  -3.8441888537535326E-02   9.3532376952886728E-01  -3.5169826180971970E-01   1.5728226965017528E-02
   8.0564035597331145E-01  -5.6699299236496001E-01  -1.7164662372509496E-01   1.2015653866872169E-02
  -1.7221022341430847E-01   9.0539162171781200E-01   3.8808459164824423E-01   1.4002136838570786E-02
   5.3848811517362822E-01  -7.7410043700794410E-01   3.3286493242885075E-01   1.2842511491953911E-02
  -4.6045938861480912E-01  -7.7231388954098019E-01  -4.3761673580721165E-01   1.0797339589037895E-02
  -6.5867132932753271E-01   3.1022765089129364E-01   6.8550046283308274E-01   1.3324374398551679E-02
  -8.4523725554499140E-01  -3.8501215846148753E-01   3.7059360447206484E-01   1.5712853951352325E-02
   5.5491881620094778E-02   9.5271762944772699E-01   2.9874699933851228E-01   1.4367396752931735E-02
  -6.7858493679262821E-01   5.7302248264873689E-01  -4.5952988796945799E-01   1.4282196134343716E-02
   5.7133749581803670E-01   6.5381926174093045E-01  -4.9607846037589631E-01   1.5169892540105578E-02
   4.5707928302048514E-01  -6.7889422220468453E-01  -5.7461392611959505E-01   1.4271986340768987E-02
   3.9093807434533967E-01  -8.9770880746768639E-01  -2.0319035169540393E-01   1.4331671071075769E-02
  -7.4613499002082068E-01   4.6046480659137287E-01   4.8088952843392140E-01   1.5191407138674478E-02
  -9.7795376335088963E-01   7.3468937339272040E-02  -1.9547059112324323E-01   1.3210496240477973E-02
  -9.7496114706711907E-01   1.8889151245137188E-01   1.1734887401846014E-01   1.4698112513929664E-02
   2.9505746597891974E-01   1.4639116651941095E-01   9.4419845272865430E-01   1.5109831025036362E-02
  -9.2635551839168037E-01   3.0839013282964971E-01  -2.1624287160179918E-01   1.1367043423835008E-02
   8.1796269380107631E-01   5.0863321528659222E-01  -2.6875506294190993E-01   1.5085585167779522E-02
   4.3428820370459915E-01  -8.0623630421806300E-01  -4.0171728601571468E-01   1.5080807769406332E-02
  -1.6928022149042057E-01   7.0641314350623023E-01  -6.8725881390768659E-01   1.4575522894125285E-02
  -5.4590192028860577E-02   9.3451427247700316E-01   3.5171435209702446E-01   1.3927575759195480E-02
   7.2496262930219979E-01  -3.9718385723754163E-02   6.8764208419114405E-01   1.5512966973828192E-02
   3.5575324035504256E-01   5.9950440244285454E-01   7.1696171685001637E-01   1.5643472802251670E-02
   8.7457587790980415E-01  -3.7396747702457115E-02  -4.8344443014639644E-01   1.2464154975134085E-02
   5.0357834642891772E-01  -4.0975736270350724E-01  -7.6059697127860257E-01   1.4460666488602750E-02
  -4.3468181398589909E-01  -9.0044954185314320E-01  -1.5567375064303156E-02   1.3895084457662267E-02
  -6.6560296615266620E-01   6.3317362670966570E-01   3.9504917401268112E-01   1.4327839419166091E-02
   9.3881907870837846E-01  -1.5652871852639274E-01  -3.0678575216205326E-01   1.3491358147190082E-02
   4.2567882880537855E-01   7.2527125812061967E-02  -9.0196305397079452E-01   1.2038649577619091E-02
   4.8346184989168943E-01  -7.4891058761940820E-01   4.5320808846583728E-01   1.4922174732337776E-02
   9.0890879514492457E-01   1.9856233342361061E-01  -3.6668488086308159E-01   1.4143743403043318E-02
  -6.9591223338120489E-01   1.8673208473744914E-01   6.9342432316727222E-01   1.4231641715623775E-02
   3.0684100131416798E-01  -3.7465019185033487E-01  -8.7492047276253970E-01   1.6118979529560990E-02
   9.1191120339426117E-01   4.0753859007481967E-01   4.8272712000244188E-02   1.3361613666603195E-02
  -1.3043404878400699E-01  -9.3678259418328924E-01   3.2469267030999953E-01   1.3395762879390058E-02
  -4.3452441929700578E-01  -8.2554475585787177E-01   3.6008941266047624E-01   1.3893031850567365E-02
   6.0249701029807587E-02   6.3066488062082726E-01  -7.7371298417264302E-01   1.4369579727468702E-02
   1.3935306644683162E-01   3.4756329198002693E-01  -9.2724348525070343E-01   1.3772716726173224E-02
  -2.2706551301858728E-01  -9.7384716461828872E-01  -7.9342776940019215E-03   1.4000830134536261E-02
  -5.0274077109548418E-01  -6.2190937142084941E-01  -6.0040024218619523E-01   1.1734413556816267E-02
  -8.2505290173769854E-01  -5.4636684215703539E-01  -1.4412141799730164E-01   1.4495710469810216E-02
   4.7917622623914200E-01  -1.1963339824898309E-01   8.6952745455828743E-01   1.3391859181827086E-02
  -2.9881395245620652E-01  -9.3393498480422127E-01  -1.9615215006784612E-01   1.3872523299498162E-02
  -9.5607227237410903E-01  -8.2388914849791614E-02   2.8131455118298003E-01   1.3364917200114623E-02
   6.8399377647217836E-01   7.0136944713737054E-01  -2.0058268212771195E-01   1.3937894336759804E-02
   1.5596644001202135E-01  -1.5686564992800652E-01   9.7522696715310370E-01   1.4072576154463078E-02
  -4.1076096519969267E-02   1.8736089479427398E-01  -9.8143193823951495E-01   1.3732911714962183E-02
   2.4118628765040805E-01   4.5219195823005611E-01  -8.5869180010145775E-01   1.6459942080369569E-02
  -1.0046186772981777E-01  -3.9182546453137852E-01   9.1453825424473418E-01   1.1359135190757332E-02
  -6.5109708965135490E-01   5.0019861196201986E-01  -5.7085368391454220E-01   1.4228399654445615E-02
   4.5090506872942723E-02  -6.5100954174303549E-01   7.5772912227884194E-01   1.4198308936674816E-02
  -2.3933431304927079E-01  -5.2378375007431499E-01   8.1753878792098984E-01   1.4004899412915601E-02
   8.3006639752456585E-01  -1.1965665743132922E-01   5.4467610561961574E-01   1.5165258970095097E-02
   6.8710050221128948E-01   6.3760063382611846E-02  -7.2375932061593450E-01   1.2463663154385744E-02
  -3.3114345406985954E-01   9.3968623962012962E-01   8.5637514532261729E-02   1.3655781759441467E-02
   5.8308656048799276E-01  -8.0534838363609839E-01  -1.0688331933938923E-01   1.3138314095189687E-02
  -8.6905597962126606E-01  -1.1088466802762013E-02   4.9458947642310944E-01   1.4670112187163519E-02
  -7.8875508329406525E-01  -4.9747554209068942E-01   3.6108655970466001E-01   1.4008087713710111E-02
  -8.1581793150923207E-01  -2.2154316029973286E-01   5.3419072507149039E-01   1.3886885767939651E-02
   6.6482087271120704E-01  -7.3168997672869027E-01  -1.5047586239087531E-01   1.2846797697527634E-02
   1.5495920613725968E-01   8.6134256809778246E-01   4.8381465957123204E-01   1.5898153088477169E-02
   6.3803991913820814E-02  -9.8207334292696657E-01  -1.7737248864498069E-01   1.2389680727489378E-02
  -4.9590562262122457E-02   6.0796059078659894E-01  -7.9241699640084473E-01   1.1998545967057006E-02
   8.5738904567932685E-01   1.9643761636340396E-01  -4.7570609332502513E-01   1.3656145863394728E-02
   6.6641818739826801E-02   6.9347037306491685E-01   7.1739648011141863E-01   1.5077406838545030E-02
   5.1956742365477568E-01   7.2483031017083732E-01   4.5240547491645886E-01   1.1916017166931973E-02
  -9.5996828929345845E-01   1.9387406158042699E-01  -2.0217252977914554E-01   1.5036610129223970E-02
   6.0662314667637087E-01   6.4784353565018468E-01   4.6076795812287780E-01   1.4967145991376751E-02
  -4.9163346126743716E-01   2.8996894499784930E-01  -8.2110568789835660E-01   1.1994787445039651E-02
  -8.5854019527499083E-01   9.5327583690284498E-02  -5.0380689245479004E-01   1.3244714356235920E-02
  -3.2741718423578203E-01   4.5328645470980744E-01  -8.2905330193162232E-01   1.1300037391341160E-02
  -3.9641742791629219E-01  -3.4805357053960879E-01   8.4953630580385492E-01   1.1858996158054429E-02
   2.6279559924109339E-01   5.6749982411560875E-01  -7.8030918400866440E-01   1.4551901693755596E-02
   6.8052453445052503E-01   6.6002992459030433E-01  -3.1819311220737214E-01   1.4606305208525885E-02
   4.3245214979663968E-01  -7.0654376262813674E-01   5.6016162812847127E-01   1.4438212458265986E-02
   7.3043728274811030E-01   6.8283740685229172E-01   1.3944596616431070E-02   1.4101807198691764E-02
  -5.8787847153459837E-01   6.0577774689663099E-01  -5.3612705963324183E-01   1.3033505358210708E-02
  -2.2601725814266284E-01  -8.9577142367331390E-01   3.8276592788799405E-01   1.4665864240009840E-02
   3.1783444879551607E-02  -9.5361165888816969E-01  -2.9935700537007887E-01   1.4150821587806223E-02
   4.8876745040164228E-01   7.4360465250614735E-01  -4.5624390428704906E-01   1.2896560256041331E-02
   8.7966113257619689E-01   4.4113106923120968E-01   1.7776296462900356E-01   1.4067219933602473E-02
  -7.7208840447805044E-01   5.8078221552205437E-01  -2.5801456122442441E-01   1.4535375382508524E-02
   6.0568831845897772E-01   5.6317905048017404E-01   5.6211299396347857E-01   1.6441989565752446E-02
  -2.8335849237325447E-01   1.8371464285771166E-01   9.4125283255861695E-01   1.5198332840873785E-02
  -7.8132883567399193E-02   8.3702906874143749E-01  -5.4155109693110698E-01   1.4494680624909062E-02
   7.7278062229424451E-01  -4.3089790615582002E-01   4.6597972517809225E-01   1.3712578906842203E-02
   2.9367031312243403E-01   9.5337989540524823E-01   6.9458780781480431E-02   1.3563240644819307E-02
   6.4766576993252247E-01   4.7367190089427362E-01  -5.9679475597638962E-01   1.4852827319692125E-02
  -7.1050614721515712E-01  -3.2927874536952250E-01  -6.2189751777712265E-01   1.4432632707653554E-02
   4.1687544797950444E-01  -2.4897981393712735E-01  -8.7419901230996650E-01   1.3346265966656287E-02
  -2.9244008071036677E-01   8.6446300304303473E-01   4.0887958565320010E-01   1.4087509760486600E-02
   1.2513132361379577E-01  -8.5200339814693411E-01   5.0836243114212980E-01   1.3925158105987664E-02
   7.7252481788065701E-01  -2.4437114103192687E-01  -5.8607862202029856E-01   1.5236021016302734E-02
  -9.1500123559789372E-01   1.9685500227245880E-01   3.5216593664725399E-01   1.4586415032592827E-02
   8.9028801959296135E-01  -2.6156915610472020E-01  -3.7278521797934436E-01   1.3712308313252699E-02
   2.1358675801336137E-01  -5.2138553422525593E-01   8.2615847239012580E-01   1.5754411017143392E-02
  -1.6216696478053272E-01   4.5911022415915150E-01   8.7345273347010774E-01   1.2422200920889885E-02
  -6.2997745580917978E-01   1.0505734824307393E-01   7.6947472911871939E-01   1.4018656179448393E-02
   9.6332820549315165E-01  -1.3034180301057287E-01   2.3454164425384513E-01   1.2985069887835569E-02
   5.0650348021608859E-01   8.4098536167527768E-01  -1.9025731517314328E-01   1.5105491858038611E-02
   8.2410396267387575E-01   5.5106636772928041E-01  -1.3106684196574152E-01   1.3779720188431883E-02
   2.9212250018049076E-01   9.4365565725652320E-01  -1.5549419737102194E-01   1.4302070577111090E-02
   5.6745768118083628E-01   8.2078782927538753E-01  -6.5567670251927498E-02   1.4190297718182818E-02
  -4.9671904487493829E-01  -1.5248114674495116E-01  -8.5441189735740081E-01   1.2494317317566803E-02
  -3.8310497586587342E-01   5.2409439477505213E-01  -7.6062845255234856E-01   1.4666117919588685E-02
  -2.4892283894430624E-01   8.5598474398893067E-01  -4.5313081809794351E-01   1.4765435536888864E-02
  -3.9064211568983369E-01   2.7739923768689314E-01  -8.7775190138221930E-01   1.3594607255952395E-02
  -7.5075342695168014E-01  -6.3643133267327955E-01  -1.7698714843745475E-01   1.4153017140624357E-02
   6.3937168595352753E-01   7.2779942926373406E-01   2.4801580184400888E-01   1.4493620552475594E-02
   8.0217203351185624E-02   9.0593938740845363E-02   9.9265197252105146E-01   1.4427745945363998E-02
  -7.7729782737601160E-01   1.5044459169319166E-01   6.1088011294099349E-01   1.3983464639769021E-02
   9.8700041262315920E-01  -1.2823252651699121E-01  -9.6884491146843192E-02   1.4479128594462304E-02
  -1.3135954375827150E-01   8.8745132590657505E-01  -4.4178593731611774E-01   1.3973327912380282E-02
   3.6311241276573964E-01   2.8382780778455414E-01  -8.8746332387522208E-01   1.0748689084326370E-02
  -6.5529622680180015E-01   7.0229358693230858E-01   2.7815566306130721E-01   1.4368723744049249E-02
   2.1576872785235408E-01   7.3397440356828349E-01  -6.4399179419272041E-01   1.4803355957075341E-02
  -9.7475729979952845E-01  -2.2251184348898060E-01  -1.8349005277333761E-02   1.3516369147181734E-02
  -5.0096165689036995E-01   7.0406428613890170E-01  -5.0331987772128963E-01   1.4418678338883232E-02
   6.7929563381901925E-02   8.5104358391137431E-01  -5.2068262185522176E-01   1.3456475005265526E-02
  -5.0668646789837366E-01  -3.5392630777495490E-01  -7.8613293526823957E-01   1.3586478639829486E-02
   3.6579540062867992E-01   9.1588552497242297E-01   1.6537058391652568E-01   1.3310031862993092E-02
  -5.0867547028611834E-01   7.6337712252527802E-01  -3.9812640547221045E-01   1.3382423453782374E-02
  -1.3742602056124337E-01   1.9165927625377793E-02   9.9032659062097252E-01   1.5038711124478732E-02
  -7.4262833311677649E-01  -1.8035635866011489E-01   6.4496103970942462E-01   1.3472546994064964E-02
  -9.0668278472426635E-01   3.6563248358448992E-01   2.1033120270774672E-01   1.3670289031375824E-02
   8.6668531235222232E-01  -2.2168567930970777E-01   4.4689151809127505E-01   1.3303219275422224E-02
  -4.9315014485563537E-02  -1.5622823729329398E-01  -9.8648911155598622E-01   1.3583053106202123E-02
  -5.3105211331472359E-01  -8.4101149329488862E-01  -1.0336015233090349E-01   1.4945736924940044E-02
   6.8500026162447360E-01  -4.4942825336461638E-01  -5.7340115682830026E-01   1.3730935419377949E-02
  -3.8671152978592546E-01  -8.3944582351552679E-01  -3.8181789129501030E-01   1.4265697208887708E-02
   3.3180277093279042E-01  -5.6345563355121921E-01  -7.5658751656415557E-01   1.4661753633624055E-02
   1.8422177985640706E-01  -9.6480552726784392E-01   1.8765028744970010E-01   1.4222862653353647E-02
  -2.6910791632974691E-01   6.2310984814989058E-01   7.3438072313159361E-01   1.5846874336117878E-02
   8.7318133075069344E-01  -4.7552125036623857E-01  -1.0692943504282184E-01   1.5337404935921359E-02
  -7.7464954035943165E-01  -6.2993783884244214E-01  -5.5645384493546679E-02   1.3394381869408751E-02
  -1.5284347369978661E-01   3.5610600843647395E-01   9.2186082642816771E-01   1.5889427662684953E-02
  -5.0843808730166202E-01   8.4334371634482927E-01  -1.7396001690825277E-01   1.5269065972900541E-02
  -5.7793089177240331E-01   7.2553276838829710E-01   3.7362827292640510E-01   1.2869900438179451E-02
  -6.7810936221149464E-01   7.2562662621901310E-01  -1.1676340267023919E-01   1.4591499704522234E-02
   7.0095410951138381E-01   3.0237684240024815E-01   6.4593465732932955E-01   1.5755971852705769E-02
  -1.8361675473434235E-01  -9.5193185314654513E-01  -2.4517470168394743E-01   1.4814804856779460E-02
  -7.9109835849198217E-01  -6.0884576851715310E-01   5.8908550737974394E-02   1.4546979254462084E-02
   1.8938398986675872E-01  -2.0651117586805636E-01  -9.5994105997386114E-01   1.4897329436487074E-02
   9.1755349416952274E-01   2.8335953387582076E-01  -2.7893181944514164E-01   1.3399806088375179E-02
   4.7910073733767619E-01   4.1704946436248162E-01   7.7235498817413104E-01   1.4533615810140521E-02
  -7.3928584274743327E-01   4.6638477744969302E-01  -4.8573828557816769E-01   1.3721579434165913E-02
  -1.6571879965262745E-02   9.6941272002050045E-01  -2.4487619536588614E-01   1.0136559239212865E-02
  -6.4395566987335977E-02  -9.7808319353345307E-01  -1.9800625616323655E-01   1.6185558599188977E-02
   6.0974473579319390E-01   9.5218740073454313E-03  -7.9254065579494188E-01   1.5669362436232421E-02
   7.3723018410811054E-01  -6.2508634870784485E-01   2.5643461603109662E-01   1.5583790826512777E-02
   2.1631279248585135E-01  -3.9069616209567548E-01   8.9474313896820838E-01   1.4083905951350701E-02
   7.3231893284727043E-01   6.4272369770911375E-01   2.2497828561120924E-01   1.4029596456507411E-02
  -9.8385615101776977E-01   1.5582100310616859E-01  -8.8016413784515528E-02   1.4554875804681808E-02
  -8.4167075782397144E-01   9.5606695341170020E-02   5.3145996578290102E-01   1.1198542926032055E-02
   5.2796004299310190E-01   9.7428778299904230E-02   8.4366215167074436E-01   1.2958234560313248E-02
  -1.9040786326642077E-01   5.5398806594759655E-01   8.1045793746125855E-01   1.3638452309190831E-02
   2.0243370691604685E-01  -9.7928753957011664E-01   4.0631449562018859E-03   1.3148576034539769E-02
   8.4340576028355425E-01   3.8891137079050279E-01   3.7069484645779975E-01   1.1532325442610664E-02
  -1.6393823560651059E-02  -9.9960832960634746E-01   2.2681047830073213E-02   1.3121587303606530E-02
  -6.3791614633970681E-01  -4.9942983425232618E-01   5.8620203931562002E-01   1.3660996372878044E-02
  -9.1759170527869677E-02   8.0449098074541076E-01   5.8683431777915355E-01   1.6259419770420661E-02
   8.2999389029262413E-01   4.7231364508760220E-01   2.9669843737535552E-01   1.3727830744863522E-02
   7.5953898190937119E-01   6.0938144059695851E-01  -2.2749680177103885E-01   1.3306853698503215E-02
  -6.6618519131291966E-01   4.8515480227354217E-01   5.6641160714297580E-01   1.0445809147293350E-02
   4.5814523523664760E-01   3.1915696533683082E-01  -8.2960338409805309E-01   1.2877405992832802E-02
  -9.5193802060738050E-01   2.8709365192647071E-01  -1.0672975192337283E-01   1.2955101899431986E-02
  -7.0439189846948409E-02   8.7824846026382292E-01   4.7298833239090551E-01   1.3926511359168538E-02
  -3.7835347838873039E-02  -9.2085819803411723E-01   3.8805755445200400E-01   1.3780404188808819E-02
  -4.2847757341065095E-01  -7.6210391560012507E-01   4.8539117308731274E-01   1.3783212088029284E-02
   4.9553103445949986E-01   5.8754081043103170E-01   6.3972243196994771E-01   1.3204226460170553E-02
  -7.0110443177205521E-01  -6.0911278012578584E-01   3.7072118476965902E-01   1.4723528655589546E-02
   5.3973015952156053E-01  -6.6014126280569938E-01   5.2240297476577151E-01   1.2701675665033589E-02
  -9.0766046953282017E-01   4.0910557832115168E-01   9.3728852729436926E-02   1.3860056521321806E-02
  -1.9437765401280223E-01  -7.4528777003331665E-01  -6.3778010901818298E-01   1.4680978958524823E-02
  -3.8235886758550892E-01   9.2382698368629334E-01  -1.8584956061621175E-02   1.3903456032693095E-02
  -1.7854443000028428E-01   7.1897816532236591E-01   6.7170848163884180E-01   1.4480226584697524E-02
  -3.9374648274417548E-02   7.0261852934124018E-01  -7.1047648750653173E-01   1.6125648522861204E-02
  -2.6623062016859111E-01   5.4686126669282186E-01  -7.9376571598663145E-01   1.5910229494180705E-02
   8.6294480414943031E-01   3.1505890810851306E-01  -3.9504955311071148E-01   1.6957090320450046E-02
   1.6815521093229399E-01   1.7425878804629273E-01   9.7023589906009615E-01   1.3725122045160216E-02
  -8.8711038238327049E-01  -3.4720636308245387E-01  -3.0411003091457340E-01   1.3240595044319072E-02
   9.3073875707115583E-01   2.2014172300464709E-01   2.9199826690955760E-01   1.6232253303023272E-02
  -4.7988320747686579E-01   7.9868818511791843E-01   3.6305549181187322E-01   1.4406297406863634E-02
  -8.4466826705919473E-01  -2.5476390161703390E-01  -4.7077688245716062E-01   1.0833517041925617E-02
  -5.8042754609674744E-01  -2.2953974507266039E-01   7.8129083519780673E-01   1.3540847744400394E-02
   3.4137436479879590E-01   7.5320209735177368E-01   5.6227230378448105E-01   1.2001012040535035E-02
  -8.7886987249906507E-01   3.6949843245890350E-01  -3.0175926766860099E-01   1.4704251815804731E-02
  -7.0823272632908000E-01  -4.3458433278931396E-01  -5.5636576372971173E-01   1.2931634062998205E-02
  -3.0022680447433969E-01   8.0264170171903739E-01   5.1539321351439486E-01   1.4435775348443500E-02
   8.3316411058308066E-01  -4.9240400892296696E-01   2.5174561929236234E-01   1.2218706151595761E-02
   6.4064698518702991E-01   3.7783943999366478E-01  -6.6843757970063544E-01   1.4247981406035599E-02
  -5.8962663479407897E-01   8.0465761463159637E-01  -6.9760696361195515E-02   1.4554539625187330E-02
   6.7133145658687745E-01  -5.5556225121079103E-01  -4.9057584574308110E-01   1.5355470512657374E-02
  -9.8424199419551765E-01  -6.8716133969285051E-02   1.6292878749424768E-01   1.4511721809437729E-02
   7.8095409942225115E-01   1.6427230762246849E-01   6.0259879152216164E-01   1.7124261915897425E-02
  -1.1869092010952222E-01  -4.9300102895405641E-01   8.6189468668381792E-01   1.3909175443892565E-02
   9.4651315353732741E-01   7.7701988824662242E-02   3.1316968421850148E-01   1.2600647247168097E-02
  -3.3134312386745823E-01  -2.8741894123866558E-01  -8.9866683842400618E-01   1.2787847323385539E-02
   3.9637833825920560E-01  -7.6469813294310471E-01  -5.0805607803883283E-01   1.4179083295649284E-02
   6.1477005661331158E-01   1.3605587244207488E-01  -7.7688260185544857E-01   1.3631218509667131E-02
  -9.7127735072277481E-01   2.4656412179142934E-02   2.3666932482136400E-01   1.1965645862342098E-02
   9.3203803939030311E-01  -3.2965467171322986E-01   1.5044231634457885E-01   1.3533572695478854E-02
  -3.8648374534309564E-01   6.4914899762779576E-01   6.5516096759834603E-01   1.4263446297595314E-02
   5.0065102888587853E-01  -8.5719828857292483E-01   1.2066333885302442E-01   1.3577058207538850E-02
  -7.9881938736511246E-01  -3.3434709280655807E-01   5.0009959798167127E-01   1.4172306379969448E-02
   4.2420342363244110E-02  -1.1879886813518723E-01   9.9201176579896657E-01   1.3646044990453682E-02
  -4.6668762498640230E-01   8.5180906992417533E-01   2.3795791451318124E-01   1.3563181576047211E-02
   1.7403798551024605E-01   6.4279926385994858E-01  -7.4600260454012055E-01   1.3534116508461420E-02
   5.1365092851269897E-01   6.5889481846752762E-01   5.4956377412879575E-01   1.3330904027825001E-02
   1.5655329658951508E-01  -9.2819759147904967E-02  -9.8329830552009003E-01   1.3367518711882793E-02
  -1.9206120281933181E-01  -4.7995336014732830E-01  -8.5601242190454254E-01   1.3808689807017446E-02
  -2.6636503212253739E-01  -1.9106343214681331E-01  -9.4474569835413362E-01   1.4078154738746841E-02
  -5.6836878931796972E-01   3.5912205005685060E-01   7.4026229979122284E-01   1.3572022247329447E-02
  -2.5234358193639034E-01   1.2866034509216859E-01  -9.5904600111583615E-01   1.3817931152422488E-02
   4.3525180924723203E-01  -4.3916102690219664E-01   7.8593476510281643E-01   1.6050171552317586E-02
  -7.4085342829807929E-01  -5.5214351651408399E-01  -3.8245749430550318E-01   1.3980189619141116E-02
   5.2018472998043163E-01  -8.5394627888586178E-01  -1.3549888271684791E-02   1.6127781063000150E-02
  -2.4639951803122510E-01  -8.0324053518540985E-01  -5.4230242498907959E-01   1.2947955362513374E-02
  -1.6969385685648004E-01  -2.9028336705953435E-01   9.4177468736091647E-01   1.6292895737101287E-02
  -7.9043545430101014E-01   3.5402041917211009E-01  -4.9988132130852749E-01   1.4656527882268530E-02
  -9.6253159582291480E-02  -2.7624267032454978E-02  -9.9497348162719667E-01   1.4067140215216936E-02
  -3.6188767017726708E-01   9.1019728536788271E-01   2.0144035316342816E-01   1.3990213160498259E-02
   7.0031556220324677E-01   4.9224352148024905E-01   5.1696656458292720E-01   1.2490557655674787E-02
  -5.6774768381381548E-01   7.7981140071327823E-01   2.6373613108871274E-01   1.4278815304267324E-02
  -5.6953598148691284E-01  -1.0416693033202031E-01   8.1533920328716131E-01   1.4062660113696905E-02
   8.1824407454290231E-01  -5.7196753647502855E-01  -5.7704173974818786E-02   1.2737480928891640E-02
  -2.3634883699880813E-01  -6.3454068025954546E-01   7.3586503677309202E-01   1.6575508917791599E-02
   5.5259229923617105E-01   4.8755541996615594E-01   6.7596705784121411E-01   1.4228282871707563E-02
   1.3830658671865327E-01  -7.8967809403410482E-01  -5.9772886484835172E-01   1.3983308579856661E-02
  -4.7045970831009391E-01  -5.5193314813113634E-01  -6.8850378564742431E-01   1.3500342676811378E-02
  -6.6327576919252360E-01   7.4830895122988918E-01   9.9482416179661470E-03   1.2922598747387796E-02
   4.9576615797631875E-01  -1.6390619221388638E-01  -8.5284856613548001E-01   1.4216098149995675E-02
  -3.9029659726777094E-01  -1.7403687535821315E-01  -9.0409055529672972E-01   1.4500579906725247E-02
  -2.6647997860853127E-02  -9.8958864085776028E-01   1.4143622624808331E-01   1.4368355583823724E-02
   8.8073799357524542E-01  -3.6791110791559633E-01  -2.9823145934889083E-01   1.2620531558531324E-02
   7.1974865593029759E-02  -9.0583509581220837E-01   4.1747143365475025E-01   1.2682237719230116E-02
  -7.6946694765804579E-01   5.2151009840503013E-01   3.6871104366886804E-01   1.5605278617743662E-02
  -9.5327534262694495E-01  -2.7831914097509766E-01  -1.1749288023690749E-01   1.2850538322729583E-02
  -6.1766085357173983E-01  -7.1043292400300863E-01   3.3731310448538023E-01   1.4370999806706208E-02
  -3.1048194644105842E-01   9.3975856587546662E-01  -1.4302027407978902E-01   1.4422953708436098E-02
  -7.8729310102027687E-02  -8.8126065728219451E-02   9.9299319850144200E-01   1.4082369611782770E-02
  -9.8345584942433070E-01  -4.7054648941433665E-02  -1.7492984949992640E-01   1.3491188097010058E-02
   5.5988240081701228E-01   4.6791404467858832E-01  -6.8380417083248516E-01   1.2733770226718055E-02
   4.7534392928497286E-01   5.4323658673283308E-01  -6.9205647148681723E-01   1.3401850798391834E-02
  -2.9978622766113204E-01  -8.9903802793109761E-01  -3.1915332058192831E-01   1.3113815751741484E-02
   3.1209067398199321E-01   9.0223512962169412E-01  -2.9760910955478220E-01   1.6703835291820845E-02
   3.7126356166199911E-01  -2.8292681006509443E-02  -9.2809638076199334E-01   1.4270762756109527E-02
  -4.2017702967747379E-01   8.9867430672123855E-01  -1.2584019298505708E-01   1.1505099076847831E-02
  -7.5088352499756139E-01   2.7288919672843272E-01  -6.0141950267358934E-01   1.3611916402407187E-02
  -5.9298527763858110E-02   9.9448447368223096E-01   8.6511942586066830E-02   1.5464002012900883E-02
   7.4976437678508123E-01   5.6171610831235563E-01  -3.4975476117774380E-01   1.2874033268510305E-02
  -2.9366964196879209E-01  -3.1525313288453489E-01   9.0242650869331590E-01   1.4242308539176741E-02
   5.5087940564687523E-01   3.5018656061074104E-01  -7.5756270578861348E-01   1.4509577684035090E-02
   5.9186699936558149E-01   7.5747017913907637E-01  -2.7555831102871577E-01   1.4013193145644320E-02
   2.7338537399145117E-01  -9.3315679594705525E-01  -2.3340700817537656E-01   1.2476572346027579E-02
   5.8896245833637488E-02   9.9584831687575654E-01   6.9407218662231153E-02   1.3457733612447824E-02
   2.3593135373005624E-01  -9.1033360769686524E-01  -3.4004281939884117E-01   1.4345932066403833E-02
  -6.4512871652182015E-01  -1.9579489536917973E-02   7.6382300483055809E-01   1.4102167050628997E-02
  -5.3015980079994609E-01   1.5718179798888489E-01   8.3320133701089496E-01   1.3225189686051135E-02
   9.5728937142967467E-01   2.3121049933689770E-01   1.7360519676599803E-01   1.2484832285964109E-02
  -7.9635718198532421E-01   5.9616725367520819E-01   1.0197962711126784E-01   1.5891523967609215E-02
  -9.7413024330446837E-01  -1.6423195794837040E-01  -1.5523573386312161E-01   1.4302164802001254E-02
   4.1733552477713526E-01  -3.1958589511163024E-01   8.5070318878248656E-01   1.2620657930898928E-02
   9.7110548556554387E-01  -6.3790944596034071E-02  -2.2996706566822826E-01   1.6324311178775772E-02
  -5.1739970885240520E-01  -6.8382705340706326E-01   5.1446875736827770E-01   1.5139865092825724E-02
   2.9221500247482401E-01  -9.3409647121036734E-01   2.0511990347350006E-01   1.1049770096712092E-02
   8.4346975622025350E-01   2.0966250196403417E-01   4.9457093081976379E-01   1.4133847980541673E-02
  -3.2634275595529032E-01   8.7859569005196203E-01  -3.4866892470884538E-01   1.4398114063705371E-02
   2.5144058535028355E-01  -8.2590982087520110E-01   5.0462917060015444E-01   1.5149436526036743E-02
  -6.9705823857460202E-01   2.0112110498979767E-01  -6.8822969506041795E-01   1.3217719331228683E-02
   2.0789595725387899E-01   1.2023983829742075E-01  -9.7073253383396167E-01   1.3363041935375998E-02
   5.8442005256516713E-01   7.3015708846751126E-01   3.5401105677700805E-01   1.3609949459942010E-02
  -5.8599692482355756E-01  -5.3361945229407483E-01  -6.0980151215842788E-01   1.5687581470293920E-02
   3.6318479689424658E-01  -8.8841617288130496E-02   9.2747181646803369E-01   1.4400621046742787E-02
   3.0176842305845612E-01  -3.0302650968570450E-01   9.0394178644009599E-01   1.3682153819680631E-02
   9.5570872714840042E-01  -2.9273718959152219E-01   3.0426414222539941E-02   1.3509338393161758E-02
  -9.1157925509482673E-02  -6.6428818830090072E-01   7.4189718661059398E-01   1.4071053921789767E-02
  -8.6839058882309583E-01  -2.5889891994602836E-01   4.2292923107094022E-01   1.4274610174656885E-02
  -6.4005617842717912E-01   7.5490580568357765E-01   1.4298710781893446E-01   1.6288454784017211E-02
  -2.7619943023446857E-01   9.1310693636180211E-01   2.9991598407907279E-01   1.3402928212152425E-02
   7.0896646656587947E-01  -2.6183091542640668E-01   6.5483671324389085E-01   1.4801650419966321E-02
   3.6551071777186909E-01  -8.8572832843132367E-01   2.8615947198746756E-01   1.3395799447178156E-02
  -7.0133059033450964E-01  -7.1274431588965159E-01   1.1443042778948686E-02   1.3565276852724164E-02
  -5.5155631828879645E-01   3.1996243028010962E-02   8.3352376582062746E-01   1.4203739357091436E-02
   7.9296745409698887E-01   1.8342957024200954E-01  -5.8099587735522835E-01   1.4184895199985407E-02
   8.8236975396332955E-01  -3.0621544862078691E-01   3.5728940134947091E-01   1.3739401372676742E-02
   5.8711235286351062E-01   1.8249140103281281E-01   7.8866721350906541E-01   1.4118464637970915E-02
   7.8022393014323352E-01   6.1596127456014571E-01   1.0882245666261911E-01   1.4808193020076744E-02
   7.9724676119949142E-01  -2.3169850420272330E-01   5.5741672463888409E-01   1.4001654021133395E-02
   5.3711464458119886E-01   8.0283177616983145E-01   2.5878368910811602E-01   1.4000409188540681E-02
  -6.5115847821178594E-01  -3.9419099485695898E-01   6.4854151434321600E-01   1.5057627934607388E-02
   7.4987474760219683E-01  -3.4827619041555002E-01   5.6248694038010622E-01   1.3874048133635072E-02
   8.3941020087718154E-02   1.4735582023084350E-01  -9.8551517867089639E-01   1.4815970528177979E-02
  -1.8487739317511437E-02  -7.3328290668057247E-01   6.7967226092067232E-01   1.3304407968586822E-02
   9.5617600196175196E-01   2.5136267061165495E-01  -1.5014746449879257E-01   1.3730519345646789E-02
  -3.5290137053299277E-01   9.6551075855470678E-02   9.3066562869114619E-01   1.0379343756878065E-02
  -5.7469165317731860E-01  -2.3789226713562925E-01  -7.8303050579488333E-01   1.5997170929756412E-02
   3.5888109487023571E-01   9.3173451671367963E-01  -5.5454036003401849E-02   1.3151673577079885E-02
   6.4132218769306978E-01   7.6636213334846807E-01   3.7348790370772704E-02   1.4366918636501884E-02
  -4.4975881126355616E-01   8.8749987884561587E-01   1.0030442034033189E-01   1.7118816455123115E-02
  -3.9471409556342521E-01  -3.7521189821642790E-01  -8.3869947788249650E-01   1.3989588059948983E-02
   3.0101296894889069E-01   2.0027506699580914E-01  -9.3235244948699431E-01   1.5346321655495438E-02
  -7.2882928002092945E-01   8.7380779173151470E-02  -6.7909681196075899E-01   1.2558197914425786E-02
   8.5127843624237549E-01   9.3935210144494032E-02   5.1623754249748792E-01   1.3608808901928570E-02
   1.8126713942334022E-01  -2.7188086328766543E-01   9.4510476686091955E-01   1.4740649805841621E-02
  -7.6311699891983870E-01  -4.5689484536382627E-01  -4.5705529888575204E-01   1.3421165382743194E-02
   5.1423813597924397E-01  -3.3334760228124107E-01   7.9021422130833620E-01   1.3715070235265240E-02
   6.4054787293925574E-01  -7.1020480593011550E-01   2.9207457285214344E-01   1.5406353233403573E-02
   1.8047400734431061E-01   9.4290546966601525E-01   2.7992571862370381E-01   1.3180288258697259E-02
  -5.5831702235121385E-01   3.5435386658643563E-01  -7.5014361277565830E-01   1.3888153319797451E-02
   7.1875971988225062E-01   2.7873475252474082E-01  -6.3693908877518277E-01   1.4074243333480433E-02
  -4.4058523976100101E-01  -4.6529499508488250E-01  -7.6771427891742396E-01   1.4735206030460863E-02
   8.5067958784137616E-01  -4.6956236553710857E-01  -2.3633752072242173E-01   1.5526291099480758E-02
   1.7537217033583916E-01  -4.2127307538080707E-01  -8.8981660910037767E-01   1.5525752320802177E-02
   8.8413371285107658E-02  -8.6069050663644546E-01  -5.0139298715069866E-01   1.6504804727447011E-02
  -7.0920634472830643E-01   3.9112279702689885E-01  -5.8655717389097699E-01   1.4355987426466221E-02
   9.1794056965108214E-01   3.5509030244164390E-01  -1.7690672033743879E-01   1.3804406415586842E-02
  -1.0068715459354891E-01   7.7020954671901051E-01  -6.2979310177450420E-01   1.1375527768828304E-02
  -6.7593310435969939E-01  -5.3791684188318065E-01  -5.0374587804674373E-01   1.5460575978035642E-02
  -2.4733813523544405E-01  -5.7822955553694432E-01  -7.7747953539742828E-01   1.5288112082543038E-02
   2.5157703817018943E-01  -5.4381581171272026E-02   9.6630825179899364E-01   1.4630275418275813E-02
  -9.5133005142288915E-01  -1.3361383005942306E-01  -2.7770213840835817E-01   1.3891469861291310E-02
   5.4264257179065191E-01  -7.6428736173649225E-01  -3.4843057840881206E-01   1.3325627142840343E-02
  -6.0848557951173063E-01   4.4419998993911580E-01   6.5759536834162908E-01   1.5184835246738379E-02
  -6.7103530974754486E-01  -2.6038951397865051E-01   6.9419659613252111E-01   1.4221978777689741E-02
   1.8387802392554776E-01  -9.7495632438418429E-01  -1.2509611449008686E-01   1.6671576760754776E-02
   2.8684097654238712E-01  -1.1457048963494951E-01  -9.5110244300023634E-01   1.4195444328567557E-02
  -4.1632007864531805E-01  -4.8162025179858778E-02  -9.0794163438369253E-01   1.4249343447415697E-02
  -7.7271685663754778E-02   2.4199107451848149E-01   9.6719667412996859E-01   1.5231494349864689E-02
   6.9178417463766237E-01   1.8033235464164290E-01   6.9922449727558095E-01   1.4689113866700836E-02
  -3.0938305196527342E-01   7.9049241128461700E-01  -5.2858667676936832E-01   1.1608332643222212E-02
   9.5749271815750560E-01   2.8268043285784925E-01   5.7440991936513139E-02   1.4851716550601839E-02
  -5.8515008071202290E-01   2.2896551929245103E-01  -7.7792941454726562E-01   1.5560284293725601E-02
   4.1629896786987599E-01  -9.0621686028697503E-01  -7.3933561270193113E-02   1.4103464130683860E-02
   9.3666839078260348E-01   3.4557345928132394E-01  -5.6844612313457503E-02   1.5266143423414655E-02
  -1.7975678764057523E-01  -1.1376085034407226E-01  -9.7711103065421109E-01   1.4469677874364997E-02
  -8.6869015919269205E-01  -1.4628356395294264E-01  -4.7326369630365752E-01   1.4101518188795843E-02
  -8.6168023940264308E-01   5.0549292807990688E-01   4.4542840998367330E-02   1.3308760200437308E-02
   2.3292243060546100E-01  -9.2394469543732160E-01   3.0343589289021006E-01   1.5103135130657808E-02
  -3.9380697020413171E-01   8.0210195716408332E-01   4.4894155580898162E-01   1.2449758729331867E-02
   8.9076176245142928E-01  -3.7666939985514575E-01   2.5429047517983791E-01   1.4697705794981541E-02
   7.0636945905540757E-01   1.7468754379002890E-01  -6.8594930523937227E-01   1.3811949721982099E-02
   4.1182288584054536E-01   1.1884264648299618E-01   9.0348123172254268E-01   1.4272672207517025E-02
   2.3999090726781431E-01   9.7005204747933539E-01  -3.7461842051884484E-02   1.4749336887382895E-02
  -8.1800313491545590E-01   4.2035077034426979E-01  -3.9265264692787393E-01   1.4099941773331954E-02
  -6.8968839908438370E-01   6.3549372664543044E-01  -3.4709888441584308E-01   1.3112870900312969E-02
  -1.3396406489139269E-01  -8.8095057012985744E-01  -4.5384988961732037E-01   1.6290033510794918E-02
   2.6098582602890263E-01   7.9797612377903961E-01  -5.4324994660891610E-01   1.2768423732713336E-02
  -3.9610356668900710E-01   7.2700732111546253E-01   5.6085855569899800E-01   1.5047515862210278E-02
  -6.9462643288916243E-01   6.8132640702891924E-01  -2.3084290289446012E-01   1.4743183836422819E-02
  -7.8505509583361758E-02   5.4090821284731198E-01   8.3740981021205129E-01   1.4121088302042787E-02
  -2.9298896703247830E-01   7.1397449607382945E-01   6.3592286022234070E-01   1.3799742263310772E-02
   9.3841104225114833E-02  -5.6183158591138528E-01   8.2191186646142835E-01   1.3241762029593195E-02
   2.3214457953612996E-02  -6.2581013806074015E-02  -9.9776986607780653E-01   1.4177215963847911E-02
  -3.5301511562173826E-01  -6.3369466783926222E-01   6.8833959358347094E-01   1.4334720838011520E-02
   3.2566614622497018E-01  -4.0774493077873259E-01   8.5304491829400337E-01   1.4010871548182210E-02
  -5.7940406746862738E-01   5.6010954603932407E-01   5.9208801966973831E-01   1.6503407821901971E-02
  -6.6027250417581653E-01   3.1082525193568195E-01  -6.8368697734307923E-01   1.5394172567422168E-02
  -9.3972682449761126E-01   2.4779952354089584E-01   2.3560325008908646E-01   1.4585613503003567E-02
  -2.6266443762763680E-01   6.4301834875831866E-01  -7.1939891323651758E-01   1.0984046573945380E-02
   5.9018753982872276E-01  -5.6419758052017563E-01   5.7737315313937118E-01   1.4599245900275250E-02
   1.5687786488242179E-01  -6.9783406743753841E-01  -6.9886833512008088E-01   1.4337086972046804E-02
  -2.1097839322054912E-01   7.8347076350524282E-01   5.8451833189951134E-01   1.1398971163718361E-02
  -5.8811564008708216E-01  -5.9692318022384682E-01   5.4571302971104751E-01   1.3487376865317826E-02
  -9.1641001501932848E-01   2.4624653292444866E-01  -3.1552389670984086E-01   1.3724811246469392E-02
   6.6627623253462733E-01  -1.1758807815438481E-01  -7.3637560105928390E-01   1.5622350442729578E-02
   4.1176958006921395E-01   9.0961145742845435E-01   5.5252234746715274E-02   1.5024967147231760E-02
   4.9368415254052449E-01  -8.5541166392248477E-01  -1.5667432066458824E-01   1.3124305291207272E-02
  -5.4518046197293763E-01  -4.4006185764158107E-01   7.1352913418585437E-01   1.5339156350132101E-02
   9.0941587874334697E-01   3.1745974479079501E-02   4.1467451403943282E-01   1.5117658465447947E-02
   6.0249298182558783E-01   7.8068460569992232E-01  -1.6593297825950266E-01   1.2208489633091317E-02
   5.0032840961486781E-01   7.9429635506825064E-01  -3.4462266735887903E-01   1.5313819570234141E-02
   9.3004657676542752E-01  -3.6430501243615833E-02  -3.6563121259822537E-01   1.5064488301593616E-02
   2.5237768293583053E-01  -8.0718580806988846E-01  -5.3362587681492996E-01   1.5396405465304421E-02
  -5.8783564909560954E-01  -1.1112215553662383E-01  -8.0131212158636273E-01   1.3277059972532183E-02
   6.0290628777000332E-01   3.8277807541001278E-01   6.9998925216948908E-01   1.4870212359923684E-02
   3.7072518387733701E-01  -7.9224248189965065E-01   4.8467998505467138E-01   1.3111215854727660E-02
   5.8258750106529495E-02  -4.6288392384318113E-01  -8.8450234091468917E-01   1.1786783526586082E-02
   8.6148495212652846E-01  -5.0676491176177238E-01   3.2140340176112509E-02   1.5307468102040806E-02
  -2.5458885807316713E-01   9.3389932005014504E-01  -2.5103102070237754E-01   1.3695493093228183E-02
   1.8952701965870863E-02   7.6999856251224487E-01   6.3776406987009659E-01   1.2946696637724115E-02
  -9.2979041122766741E-01   3.6747803714076936E-01  -2.1205739983607814E-02   1.5500740751403894E-02
  -1.0392606334167937E-02  -9.9550761869072150E-01  -9.4109377122113020E-02   1.3102287750768675E-02
   2.8952052438519878E-01  -6.5866846660195674E-01  -6.9450249608186886E-01   1.3336211759819338E-02
   1.3567035982891573E-01  -5.3247651735902676E-01  -8.3550123394588400E-01   1.5099880471731424E-02
   7.8694208791743305E-01  -6.1562430275248143E-01   4.1579659987452011E-02   1.3343164323364746E-02
  -9.2056130539880562E-01  -8.5217590926529691E-02  -3.8118872648482863E-01   1.2590336989157286E-02
   3.3894762638919955E-01   3.0503693122189869E-02   9.4031060361512182E-01   1.3157053576879300E-02
   7.3090019205880452E-01   7.6610695799477035E-02   6.7817085644955472E-01   1.1175945355575807E-02
   1.4990602980569827E-01  -9.5647685644329136E-01  -2.5036015121471031E-01   1.4822965707724038E-02
  -7.2273233725546237E-01   6.8605907630987070E-01   8.3551855144596434E-02   1.1947973303244854E-02
  -8.1227479217974600E-01  -9.9837433833733673E-02  -5.7466698947724967E-01   1.3305280294068801E-02
   3.2545911864583447E-01   3.6700396853235099E-01   8.7142667458127629E-01   1.5704274607448525E-02
  -6.7239213911484192E-01  -1.1615730749476211E-01  -7.3102413857008468E-01   1.2328681931840288E-02
   3.0503928049589257E-01  -2.4585442089456450E-01  -9.2005795528387572E-01   1.5348133019019214E-02
  -2.6146241399167715E-01  -8.6045017967981820E-01  -4.3733613429330695E-01   1.4652326298720441E-02
  -5.6518687652179133E-01   8.2364185588530087E-01   4.6667845904418108E-02   1.3821098734694314E-02
   2.6164273621715130E-01   4.6013123157058881E-01   8.4842343692176207E-01   1.0760607469991243E-02
  -2.0625352418070446E-01   4.4741265515141916E-01  -8.7021916766605222E-01   1.4441908292911382E-02
  -8.3270121268815415E-01   2.1244049912297686E-01   5.1134892658541675E-01   1.5334356507768025E-02
   6.3457269327624512E-01  -6.0733456735561279E-01   4.7797721728457212E-01   1.3834471149832205E-02
  -5.2293222496416653E-01  -7.4797562335371816E-01   4.0874729963957312E-01   1.4022997581331983E-02
   8.0905338027210156E-01  -5.6530930664378411E-01   1.6080427759301181E-01   1.5181893731245372E-02
  -9.3941549161510202E-01  -3.4207852193271710E-01  -2.1927584132409494E-02   1.5125694304084229E-02
  -6.8916767934743949E-02  -8.0927671411384700E-01   5.8337096181634144E-01   1.3143065651478240E-02
   5.3364093716462503E-01   8.4447445921632198E-01   4.5719119778942980E-02   1.3461802947411485E-02
   7.2811940185907078E-01  -3.3006368006076121E-02  -6.8465518058905869E-01   1.2804535804900738E-02
   1.0097171417400270E-01  -9.4458653015007651E-01   3.1234756281393005E-01   1.5862971222770713E-02
   3.6767861201860361E-01   4.7825362058388325E-01   7.9754994367906526E-01   1.5510942603536374E-02
  -7.9409124338961358E-01  -5.4631741027048787E-01  -2.6637639611513046E-01   1.2919187698091487E-02
  -8.9419205223807587E-01   1.7408380819016269E-01  -4.1245048362229921E-01   1.5036514157837236E-02
   2.7007367350594440E-01  -1.8252210005682664E-01   9.4538134838267797E-01   1.3128629754810938E-02
  -7.3980399774141289E-01  -2.9832991529202326E-02  -6.7216072299877946E-01   1.5495994884488128E-02
  -7.4757099763018199E-01   2.7098041799357326E-01   6.0638866790717891E-01   1.3738225823622089E-02
  -7.3032787239733920E-01   6.5593424357264993E-01   1.9071304860536226E-01   1.3546747136450247E-02
   6.7705128763973867E-01  -1.5984147546729876E-01   7.1836777254120240E-01   1.3863739310357548E-02
   1.7856227473134291E-01   7.2565216860087176E-01   6.6448810692714470E-01   1.4672732782739112E-02
  -7.9105564015482077E-01   1.5559556714016222E-01  -5.9162572092969210E-01   1.4804445690607925E-02
   4.2764559248623328E-01   8.6274930965609044E-01   2.6978301635766079E-01   1.4524470150469415E-02
   3.0669382164164415E-01  -8.6558809038260484E-01   3.9584865486021154E-01   1.4484041809514196E-02
   1.8319553369189929E-01   8.6188718575477611E-01  -4.7285291102736408E-01   1.4518038386533231E-02
  -4.8976026089114981E-01   8.7110093731532955E-01  -3.6304873780076913E-02   1.3891278234731845E-02
   1.1267790925768421E-01   2.4759546538140391E-02  -9.9332303588537733E-01   1.4122018784132757E-02
  -3.8720708566718959E-01   4.4996917604960700E-01   8.0473499576839540E-01   1.3188714361111721E-02
  -8.3367456924281224E-01  -4.9381087886421717E-01   2.4726004228981466E-01   1.3945037066855217E-02
   2.2986018687703326E-01   7.9130229783706793E-01   5.6657300317490566E-01   1.3988726593727016E-02
   2.2649509125480991E-01   6.4436315247559612E-01   7.3040817449504693E-01   1.3498198867227959E-02
  -6.0747033370042782E-02   7.1366220872977583E-01   6.9785102261706031E-01   1.3427717597804553E-02
   8.7344751523405044E-01   4.5694805544922738E-01  -1.6819010896195103E-01   1.2097366083281602E-02
  -9.1363405180969490E-01   4.7321349285455749E-02  -4.0377408197605202E-01   1.3810334298557354E-02
   9.6930107916525916E-01  -2.0729940545490892E-01   1.3222093036696329E-01   1.5242195016648762E-02
  -3.8936534276210332E-01   8.8980231988949807E-01  -2.3800517089974544E-01   1.5301223292431953E-02
  -1.5647200039866082E-01   1.4063492852389867E-01   9.7761870377479969E-01   1.3939765165036151E-02
   7.6971788746368643E-03  -5.6328808624004134E-01  -8.2622471842556457E-01   1.4070624351461487E-02
  -8.8764722158819502E-01   3.3034191486547537E-01   3.2086855453560527E-01   1.3487282663880759E-02
  -1.6231664043384759E-01   6.1561422974779045E-01  -7.7115006864442650E-01   1.4024244010807156E-02
   2.9967428093462711E-01   6.9462042899642550E-01   6.5398607398562846E-01   1.2498747745805793E-02
  -6.9418839224687003E-02  -4.7360410766198670E-01  -8.7799782116266698E-01   1.5513851532285915E-02
   1.2212655384221275E-01   6.0721998852356957E-01   7.8509170826347487E-01   1.4528200952201373E-02
  -7.0136369916914400E-01  -6.6671542374800321E-01   2.5214976744842498E-01   1.4096668222084234E-02
  -9.6260208705313115E-01  -2.5178639058245804E-01   1.0000417750481338E-01   1.5011093884810438E-02
  -6.9803999893136223E-01  -5.3632245356950942E-01   4.7444534531290880E-01   1.6628949754316546E-02
   7.9627582753580599E-02  -6.3940777445407039E-01  -7.6473338231864467E-01   1.2867436893863570E-02
   6.0389849890861482E-01  -3.2715632973302759E-01  -7.2682552165670157E-01   1.3306985594763989E-02
   1.7163988894300496E-01  -6.3523403948110015E-01   7.5300561990476335E-01   1.3380749169019179E-02
   8.1843331541241308E-01  -4.5151822152905722E-01  -3.5538458583664382E-01   1.3030391054068000E-02
   7.1466925073776668E-02  -9.7593806790149528E-01   2.0600331609271629E-01   1.0912220182945928E-02
   7.2685748624361368E-01   3.8115426722729456E-01  -5.7131394107446675E-01   1.3184906654010235E-02
  -6.2557062127439611E-01  -7.4986880569981515E-01   2.1530947967216653E-01   1.3576320490879112E-02
  -1.3006067890141204E-01   9.5413137513251964E-01  -2.6966189718132351E-01   1.5511328673585753E-02
   5.1539600489833317E-01  -5.7521460484702302E-01  -6.3521265455398516E-01   1.4084160663401039E-02
   7.1716664055496117E-01  -5.2921619747594386E-01   4.5343381656446153E-01   1.2704553681237422E-02
   4.3241013933888723E-03  -4.5242355057407470E-01   8.9179270743434955E-01   1.5997616346570739E-02
  -2.7487555021910039E-02  -5.7084840758504631E-01   8.2059522901155990E-01   1.5326446764905597E-02
  -8.4793108881447274E-03   6.2139604603758682E-01   7.8345073569160383E-01   1.4355342352122000E-02
  -4.7288638984732118E-01  -5.4393570414867671E-02   8.7944289285586378E-01   1.3486599956075879E-02
  -9.0395308335921367E-01  -2.8944872204210323E-01   3.1478287817726640E-01   1.4040952994669957E-02
   9.7378305161556397E-01   5.2184423821869971E-02  -2.2141218190664080E-01   1.2671949788809022E-02
  -7.7377707269374571E-02  -7.4148552478953337E-01  -6.6649224072402013E-01   1.3227479562378459E-02
  -7.8542993436096031E-01  -2.2736220877497883E-01  -5.7567894197260729E-01   1.6511980616065951E-02
  -2.8002869289287342E-01   4.1758194062340203E-01   8.6441266419569675E-01   1.5899298354786976E-02
   6.3888192683300948E-01   6.6143709090254523E-02   7.6645606091538276E-01   1.7133425464894511E-02
   1.0162663163913414E-01   9.7855700595058667E-01   1.7915974393458800E-01   1.5167609634216210E-02
  -1.2463609841657363E-01  -5.7035125775175927E-01  -8.1188994682313957E-01   1.3401444463356737E-02
  -1.9516801214590094E-01   9.6951348707002278E-01  -1.4816560135315586E-01   1.3505948626995176E-02
  -1.9035051279593409E-01   2.5057446367526514E-01   9.4919919955306433E-01   1.0614706543793681E-02
  -2.1777324552602417E-01  -2.9785411605728334E-01  -9.2943947574911849E-01   1.1720157156818693E-02
   3.7098745580643504E-01   5.7662304393834373E-01  -7.2792456534557707E-01   1.3489996536822095E-02
   4.7742932185035353E-01   2.0978223232615214E-01   8.5326001760176701E-01   1.4530106305584959E-02
  -1.4187017020728571E-01  -7.3576859153028104E-01   6.6220648933916539E-01   1.4760449899880214E-02
   7.7455777636318288E-01  -5.3125828312206193E-01   3.4325630029108076E-01   1.5280784861330685E-02
  -4.1745611029892968E-01  -8.9818260546256034E-01  -1.3783469526419898E-01   1.4005415425470650E-02
  -8.2037200113990333E-01  -4.5348339582930323E-01  -3.4834263226431776E-01   1.4351802758653078E-02
  -9.6833577559209533E-01   2.4961592161455548E-01   4.2092024150673399E-03   1.4385539977577832E-02
   1.3172195316051527E-01  -3.5247143423258284E-02   9.9065986389682674E-01   1.3705288244634199E-02
  -3.9825380042033771E-01  -6.5213044959340713E-01  -6.4507347423674046E-01   1.5305912875074410E-02
  -1.2778163631188299E-01   1.0506907150907143E-01  -9.8622124476898154E-01   1.4135815363897592E-02
  -2.3942256378244732E-01  -7.2315474226348861E-02   9.6821862620962733E-01   1.5729649358922843E-02
   9.8924377615728733E-01  -8.7805459750002228E-02   1.1699124998119083E-01   1.4069743527943057E-02
  -3.6108993938610001E-01  -5.6270109520087903E-01  -7.4362728105810758E-01   1.3532240158174193E-02
   5.1385402133136484E-01  -2.9532979184593518E-01  -8.0544047502582198E-01   1.3999773621683853E-02
  -8.6117623499082736E-01   2.8218534133533355E-01   4.2278472704496401E-01   1.4367693591834851E-02
   2.1445485180718693E-01  -3.1757886060988189E-01  -9.2366270024835728E-01   1.0139234422979535E-02
  -7.6181491124937696E-03   6.0702406022371837E-02  -9.9812683648281641E-01   1.3783122519482422E-02
  -4.8536296337978814E-01   5.7174860465510599E-01   6.6145772869785846E-01   1.2351084623204577E-02
  -5.5895256093094047E-01   5.3582008621867966E-01  -6.3282609762347039E-01   1.4555998216831267E-02
  -7.9608918207599721E-01   1.7682860316397888E-02   6.0492092924001266E-01   1.3930803859314402E-02
  -4.6108230067026152E-01   5.6226889152481156E-01  -6.8648146779944339E-01   1.0664722609404870E-02
  -5.4618383896160285E-01  -4.4851509946546013E-01  -7.0747255749509765E-01   1.3892908702272650E-02
  -5.9831530545113222E-01   6.7222365359574602E-01  -4.3604375331989890E-01   1.4282777447724925E-02
   6.5353086425906994E-01  -7.5608970151126806E-01  -3.5011037251055157E-02   1.2586177443899004E-02
  -1.3266691893652338E-01   9.7617324479682814E-01   1.7171279731785171E-01   1.0867678454576772E-02
  -9.6085821032267126E-01   1.3666315949097394E-01   2.4098688863392112E-01   1.3241441352447580E-02
  -3.8513931472146998E-01   8.6415628374450488E-01   3.2388520423255422E-01   1.4297845737713304E-02
   5.1392891383059282E-01  -7.2166860060120185E-01  -4.6375802142411499E-01   1.3493423637744743E-02
  -8.7137525949581764E-01  -3.0859751509627013E-02  -4.8964561968362430E-01   1.4831640591176422E-02
  -3.9055515507837942E-01  -7.0410086388508990E-01   5.9305028818640099E-01   1.3306284417633920E-02
   4.3303726648307536E-01   1.9092771671030966E-01  -8.8092300051063130E-01   1.6544580964920438E-02
  -7.4869586242960224E-01   6.6228897842971159E-01  -2.8771767956161525E-02   1.3964453675883308E-02
  -8.8691885596401416E-01  -3.9598457173934047E-01   2.3784692951538293E-01   1.4593374863987824E-02
   3.5086199208002426E-01  -8.7803561177783464E-01  -3.2549858212219695E-01   1.4116859111024526E-02
  -3.9522710990027043E-01  -8.8029804616661664E-01  -2.6243262281034547E-01   1.4341706399722786E-02
   8.1410821591962765E-01   5.4390887063172854E-01   2.0344766703080852E-01   1.3280704555645153E-02
  -1.8074745647893557E-01   3.3460173235832084E-01  -9.2486325350248712E-01   1.3025090340712905E-02
  -9.1876250804085266E-01  -4.7858581652157994E-02   3.9189923447325814E-01   1.4234308735129996E-02
   1.1285505166350981E-01  -7.2293510198004238E-01   6.8163668888868658E-01   1.4369001754093688E-02
   1.2200646412913853E-01   7.9762846499816468E-01   5.9068033193545304E-01   1.2401774690154405E-02
   1.1930641564456228E-01   4.5296810659531026E-01  -8.8350770997966208E-01   1.2601838865488086E-02
   3.1919779447213243E-01   8.0650931203008120E-02  -9.4425007032047076E-01   1.3432969371252554E-02
  -4.9927225553849359E-01  -3.1874812809169803E-01   8.0568408553696997E-01   1.5786515785216317E-02
   1.2337113475115599E-01  -4.6493649630185442E-01   8.7670611810159506E-01   1.2646714764531625E-02
  -3.2489544650067347E-01  -7.3046969372942776E-01  -6.0071372165613468E-01   1.3107483212842974E-02
   6.8732786862366870E-01  -4.6964951531353698E-01   5.5408459081534164E-01   1.5475213814532229E-02
   8.3338048009157379E-01  -4.2289334322921536E-01   3.5586260783447745E-01   1.4326310276610332E-02
  -7.9896687582039227E-01   5.5044881698445902E-01   2.4219420146281676E-01   1.4318639138189983E-02
   1.7902680966010622E-02   7.8700095937833882E-01  -6.1669196845086569E-01   1.4448660743403404E-02
  -3.4244053257627697E-01  -9.2159612651203595E-01   1.8274315649809448E-01   1.4586519265550439E-02
