   0.0000000000000000E+00   0.0000000000000000E+00   1.0000000000000000E+00   1.2919162720325505E-02
   1.2689333892066692E-01   0.0000000000000000E+00   9.9191636771330919E-01   1.2825946573392505E-02
   6.8723492854730183E-02   1.0016686507733996E-01   9.9259441902038911E-01   1.3305035332159800E-02
   2.1310659545478696E-02   2.1325509010671424E-01   9.7676410782405085E-01   1.3364288894714355E-02
  -5.5276090038190126E-02   1.1218289104636605E-01   9.9214895697499425E-01   1.3632739704200755E-02
  -1.2599216616094566E-01   1.4307564094057221E-02   9.9192805569545576E-01   1.2837864334349631E-02
  -2.4132338033585041E-01   6.5209466502765680E-03   9.7042284771024576E-01   1.3098921286031135E-02
  -5.8226252414090113E-02  -9.6807468799266551E-02   9.9359851927953748E-01   1.3376352749311122E-02
   1.1985347210612111E-01  -2.1080974352178003E-01   9.7015173929668776E-01   1.3489224972990769E-02
   5.2350895677393101E-02  -1.1201771295603601E-01   9.9232626474656697E-01   1.2488431342026145E-02
   2.4517862524143754E-01   1.8650982639254101E-01   9.5136823910815042E-01   1.1193341066966389E-02
   1.3474776080771775E-01   2.0730805429671019E-01   9.6895119153702395E-01   1.2368563640653162E-02
  -4.0636807366443923E-02   3.1463354583431253E-01   9.4834296629583860E-01   1.3520423864604833E-02
  -1.0236513313271471E-01   2.2334952695392455E-01   9.6934842462768759E-01   1.2646166784560584E-02
  -2.2931933487851674E-01   2.2098636303753318E-01   9.4793336791270217E-01   1.3618438562229724E-02
  -1.7709265850258275E-01   1.2209581165484675E-01   9.7659142074914413E-01   1.3161607744449637E-02
  -3.0496365681476316E-01  -9.8443705292541352E-02   9.4726237384921105E-01   1.2841823330431816E-02
  -1.8186027282362072E-01  -9.4201709153997406E-02   9.7880175682360928E-01   1.2839620592820521E-02
  -1.1900935179706610E-01  -1.8694855271273498E-01   9.7513435629325257E-01   1.0399085604188620E-02
  -1.1630142099310998E-01  -2.9130719366727486E-01   9.4953362151778506E-01   1.2627709643370654E-02
  -6.4430681809225722E-03  -2.3294014855373692E-01   9.7246972912486011E-01   1.6145838925972427E-02
   1.6513159327555810E-01  -1.0248687727657557E-01   9.8093220810021914E-01   1.1936734392375325E-02
   2.5712988104704330E-01  -2.8576419350553070E-02   9.6595424970846046E-01   1.4954662134316807E-02
   1.9178572680262790E-01   9.2679782993315935E-02   9.7705101853439551E-01   1.2892869730858926E-02
   2.3031012554754264E-01   2.9707603488701845E-01   9.2666233093078851E-01   1.4601799234624754E-02
   3.4169345600329710E-01   2.2444819020550692E-01   9.1261634438464636E-01   1.2734611750526465E-02
   1.0389751597272129E-01   3.1265840019396651E-01   9.4416631530829757E-01   1.3958982341670245E-02
  -7.9801644867671814E-02   4.2461779468981486E-01   9.0184889305757423E-01   1.3195814693488596E-02
  -1.6110073787258503E-01   3.2662708412064715E-01   9.3132233956657159E-01   1.2752381078407515E-02
  -2.7539853574339181E-01   3.2099916876243468E-01   9.0615405983983858E-01   1.3033384694113283E-02
  -2.9551671587258908E-01   1.2094071121025509E-01   9.4765142062460778E-01   1.2794060876956681E-02
  -3.5035005881390719E-01   1.3156418191843717E-02   9.3652642512075061E-01   1.3373535379588878E-02
  -4.2055201890492615E-01  -1.0461439375849410E-01   9.0121685959236987E-01   1.4694316218307436E-02
  -3.4723595882405278E-01  -1.9449103265684030E-01   9.1738782808342111E-01   1.0963911983469547E-02
  -2.3155956844255904E-01  -2.1209657747577885E-01   9.4941835251155577E-01   1.6013113635679441E-02
  -2.1516393301476952E-01  -3.4546513777481182E-01   9.1343216524920229E-01   1.3369545621956127E-02
   9.6498415608665908E-02  -3.2123270502615404E-01   9.4207091293946501E-01   1.2393586241013399E-02
  -8.3954433188353032E-03  -3.6245246860532951E-01   9.3196444381391643E-01   1.3348903592720884E-02
   2.4754010702487057E-01  -1.6634588282509088E-01   9.5449093378683098E-01   1.2302350507044392E-02
   3.2592999841157150E-01  -2.3447209799711861E-01   9.1585614121228804E-01   1.3722211122888590E-02
   3.5437323204876669E-01  -1.1356909082277060E-01   9.2818191860055119E-01   1.3453453429761770E-02
   3.7103165358885576E-01   4.2100067470984861E-03   9.2861067615998731E-01   1.2604846774506330E-02
   4.1366738987798381E-01   1.2479030796582750E-01   9.0183516763837179E-01   1.4216605805608177E-02
   3.0700997373145559E-01   9.1806725988599833E-02   9.4726786132152991E-01   1.2853256728831512E-02
   2.4516325121355371E-01   3.9836097180301388E-01   8.8385718099620511E-01   1.1223431927163762E-02
   1.3435322934237767E-01   4.2513081904459868E-01   8.9510501979585797E-01   1.5026235039678046E-02
   3.0739907791914600E-02   3.9279991512858419E-01   9.1911005039871120E-01   1.0126324652684235E-02
   2.5527137658487473E-02   4.9607318663048713E-01   8.6790538582799374E-01   1.3805608887798255E-02
  -1.9413564381623194E-01   4.3290954866254871E-01   8.8028442816901257E-01   1.4738069195962273E-02
  -3.1540115443540934E-01   4.2163271690518078E-01   8.5014584855539148E-01   1.2821953757341362E-02
  -3.5384226260253308E-01   2.2419270133505770E-01   9.0803815220749921E-01   1.3050918303076113E-02
  -4.1190972312391833E-01   1.1838376348181613E-01   9.0350188961609720E-01   1.3500748811527396E-02
  -4.5999230127647665E-01   1.3499689168839406E-02   8.8782027525773248E-01   1.2194154695532579E-02
  -5.1792654993323674E-01  -7.5393334478607885E-02   8.5209619996245216E-01   1.1578386363908943E-02
  -5.1227194715476027E-01  -1.8578635968877016E-01   8.3848725733422178E-01   1.3108913438516696E-02
  -4.2221465443521708E-01  -2.5650482105508105E-01   8.6944813666811153E-01   1.3667511534548677E-02
  -3.1743022287872242E-01  -3.0289796318202495E-01   8.9860496187331690E-01   1.1894589674921449E-02
  -1.8296217642828295E-01  -4.6925111116504556E-01   8.6390290928263233E-01   1.2695911015939533E-02
  -1.1385642856687954E-01  -3.9485400295398704E-01   9.1166168616719218E-01   1.0701323400819899E-02
   2.3910825451318014E-01  -5.7804411814824181E-01   7.8018731090545276E-01   1.3698405449279005E-02
   2.1066659542504253E-01  -2.8614424468378715E-01   9.3474117102349048E-01   1.3596360790863908E-02
   1.9568448876040065E-01  -4.0164087911126049E-01   8.9464640226477989E-01   1.3198827181656409E-02
   2.9852232227630913E-01  -3.5779102087398895E-01   8.8479941709107627E-01   1.2761912934914947E-02
   4.3821955338183400E-01  -1.8697043460594375E-01   8.7920741558354151E-01   1.2367060532659770E-02
   4.5560273128260320E-01  -6.4699053723808530E-02   8.8782891577999176E-01   1.3214664181168294E-02
   4.9378460748004107E-01   5.0061400503767989E-02   8.6814204920357536E-01   1.2275506709376511E-02
   4.3644773496665694E-01   2.5816139349960511E-01   8.6189678590235896E-01   1.2905900142953314E-02
   6.1084641973967652E-01   3.0602112858924117E-01   7.3021758425019180E-01   1.1791633299870090E-02
   3.4141918373988895E-01   4.5146831849672004E-01   8.2438419342448092E-01   1.4009739222156496E-02
   1.2948446987558261E-01   5.4945132866569537E-01   8.2543140810641641E-01   1.2814436415254279E-02
  -8.4194213443793692E-02   6.3130471224179318E-01   7.7095116234680372E-01   1.1859242436199714E-02
  -9.3327088356163212E-02   5.2819707547278751E-01   8.4397743100213027E-01   1.4223782213664193E-02
  -2.5416230825261432E-01   5.1042259699960492E-01   8.2150489562502428E-01   1.1833798049684995E-02
  -2.8436449797077454E-01   5.9992935724375993E-01   7.4781120519213830E-01   1.2383098243654930E-02
  -5.4068032425831171E-01   4.1293012232126535E-01   7.3290756650458437E-01   1.2770088379551292E-02
  -3.8869826343062797E-01   3.2748871625927371E-01   8.6119962884854235E-01   1.3251409084881844E-02
  -5.1987008571402029E-01   1.1365835888504822E-01   8.4665038323693853E-01   1.4179451820608997E-02
  -6.1923851647909593E-01   1.0776373330788353E-01   7.7777287011846576E-01   1.2350907824436085E-02
  -5.8196912318083082E-01   9.4988993856642522E-03   8.1315540370497192E-01   1.3367224992882702E-02
  -6.0549346217169643E-01  -1.1266380615664202E-01   7.8783534704253463E-01   1.2594769835023158E-02
  -5.9775343122522084E-01  -2.4222112366028860E-01   7.6421185721710855E-01   1.4234611897770559E-02
  -5.0733177742922874E-01  -3.0255573068275820E-01   8.0689187469048277E-01   1.1770942153815686E-02
  -4.1232387395448020E-01  -3.7140806850067855E-01   8.3189246277374415E-01   1.2856994424369434E-02
  -2.9903321025731560E-01  -4.1432384775409740E-01   8.5960158698401869E-01   1.4108587579304352E-02
  -5.3081882661859678E-02  -4.8313827033254694E-01   8.7393347886046068E-01   1.5547368353359518E-02
   8.0985164786760357E-02  -4.3217431929829617E-01   8.9814629143782340E-01   1.3731088403244602E-02
   4.7918538397718775E-02  -5.3116279931639374E-01   8.4591364470624235E-01   1.0419676517279152E-02
   3.5348779322716312E-01  -5.3648046279595167E-01   7.6631266013137997E-01   1.2273514359854857E-02
   3.7912164071197951E-01  -4.2687461633542618E-01   8.2100234072281388E-01   1.4465827253358609E-02
   3.9881591099257622E-01  -3.1127269601414564E-01   8.6258633066797827E-01   1.2145440073051196E-02
   5.0334772802642193E-01  -2.5820646349202949E-01   8.2460322998492934E-01   1.3817312765085543E-02
   5.4181590313502159E-01  -1.5183744984038680E-01   8.2666856474402656E-01   1.2828870961476339E-02
   5.5584743287932294E-01  -3.4877789186875514E-02   8.3055232898529780E-01   1.2982636792784767E-02
   6.0128922208449964E-01   6.7802824365469582E-02   7.9614951385596066E-01   1.4253053975475438E-02
   5.1224261966627304E-01   1.6090913284260537E-01   8.4363247303862998E-01   1.3312564209575801E-02
   4.4594466980672367E-01   3.7335484165457737E-01   8.1347373263311801E-01   1.3038756250682426E-02
   3.4629609544883317E-01   3.3896248674985818E-01   8.7474764752655644E-01   1.3248087182095567E-02
   3.4703002338000872E-01   5.4893151164689459E-01   7.6042380183285018E-01   1.3023662633218868E-02
   2.2946691476661498E-01   4.9731140445885477E-01   8.3667574485140434E-01   1.2742586050027406E-02
   9.9743084291582171E-02   7.3426805340414604E-01   6.7149217634019278E-01   1.3010014192574996E-02
   2.4057736236566356E-02   5.9412012213153895E-01   8.0401648354096391E-01   1.3383072955876560E-02
  -1.7837144686895869E-01   5.8290957303542132E-01   7.9271688300775897E-01   1.2563186644066337E-02
  -1.9070854264700232E-01   6.7469653940104734E-01   7.1303213916464347E-01   1.3204559039376497E-02
  -3.6854387222633855E-01   5.1527336054063157E-01   7.7373689207739122E-01   1.3731912155330336E-02
  -4.3319502452442320E-01   4.1955131319472904E-01   7.9769591093590461E-01   1.3194639202634095E-02
  -5.0595755232730308E-01   3.2637680471610068E-01   7.9842666324858697E-01   1.3085020662601081E-02
  -4.6341275511978983E-01   2.2758936096616819E-01   8.5641794771437211E-01   1.3023907008054489E-02
  -6.7505180238317468E-01  -2.2874641612851545E-02   7.3741563237451845E-01   1.5433597033472503E-02
  -7.1830266018880442E-01   4.2457217101486408E-01   5.5116219025384172E-01   1.5569841910045707E-02
  -7.9268710633903207E-01   9.6775771107122814E-02   6.0189833158970786E-01   1.3419259638999683E-02
  -7.4805573903852948E-01  -2.1270370136104439E-01   6.2862528323225363E-01   1.3364786031348117E-02
  -5.8390219143142925E-01  -3.6254928936848500E-01   7.2637197331668907E-01   1.3564823717982470E-02
  -4.8885337629218721E-01  -4.2706356874697899E-01   7.6068330120808056E-01   1.3711099594847475E-02
  -3.8316465181838275E-01  -4.7797849748614433E-01   7.9039319679371313E-01   1.2587576245103224E-02
  -3.5156381785121966E-01  -5.8317823777000379E-01   7.3232917801310328E-01   1.3580441412280821E-02
  -2.7055091337183672E-01  -5.2493648695229699E-01   8.0699683267026873E-01   1.3361962197112642E-02
  -1.5562909135452915E-01  -5.6535020846063694E-01   8.1003625086639061E-01   1.2666216470076332E-02
  -3.8454772239269011E-02  -5.9027804036406630E-01   8.0628348957174100E-01   1.3251583028122626E-02
   9.1713418666796187E-02  -6.1850207179107190E-01   7.8041260627093969E-01   1.5904162668542749E-02
   4.2201864992806346E-01  -5.8830192423264620E-01   6.8978337545715078E-01   1.4071780876981588E-02
   3.1382520348963787E-01  -7.4072941653975687E-01   5.9399804134976639E-01   1.2993789631955769E-02
   4.8213952788229716E-01  -3.7080598548842442E-01   7.9375336016888384E-01   1.2064637685616941E-02
   6.3508678544037842E-01  -2.1269575798305169E-01   7.4258015694941770E-01   1.5689987788134747E-02
   6.5377451459695947E-01  -3.2286588092457191E-01   6.8435115766564624E-01   1.3097855571977419E-02
   7.8676554352606542E-01  -1.4678157347132881E-01   5.9954578574902495E-01   1.3697685933420769E-02
   6.8676324614057584E-01  -5.2033694654776416E-03   7.2686255144742775E-01   1.4831068892117393E-02
   6.7960306278872426E-01   1.0826653934402421E-01   7.2554671352481090E-01   1.0650349356653221E-02
   6.1243442147683859E-01   1.9511834171930429E-01   7.6606325594890574E-01   1.4786122110989867E-02
   5.3073695960435474E-01   2.7646408158759867E-01   8.0117781503349885E-01   1.2779747055931167E-02
   5.3274101961126660E-01   4.0418223330541778E-01   7.4352116869917894E-01   1.4337851149215397E-02
   4.4426849580338227E-01   4.7939829739387427E-01   7.5683735114782386E-01   1.2178793573327464E-02
   3.2640974459251497E-01   6.3920555760049744E-01   6.9632817964497615E-01   1.1913748583391770E-02
   2.1094336625999008E-01   6.8944554652656524E-01   6.9294136447869059E-01   1.4366862201219494E-02
   1.2447957814890300E-03   6.8908001498669104E-01   7.2468419565311625E-01   1.3858053282314775E-02
  -9.7218864183373163E-02   7.3464160925934134E-01   6.7145379468116805E-01   1.3830551947534113E-02
  -2.1904044815804062E-01   8.1322554161440976E-01   5.3915257630533002E-01   1.1657767225613442E-02
  -1.7653267565088488E-01   8.7159214022626034E-01   4.5734380450963403E-01   1.2633139807370443E-02
  -3.9805195052761357E-01   6.0659005362057172E-01   6.8818831109642815E-01   1.3778282585349386E-02
  -4.3214402748336873E-01   7.5574217869238715E-01   4.9204196859184410E-01   1.5967060890106978E-02
  -4.6791469357848196E-01   5.1441230449921757E-01   7.1863469197719611E-01   1.2001274595770861E-02
  -5.6209230050419476E-01   4.9634678679191779E-01   6.6158303557092548E-01   1.1667233030603569E-02
  -5.6364397796750154E-01   2.2300415895910767E-01   7.9534559229803472E-01   1.2941350084443175E-02
  -6.5966203126449238E-01   2.0480634514525060E-01   7.2311850031391688E-01   1.3219634963998003E-02
  -7.4997974323832892E-01   1.0037425727795263E-02   6.6138463454855767E-01   1.0485210412327099E-02
  -8.6329163790300729E-01   7.1470181691905469E-02   4.9961941621164909E-01   1.2760181683105606E-02
  -6.7137196372229475E-01  -2.9433720615804448E-01   6.8016563820789022E-01   1.1918980379125583E-02
  -8.2477754986208893E-01  -5.4249922421529239E-01   1.5948851046171165E-01   1.2717119166573567E-02
  -6.3157038875533544E-01  -5.0770599287459452E-01   5.8596370949629346E-01   1.3044885413107067E-02
  -4.5815918821618284E-01  -5.3935882799127208E-01   7.0652828175591784E-01   1.3217482038729779E-02
  -4.2646871619692525E-01  -6.3406694437130575E-01   6.4504538147403387E-01   1.2787635272943662E-02
  -2.4217460995263957E-01  -6.2724289768097172E-01   7.4021470236889026E-01   1.2911002500137773E-02
  -2.0102771418885332E-01  -7.2056052364965008E-01   6.6361162579158206E-01   1.3323522381930306E-02
  -1.2393566749577413E-01  -6.5378504401274630E-01   7.4646169797761787E-01   1.3065478343934961E-02
  -6.0436991768335195E-03  -6.8437518150053158E-01   7.2910498876799243E-01   1.2947964891718635E-02
   1.9231366896126909E-01  -6.5825254450023029E-01   7.2781799949549732E-01   1.0524617752416336E-02
   2.1417739508298025E-01  -7.3287829042932148E-01   6.4576888656303665E-01   1.3849517648960851E-02
   3.0921747751731869E-01  -6.4794095189730747E-01   6.9610133921163921E-01   1.5172176894406153E-02
   6.1568136994286088E-01  -5.4312179056798211E-01   5.7092483858692908E-01   1.4192681133160826E-02
   5.6264961334980085E-01  -4.1670801824283456E-01   7.1398868347435939E-01   1.4405964113238891E-02
   5.7416051111576171E-01  -3.0830479111125930E-01   7.5847733206281784E-01   1.0132802665380504E-02
   7.2536048246044444E-01  -2.3284723604789330E-01   6.4779189185231995E-01   1.1452518833572198E-02
   6.2797224380102170E-01  -9.5768103192869080E-02   7.7232074387934845E-01   1.1368050176821997E-02
   7.5903370911431276E-01   8.3003481438793116E-02   6.4573853106130236E-01   1.3699840944052052E-02
   6.8914591618320253E-01   3.1217477928197938E-01   6.5393028174895047E-01   1.3227566086416759E-02
   6.2149135811044695E-01   4.1353867264693260E-01   6.6538279059459091E-01   1.2761563236812740E-02
   6.2912730184910099E-01   5.1075403682372240E-01   5.8594295962690914E-01   1.6441057262077512E-02
   5.8601027454412015E-01   6.2698724147510169E-01   5.1330201359060287E-01   1.2957462130665560E-02
   4.3656699398523652E-01   5.8380803464947650E-01   6.8452716413697567E-01   1.5097993884392646E-02
   2.2904412108260769E-01   5.9254380919709257E-01   7.7228921058091657E-01   1.4200197436315853E-02
   2.0901958578198449E-01   7.8354505573602573E-01   5.8512217390144769E-01   1.4444506002339050E-02
   1.4466373010528053E-01   8.5450858824099871E-01   4.9888623734715489E-01   1.3059667596581028E-02
  -6.1559765467245117E-03   7.8214103402127976E-01   6.2307102873820046E-01   1.2629641838588687E-02
  -2.0274815216856270E-01   7.4947913074964560E-01   6.3021759683698856E-01   1.2347241097262893E-02
  -4.0759177949053650E-01   6.8968844992765703E-01   5.9849710385942866E-01   1.2621386372214695E-02
  -3.0946079077436188E-01   6.8275613957391536E-01   6.6187466551261113E-01   1.3573635742772602E-02
  -3.1541454532027799E-01   7.5953786666358134E-01   5.6887247578392994E-01   1.2817137160089575E-02
  -6.3172415109315167E-01   5.1440923009580252E-01   5.7992046085465940E-01   1.2081128985634965E-02
  -6.4110105973017983E-01   4.0987871665206991E-01   6.4883655017923640E-01   1.3374733987281732E-02
  -7.7689956970755567E-01   2.9067674638422085E-01   5.5851059766104551E-01   1.3080978385856809E-02
  -6.1450054105694515E-01   3.1304503596041528E-01   7.2414908030133133E-01   1.3555813743920408E-02
  -8.4645684700915246E-01   2.7303512940726730E-01   4.5712429848005342E-01   1.2428876232457939E-02
  -8.7375838743341684E-01  -1.7876372130311814E-01   4.5231605359042497E-01   1.3706771875139842E-02
  -8.1589153192556853E-01  -2.3907152806274729E-02   5.7771052974378651E-01   1.3269282330156808E-02
  -6.7665499583193415E-01  -1.6978200293743443E-01   7.1645801558377320E-01   1.3283413266660726E-02
  -6.5860480486418913E-01  -4.0397945309761844E-01   6.3485456010392837E-01   1.3762912521129755E-02
  -6.9610133083809611E-01  -5.4401583081294919E-01   4.6849729244716895E-01   1.4692053359242791E-02
  -6.0287209793753779E-01  -6.0382419491946883E-01   5.2148017714794026E-01   1.2821007410047238E-02
  -5.3629057046400641E-01  -5.7738257155179715E-01   6.1564745601652930E-01   1.4020698761153081E-02
  -4.9913356014963135E-01  -6.7235309376064824E-01   5.4663242351953407E-01   1.2895319558218063E-02
  -3.4541537589124797E-01  -7.9950388616959298E-01   4.9140793043827279E-01   1.3035126990083827E-02
  -3.1171711771979317E-01  -6.8363115956645241E-01   6.5990974851891106E-01   1.2882899284671569E-02
  -9.2813058379946262E-02  -7.3888638105820323E-01   6.6740741086750929E-01   1.1345532181352737E-02
  -9.7525920164631738E-03  -8.3498226043857979E-01   5.5019043221582837E-01   1.3814326965316532E-02
   1.5825346397098849E-01  -5.1469998607441613E-01   8.4263857345612827E-01   1.3583506545798442E-02
   8.1181301766316860E-03  -7.6739004901404337E-01   6.4112916688968324E-01   1.2770190941098686E-02
   5.6456654865699915E-01  -7.9379385863304623E-01   2.2617674976439037E-01   1.3291662960689889E-02
   4.0646430946627907E-01  -7.4619060809567869E-01   5.2724410050744250E-01   1.1741243539752523E-02
   5.6056723749484502E-01  -7.1496935716641356E-01   4.1783153370759764E-01   1.2732502465436770E-02
   6.4332639252381893E-01  -4.3770726571602436E-01   6.2812697937733164E-01   1.1632034476024333E-02
   7.0772667689517714E-01  -1.2116512705120083E-01   6.9601865118513597E-01   1.2835139560780899E-02
   7.7563585990631898E-01  -3.5343058388165107E-02   6.3019035302926980E-01   1.3336453504812926E-02
   8.4433410452974602E-01  -7.0418322594520130E-02   5.3116963370558565E-01   1.3473146686292658E-02
   7.1321685261289493E-01   2.0020956303993546E-01   6.7174240004358374E-01   1.4181405721440127E-02
   8.3234153508011310E-01   2.5817743211179284E-01   4.9046098981329953E-01   1.2886293057920776E-02
   7.6433015894818678E-01   2.8454872508898706E-01   5.7864620552844856E-01   1.2298697960866324E-02
   7.1120326172787331E-01   3.9749236109616505E-01   5.7981871596028184E-01   1.2136057280994343E-02
   4.4169539712301988E-01   8.7747132203515114E-01   1.8694719887236043E-01   1.2930202290894379E-02
   4.9560509678702446E-01   6.8064362027139253E-01   5.3953669960677972E-01   1.1234600621708470E-02
   2.9722960375427692E-01   7.2059855585838654E-01   6.2641223163894510E-01   1.1144606443781936E-02
   4.2970702522179902E-01   7.5672842435116152E-01   4.9266008997486370E-01   1.3378630458030231E-02
   2.1571527635192184E-01   9.3434707884072150E-01   2.8365904852520511E-01   1.2803794019903547E-02
   1.3799342032599428E-02   8.5358453108041096E-01   5.2077156840567084E-01   1.3474348636685877E-02
  -1.5206082891460983E-01   9.2025091400318039E-01   3.6057698149786636E-01   1.2927223361164150E-02
  -1.0522388431832061E-01   8.2264008970907234E-01   5.5874074218049827E-01   1.5278729436288158E-02
  -3.1287104610348754E-01   8.2318110609936105E-01   4.7379803194097576E-01   1.2675265411219045E-02
   7.3399244012760291E-02   9.9715841659297996E-01   1.6960047055838540E-02   1.1698369553575369E-02
  -5.1120738326797301E-01   5.9367283024441945E-01   6.2146567236002061E-01   1.5350902764824367E-02
  -5.9277301356282299E-01   6.1304787104330760E-01   5.2229537830706238E-01   1.3395171252682100E-02
  -7.0163040473738913E-01   3.1437005427488395E-01   6.3944213508593090E-01   1.2810413372345281E-02
  -7.6237721199462269E-01   4.7141966291997334E-01   4.4333338250545129E-01   1.2260285401859665E-02
  -7.4678422274436160E-01   2.0673505788813932E-01   6.3211861268284703E-01   1.3472676869801596E-02
  -8.5278816371988988E-01   3.5972191811023677E-01   3.7861918790567190E-01   1.5004771897518233E-02
  -7.4778147423782890E-01  -1.0193213753726362E-01   6.5607370479526423E-01   1.2904146416647661E-02
  -7.0648354487829232E-01   1.0444833460539062E-01   6.9997967557234277E-01   1.2990491727002691E-02
  -9.5336873315353436E-01   5.2515638282886705E-03   3.0176229009368009E-01   1.2465033313893580E-02
  -8.2227880548521206E-01  -1.4034732480608815E-01   5.5150720255458800E-01   1.3481447607138550E-02
  -7.4567255114102914E-01  -3.2270063943745626E-01   5.8295518162332706E-01   1.4077349978011652E-02
  -8.0452881966825415E-01  -3.5535317177936835E-01   4.7587551064280297E-01   1.3731831819447470E-02
  -6.4658045009512061E-01  -6.3809317267629248E-01   4.1805600646168725E-01   1.1766490351441212E-02
  -6.1216772221674204E-01  -7.1358103945631334E-01   3.4066520222120280E-01   1.2703692335313527E-02
  -2.9927882209790945E-01  -8.7319857270114429E-01   3.8465106171226448E-01   1.5613888103913977E-02
  -3.8822361488911806E-01  -7.1958476903572883E-01   5.7574315889485170E-01   1.3588531935322976E-02
  -2.2829657435726846E-01  -8.3484063773212309E-01   5.0092093560536889E-01   1.3520345131147819E-02
  -1.0058367980793874E-01  -8.6662478829333586E-01   4.8871709574336046E-01   1.3301116585247083E-02
   1.3361782971662599E-02  -8.9574827951613134E-01   4.4436075715538692E-01   1.3436061305174415E-02
   1.0485385835576788E-01  -7.1478467462257437E-01   6.9143946756936660E-01   1.2589786620876317E-02
   2.1327994721465519E-01  -8.0582462607076497E-01   5.5241138305978605E-01   1.3325818907010442E-02
   4.4906419513839574E-01  -7.8465374072484497E-01   4.2738724338849030E-01   1.4493274360571382E-02
   5.1367140681398471E-01  -7.9293444131648698E-01   3.2771429263285494E-01   1.3131888427048290E-02
   5.9683493733458172E-01  -6.3118679436862521E-01   4.9536984990155046E-01   1.2952234924587966E-02
   5.4479523160626008E-01  -5.1368982424197442E-01   6.6281288467359384E-01   1.2264235945210892E-02
   4.6006551290089952E-01  -4.8464891692733775E-01   7.4394566411828142E-01   1.3009368845819140E-02
   7.6297627973980306E-01  -4.7998282559193601E-01   4.3299386103175976E-01   1.4212025199714590E-02
   7.9408789017442895E-01  -2.5444706477873069E-01   5.5197926945113842E-01   1.3775265523192203E-02
   8.8780473928733290E-01   2.2606395871658184E-02   4.5966476454547269E-01   1.2945921923573433E-02
   8.2882225417769745E-01   5.4521151934665859E-02   5.5684927491334432E-01   1.2763990010384422E-02
   8.0181864049077447E-01   1.7219932051383417E-01   5.7221871847755902E-01   1.3565976233378260E-02
   7.9016431179550696E-01   3.7275129830932969E-01   4.8651498432570612E-01   1.3353939699983912E-02
   5.3996983118983390E-01   5.0636703583085305E-01   6.7232804971137261E-01   1.2504428491352941E-02
   6.6727579779904147E-01   5.6295567622009548E-01   4.8767193509902515E-01   9.3370594807234237E-03
   6.4938938059131947E-01   6.4661252718012560E-01   4.0023202279297160E-01   1.6406739723315959E-02
   5.2438596579949425E-01   5.9693571964575484E-01   6.0719610134085710E-01   1.2300267643418414E-02
   4.0441072178737531E-01   6.8717001659511556E-01   6.0353072531237605E-01   1.4684465945800415E-02
   3.6470353432220852E-01   8.2716453283745146E-01   4.2753966794753708E-01   1.2734521756478136E-02
   1.6887249294915427E-01   9.0294973451324231E-01   3.9517573061563759E-01   1.3125314181339606E-02
   2.5327854632689956E-01   8.5130563554136742E-01   4.5948742405645992E-01   1.2930887612411412E-02
  -3.2202698805819309E-02   9.4295876335085733E-01   3.3134839189204416E-01   1.2757330055940772E-02
  -1.8966103491501225E-01   9.6834126076190134E-01   1.6230802364953484E-01   1.2755028006883184E-02
  -3.8873396936451904E-01   8.3200903395547403E-01   3.9578639248789730E-01   1.2704336792496628E-02
  -7.4953665539039677E-02   9.8842712678306803E-01   1.3188541640996724E-01   1.3763039758370863E-02
  -4.4374062106879588E-01   8.4613156752114502E-01   2.9522132656312169E-01   1.1808186588745850E-02
  -5.4934451620354955E-01   7.0901717330706501E-01   4.4217106471675364E-01   1.3472003851466372E-02
  -6.8074267959365295E-01   5.4797617331308394E-01   4.8611883080251283E-01   1.2961295744748422E-02
  -9.2084043628795111E-01   3.0949465349176845E-01   2.3720444843431160E-01   1.3192252389216607E-02
  -9.3843496184503667E-01   1.2913490820257962E-01   3.2041223114983594E-01   1.2894978354809445E-02
  -7.9400154575435575E-01   3.7363915763802801E-01   4.7953657339064195E-01   1.1473108218853100E-02
  -9.1518764939505956E-01   3.3834156002779578E-02   4.0160529912132023E-01   1.3121944906257236E-02
  -9.4834521736144008E-01   3.1668766665920777E-01  -1.8715514783980628E-02   1.2582380495830158E-02
  -9.8416593902690738E-01   1.3451877605354796E-01  -1.1542141633310922E-01   1.3271521689686589E-02
  -8.8918087433091503E-01  -4.2851817193204269E-01   1.6040432989208781E-01   1.2679349498502903E-02
  -8.7502612135292459E-01  -2.9382057224709727E-01   3.8470606737409953E-01   1.5568463984264838E-02
  -9.5400141020209705E-01  -8.3761174241896281E-03  -2.9968508469609620E-01   1.0635715976855852E-02
  -7.4599952219005229E-01  -6.4084734070043412E-01   1.8110604299524482E-01   1.2623045478221461E-02
  -5.7048083416350987E-01  -7.7940945141381270E-01   2.5898363828420798E-01   1.1413972783150678E-02
  -5.0114418940458325E-01  -7.9274737030041544E-01   3.4699583327152394E-01   1.5017626650583157E-02
  -4.5758501027758029E-01  -7.5390041460834043E-01   4.7143411334208638E-01   1.2849514457955175E-02
  -2.9827955044395327E-01  -9.2061362704028510E-01   2.5199178457775950E-01   1.3828592441431191E-02
  -4.0279485508927006E-01  -8.2398624227707610E-01   3.9850091248542662E-01   1.0691948455082092E-02
  -1.3995306404439205E-01  -7.9986612132564580E-01   5.8363287075014325E-01   1.4572821883734608E-02
  -1.9892690172287920E-01  -9.2961021730784523E-01   3.1024656589202810E-01   1.3035595506165669E-02
   1.2260540283493239E-01  -9.1259269895198329E-01   3.9005445903773310E-01   1.2975256332801747E-02
   5.0374797371308481E-01  -6.9119693320708863E-01   5.1815516836665516E-01   1.3111331677768174E-02
   1.0177208141665428E-01  -7.9858579790497019E-01   5.9321426721598999E-01   1.2498770401487035E-02
   6.1086845921009924E-01  -7.2993886932650564E-01   3.0664143977717990E-01   1.2256761772643829E-02
   4.1241305187172585E-01  -6.7246519916632410E-01   6.1457792879019432E-01   1.2600369944155767E-02
   7.9653584593141344E-01  -5.5441509654932099E-01   2.4115253858198277E-01   1.3812894831337107E-02
   7.0960937841594704E-01  -4.5875527311049824E-01   5.3478792942384680E-01   1.4087604255122727E-02
   7.8543053125124995E-01  -3.6860331165203192E-01   4.9722276618989837E-01   1.0876426642185055E-02
   9.0179323379940754E-01  -2.2041081093016341E-01   3.7173651676787815E-01   1.3341733821070547E-02
   7.2303651695260313E-01  -3.4839928519074012E-01   5.9652001913735421E-01   1.4247927139492613E-02
   9.3461230200162219E-01  -8.8226128065396984E-03   3.5555872433466495E-01   1.2226809003939438E-02
   8.7063769022180466E-01   1.4111793480143798E-01   4.7124912821417295E-01   1.3575550737897819E-02
   8.9330162119492477E-01   2.2875808389919978E-01   3.8688751934029346E-01   1.2478889053814778E-02
   8.5709309424553410E-01   3.3573028581561836E-01   3.9073853531841358E-01   1.3304316790800534E-02
   8.6320276078893716E-01   4.2375497154977814E-01   2.7443162691862523E-01   1.4911229891418155E-02
   7.2870039501926262E-01   4.7193185493479212E-01   4.9626208659999093E-01   1.3995801737273385E-02
   8.1009285315841221E-01   4.3894538586490918E-01   3.8868562809752704E-01   1.1960501475574352E-02
   5.4521665788630695E-01   7.1584708585578438E-01   4.3623588302094900E-01   1.2340947338402141E-02
   4.1373008484836297E-01   8.5677895582961447E-01   3.0782663585024918E-01   1.2395584595677102E-02
   2.5071465698236412E-01   9.5450357315158580E-01   1.6144686313171545E-01   1.2902099013122088E-02
   8.1401137774392768E-01   5.4439726931837206E-01   2.0252676381686605E-01   1.2278912929082972E-02
   2.9835817890972613E-01   8.8677084673119459E-01   3.5301538559291141E-01   1.3139564480820371E-02
   4.0521823526809699E-02   9.9171381225262269E-01   1.2190855755619478E-01   1.2327899857267172E-02
   4.9516065839567069E-02   9.0772614262509065E-01   4.1663102287125139E-01   1.3233512509594953E-02
  -2.7737614452901504E-01   8.8339294545261228E-01   3.7772923949672869E-01   1.4474841384638786E-02
   1.1665389277574502E-01   6.5113695607119792E-01   7.4994168689212079E-01   1.1705015608589544E-02
  -6.9393086094955496E-01   7.0765679062949873E-01  -1.3297303071588366E-01   1.3170705312338089E-02
  -4.9637708781562057E-01   7.8391013302539747E-01   3.7295400524969215E-01   1.2694144972398770E-02
  -6.0038647776565188E-01   7.2594937704879995E-01   3.3546024992331604E-01   1.3449679570746273E-02
  -6.4902487754714996E-01   6.4014902347708924E-01   4.1106682676450070E-01   1.2764032576628403E-02
  -7.3641139947619818E-01   5.6145028352103274E-01   3.7745440765165163E-01   1.2874641552500265E-02
  -8.3983233263297627E-01   5.0008544897871960E-01   2.1117811625262299E-01   1.3316028249328994E-02
  -8.6868991830834261E-01   4.8750239465745623E-01   8.7859211427663943E-02   1.3472177176766944E-02
  -9.0830377110956188E-01   2.4687184358301634E-01   3.3769594642824989E-01   1.4149660532888632E-02
  -8.1655079743916250E-01  -2.5150987182215804E-01   5.1960329057606005E-01   1.2173290240466725E-02
  -8.2962350176623669E-01  -4.5001901194850120E-01  -3.3046593500998220E-01   1.4792598551616089E-02
  -8.9145128238517514E-01   1.6497232608576693E-01   4.2201746736323366E-01   1.3490410428808323E-02
  -8.8855294011140468E-01  -3.6681667881923782E-01   2.7553438398755725E-01   1.2714293518635975E-02
  -7.6414089114244987E-01  -5.3303349626204008E-01   3.6326848245710543E-01   1.3140368419752412E-02
  -7.6794810648919087E-01  -4.5942461650411114E-01   4.4630116232171843E-01   1.1420649046696091E-02
  -5.5863568776081908E-01  -4.7290112582546139E-01   6.8138879764273188E-01   1.2215245189733876E-02
  -4.7731577007107501E-01  -8.7843453722015460E-01  -2.2856497112841744E-02   1.2912559616281360E-02
  -6.3047238053588046E-01  -7.7467007574073685E-01   4.8896330468255326E-02   1.1080602777487105E-02
  -3.8981301802226466E-01  -9.0080594350922265E-01   1.9129679327901103E-01   1.0400998370753926E-02
  -1.8920659408946821E-01  -8.8992445080004163E-01   4.1501245357375413E-01   1.0636840018884483E-02
  -8.5475357548111343E-02  -9.6217198907783565E-01   2.5868712122180292E-01   1.2779831259969434E-02
   1.1892709951127098E-01  -8.6071596857404593E-01   4.9499936004350360E-01   1.3482251613903784E-02
  -8.9539348405034129E-02  -9.2323120610630500E-01   3.7366675682845960E-01   1.3247329682655815E-02
   2.3319941125062300E-01  -9.4922867665019801E-01   2.1114675942878404E-01   1.3136689088392483E-02
   6.7019871818053502E-01  -7.1760119921032234E-01   1.8942596717735151E-01   1.4728366345819861E-02
   4.7107473506237571E-01  -8.6561634254016386E-01  -1.6969661609266775E-01   1.5420154001189523E-02
   5.1348482033235596E-01  -6.0670503764653807E-01   6.0682974266474527E-01   1.3184532565990920E-02
   6.5863097592462827E-01  -6.4924642889298329E-01   3.8037391093801389E-01   1.4496474134156242E-02
   8.6332347101870148E-01  -4.6088195732114032E-01   2.0557335869235600E-01   1.3858049752830479E-02
   8.8742030839646695E-01  -3.8478099885688150E-01  -2.5382824737254883E-01   1.3659462743854073E-02
   8.3646559218580236E-01  -3.8097167841700493E-01   3.9393640772767529E-01   1.2880928943715084E-02
   8.2156110732186711E-01  -4.6880369868052920E-01   3.2443865219718071E-01   1.1544884174828971E-02
   8.5840788820600266E-01  -1.8124935026581169E-01   4.7987974586757875E-01   1.1487719001970662E-02
   9.0187867738909837E-01  -9.2199182086464688E-02   4.2203573556451070E-01   1.3969718822076620E-02
   9.2238115867253274E-01   1.1691858569174775E-01   3.6816170692476619E-01   1.3080675181763254E-02
   9.7805651037218801E-01   1.6012032224478183E-01   1.3329270393688235E-01   1.4619727697474614E-02
   9.0742150835050292E-01   3.0640949327532256E-01   2.8757508343675768E-01   1.3883171018290567E-02
   9.9933464769561659E-01  -2.8802957492717681E-02  -2.2375244238900973E-02   1.5408375152459530E-02
   8.6065429557337953E-01   5.0889307246551958E-01   1.7378846558193634E-02   1.3545356994689901E-02
   7.3558474176061405E-01   5.4583597172393192E-01   4.0122086144810786E-01   1.3584713586639607E-02
   6.7385797980660724E-01   6.8635051291693862E-01   2.7356607331614317E-01   1.3488171860080599E-02
   5.6281161030563131E-01   8.1606805406412910E-01   1.3143828377290933E-01   1.4999738346703535E-02
   3.1950267559349407E-01   7.8207032128470377E-01   5.3505518673706786E-01   1.3238471866249046E-02
   5.1267671222699995E-01   8.1885662960167380E-01   2.5814028917916136E-01   1.3155523419543015E-02
   5.0389825367304856E-03   9.7443800420962798E-01   2.2460005477949334E-01   1.2964025281294200E-02
  -6.3619919240480982E-02   8.9372012692223954E-01   4.4409102739182966E-01   1.2946226646821150E-02
   9.8562570450521178E-02   8.0430862127438658E-01   5.8598042753139925E-01   1.1477275808634725E-02
   1.6347393790775983E-01   9.8272567791383842E-01   8.6755481634976501E-02   1.2558070323082983E-02
  -3.4877382287468887E-01   8.9622575239883559E-01   2.7410987069880619E-01   1.2463526797329929E-02
   8.6768536536772042E-02   8.2540889945732658E-01  -5.5782736555668535E-01   1.3108287134678400E-02
  -7.1820756836429211E-01   6.6964192893001772E-01   1.8909673652164347E-01   1.2964303127567937E-02
  -5.0221019584116461E-01   6.7450111628625695E-01   5.4114061326218365E-01   1.0532773761838449E-02
  -6.9256058913362767E-01   6.5491209747530554E-01   3.0240696909856170E-01   1.3220625442106945E-02
  -7.7113217320274127E-01   5.8290883615374120E-01   2.5607120139818198E-01   1.3101252626198920E-02
  -6.5571066685287204E-01   5.8463813317201820E-01  -4.7774655897923468E-01   1.2292014896338152E-02
  -8.0165441131998669E-01   5.8212735678271894E-01   1.3593360620674546E-01   1.2825167965038641E-02
  -9.5665118866684579E-01  -1.2952802386930286E-01   2.6084668726059021E-01   1.4742685821323011E-02
  -9.1948700439779003E-01   3.8889166902622847E-01   5.7505812798123034E-02   1.1200584148083898E-02
  -9.5308373683807090E-01   2.8361951637767827E-01   1.0578922678832003E-01   1.5608645769965193E-02
  -7.8157041598982850E-01  -5.6682189144474577E-01   2.6050072596537470E-01   1.0686931273865636E-02
  -9.2189222042955059E-01  -8.5197919966467967E-02   3.7796302510280059E-01   1.3076429669705271E-02
  -8.3358858830933542E-01  -4.1065882644119682E-01   3.6944470994505866E-01   1.2588806298445629E-02
  -9.3097655080536867E-01  -2.5788825139491509E-01   2.5841112910053194E-01   1.2847358142112696E-02
  -2.7335959655560055E-01  -7.6792959478815490E-01   5.7927426010436491E-01   1.2080953337154383E-02
  -6.8369922421257633E-01  -7.2891170819948625E-01  -3.5257516373509552E-02   1.3309676426374106E-02
  -7.0847384520963974E-01  -6.3033103516525654E-01   3.1740761925537235E-01   1.4748533412319191E-02
  -6.6419031289211307E-01  -7.1279844793311468E-01   2.2532110616722018E-01   1.3855788483184339E-02
  -4.3725637118020950E-01  -8.9481772370942884E-01   9.0045028723361930E-02   1.3454486733623423E-02
  -1.8874603573122668E-01  -9.7868116497231500E-01   8.0982166704644598E-02   1.3180506147481276E-02
  -3.1085716088836456E-01  -9.4316230727128811E-01   1.1752739113553785E-01   1.5720638025112014E-02
   1.4744340854615556E-02  -9.4446401232496466E-01   3.2828392259718102E-01   1.3264276655527789E-02
   2.2526629989230313E-02  -9.7755639294298131E-01   2.0946610598766515E-01   1.2684181593222640E-02
   1.2628559129503518E-01  -9.5225762412674459E-01   2.7795209429639280E-01   1.3228563066233327E-02
   5.2072345497132506E-01  -8.4243842229967462E-01   1.3836396957286811E-01   1.1315115983118100E-02
   3.2279782836877597E-01  -8.6529819343747114E-01   3.8348480860948193E-01   1.2865765912907076E-02
   4.1248611415438682E-01  -8.6530956399606822E-01  -2.8477107312146120E-01   1.2155001853702360E-02
   4.4401026505862830E-01  -8.9479373626744784E-01  -4.6894072750271087E-02   1.5074749265519575E-02
   3.2857167129401432E-01  -7.4256015925696337E-01  -5.8364806750929218E-01   1.1920527026127441E-02
   8.6133914039449894E-01  -4.7560662153735666E-01  -1.7858674859654914E-01   1.2604738372812469E-02
   7.1499274088087130E-01  -6.9748830966815109E-01  -4.7910733285189710E-02   1.1555428194868759E-02
   8.8334693747195984E-01  -3.6434904279183393E-01   2.9486940003259732E-01   1.4386898441256644E-02
   9.5436797075220631E-01  -2.5781425281101655E-01   1.5071027652357740E-01   1.2749073417338305E-02
   9.8488126296720377E-01   5.0361234970052866E-02   1.6574873715481706E-01   1.1774286447435631E-02
   9.5968929079927463E-01   6.9431706335589078E-02   2.7235216775438715E-01   1.1828095929557664E-02
   9.9317840407367814E-01   9.9385457933489096E-02  -6.0985149282528627E-02   1.3171084446031295E-02
   9.4602825758977004E-01   1.8248344472884543E-01   2.6782518223938174E-01   1.4132281012207823E-02
   7.3956753726535442E-01   6.0403852796511090E-01   2.9694665271223460E-01   1.1859067340009210E-02
   7.4472917317960778E-01   6.4264665038557531E-01   1.7995483145338995E-01   1.4207612384441842E-02
   5.8371463719371998E-01   7.3979165962408170E-01   3.3464238027549764E-01   1.1980616554864609E-02
   6.2975590892649213E-01   7.7169982605784115E-01  -8.8808071899267950E-02   1.2373522418687592E-02
   3.3098158453944357E-01   9.1194914762925307E-01   2.4248699518538656E-01   1.3659187893426529E-02
   6.4628721482965181E-01   7.6255829826791456E-01   2.8595064092841822E-02   1.3454045840946486E-02
   3.6090023725429820E-01   9.2480675579379010E-01   1.2034734391733190E-01   1.2349530247978395E-02
   2.7981045843636871E-01   9.5920698680621079E-01   4.0349272754026097E-02   1.3694383129202118E-02
  -1.1844489526998644E-01   9.5981020524647320E-01   2.5443108436117829E-01   1.3098925746505583E-02
   9.3045604621562798E-02   9.4593592320884223E-01   3.1072132956017539E-01   1.3424176536732275E-02
  -1.5057834373098972E-01   9.8769607500167548E-01   4.2221153768181443E-02   1.3286054522638666E-02
   6.9846688323897403E-02   9.7679050069662434E-01  -2.0248890803948347E-01   1.2579658364547834E-02
  -4.2498815669792371E-01   9.0498573985263845E-01  -1.9643760583798087E-02   1.1660023505039958E-02
  -3.0876509532141360E-01   9.3623565507952282E-01   1.6771080486651699E-01   1.2749770500462938E-02
  -5.3784694444888572E-01   8.0414315490796806E-01   2.5312931628252193E-01   1.2515728331239630E-02
  -6.2862103331406231E-01   7.4628148811782937E-01   2.1885962845577222E-01   1.3115033421660811E-02
  -6.6375010671594321E-01   7.4059264624474474E-01   1.0468203361981609E-01   1.3086499657372785E-02
  -7.4802259885262252E-01   6.6018631166619679E-01   6.7942810468450618E-02   1.3296683317016877E-02
  -9.5348641987349473E-01   2.0788816845696156E-01   2.1827999572208964E-01   1.2790770342269248E-02
  -8.2957624625456816E-01   1.7941637215988808E-01   5.2878447126515037E-01   1.2995392042153406E-02
  -8.7273371563275468E-01   4.0183946989748839E-01   2.7723798807225503E-01   1.0878819648626185E-02
  -9.0190295048262854E-01   3.9730113274509841E-01   1.6947825179116979E-01   1.2654552455447956E-02
  -7.1715473134561369E-01  -4.3689097133790184E-01   5.4296903270078411E-01   1.1969287059185589E-02
  -8.1190057089474709E-01   4.7876114167595886E-01   3.3407369277139475E-01   1.4307686139664834E-02
  -9.7314793931771728E-01   9.4020737279120059E-02   2.1010280617633623E-01   1.3673615042242344E-02
  -9.6742100720559580E-01  -2.0200335467613945E-01   1.5261467661039715E-01   1.3942389214112933E-02
  -9.1698864728816467E-01  -1.9415725063297049E-01   3.4847493851246698E-01   1.0677180223224447E-02
  -9.2836316071067646E-01  -2.4754016159199228E-01  -2.7724665955479621E-01   1.4776554042941048E-02
  -7.6062269175652783E-01  -6.4778544632060155E-01  -4.2745015151161203E-02   1.3089937508482529E-02
  -7.1044998593151529E-01  -6.8955271793545076E-01  -1.4063380346752425E-01   1.2971666129753405E-02
  -4.9294217374292710E-01  -8.4623803228247531E-01   2.0221079611208194E-01   1.5255613274163253E-02
  -5.5459458730111315E-01  -7.0433957808386686E-01   4.4309209255068919E-01   1.3729057917181297E-02
  -4.0555208976794565E-01  -8.6455112774776097E-01   2.9678081136577336E-01   1.3688387002133597E-02
  -8.9515764903243741E-02  -9.8552908466638360E-01   1.4394217974738126E-01   1.3610617710867358E-02
  -1.9871356111409252E-01  -9.5944831219435329E-01   1.9992962976198027E-01   1.2717363844112163E-02
   1.2776069646812628E-01  -9.7943878803395740E-01   1.5613092240985492E-01   1.3098226267093568E-02
   2.3792781405976861E-01  -9.6660010319035514E-01   9.5260672940806028E-02   1.3040208587022872E-02
   3.3455074041725412E-01  -9.0345866338146798E-01   2.6802657638233968E-01   1.2621920262495227E-02
   3.3947671156746994E-01  -9.2891539127835258E-01   1.4789103471651632E-01   1.3828319924448237E-02
   3.2781057200272205E-01  -8.1095415967093060E-01   4.8465820925231728E-01   1.3332773879434396E-02
   6.6368346645359164E-01  -7.3322316904732360E-01  -1.4801365047975824E-01   1.3861735376857618E-02
   6.8323148588199149E-01  -5.6128936954171422E-01   4.6706421436345459E-01   1.1582224561008329E-02
   8.1286678647958758E-01  -5.7617715241177416E-01  -8.5249495464829010E-02   1.4393027023580127E-02
   8.2419400728649652E-01  -5.5176681602140504E-01   1.2750536886981433E-01   1.2887742603693939E-02
   9.1374138847641930E-01  -3.5977933064271350E-01   1.8877369580390794E-01   1.1234766473662778E-02
   7.7488786830075264E-01  -6.3141390058962434E-01   2.9415603045178340E-02   1.5174540000405587E-02
   8.4875148746311666E-01  -2.8695952721120745E-01   4.4415666410836109E-01   1.3125135835337391E-02
   9.4215199879695248E-01  -1.3369085585943141E-01   3.0737008023306380E-01   1.2649761634955383E-02
   9.7045540505804677E-01  -4.1462211257213876E-02   2.3769137937940580E-01   1.4005582422401916E-02
   9.5950033708592581E-01   3.8506861373532297E-02  -2.7906329883944689E-01   1.3986813253553225E-02
   9.8131106215346726E-01   1.9230892222988648E-01   6.7733098270542297E-03   1.3026395309588696E-02
   8.7363268626544154E-01   4.6430496898080324E-01   1.4555694854030100E-01   1.4066585455169981E-02
   8.4403008194679038E-01   5.2533555316466626E-01  -1.0786926045017848E-01   1.3318425297866605E-02
   7.9519379553976321E-01   6.0622996544079423E-01  -1.2331120659479897E-02   1.3494182912635848E-02
   6.6589948145657817E-01   7.3245436521055342E-01   1.4173384733318137E-01   1.2337830287968627E-02
   6.0432512350143561E-01   7.6386688878991861E-01   2.2649176875856822E-01   1.1573197688570509E-02
   2.8564689158445295E-01   9.5479885554812131E-01  -8.2249612595668661E-02   1.2667680357203796E-02
   1.3624207601257336E-01   9.6985006803823399E-01   2.0206172881081978E-01   1.3532463102354750E-02
   1.7555492231458124E-01   9.4959816179335447E-01  -2.5969944237484110E-01   1.1982305354204192E-02
  -3.7190757889933334E-02   9.9930668550905483E-01  -1.7308450188779258E-03   1.4671475021357274E-02
  -1.2518066912037808E-01   9.8813392822937373E-01  -8.9000786291815021E-02   1.3702963327465977E-02
   1.7907386451758240E-01   9.1349036375766541E-01  -3.6533259691495718E-01   1.1443603763359688E-02
  -4.6467072577651302E-01   7.3743622628296634E-01  -4.9017234598849643E-01   1.2468735446229057E-02
  -1.1615679863334169E-02   9.1991368678283844E-01  -3.9194882937817055E-01   1.2674142995511266E-02
  -4.8874924389871079E-01   8.6964821810050754E-01   6.9542457125489596E-02   1.2992110663018501E-02
  -3.8049885495279651E-01   9.2119345805832200E-01   8.1383255096864992E-02   1.2889510309300866E-02
  -5.9020780906046450E-01   8.0682307796754404E-01   2.6291880553216575E-02   1.3384366339468922E-02
  -8.1804195244682134E-01   5.7484317085808349E-01   1.9044499332265903E-02   1.2508846723326456E-02
  -7.6685169125316656E-01   6.1487717621242978E-01  -1.8402320993610219E-01   1.3343433854210100E-02
  -8.3039413659048015E-01   5.4936817108540783E-01  -9.2952625107767623E-02   1.3738278462529152E-02
  -8.8914074681450614E-01   4.5672670166584508E-01  -2.8800214228029217E-02   1.4734199903817262E-02
  -9.8209170064691946E-01   1.5452983817107783E-01   1.0777950006964247E-01   1.3364224196258283E-02
  -8.7850485142287055E-01   4.5667835622581929E-01  -1.4026441095788979E-01   1.0245749642659152E-02
  -8.7448902574167810E-01  -4.7825264244785348E-02   4.8268176675454315E-01   1.2714294473667386E-02
  -9.7835597934801992E-01  -2.9308100155789720E-02   2.0484289819086978E-01   1.1588738715575626E-02
  -9.8851248789594485E-01  -9.2485500492605989E-02   1.1953866936017656E-01   1.2498363496956252E-02
  -9.3428093313455580E-01  -3.1733166207077596E-01   1.6254154616165803E-01   1.3175210593441086E-02
  -8.8958578061344173E-01  -3.8692339222902578E-01  -2.4274972188729071E-01   1.3695167482367307E-02
  -9.4106353244870160E-01  -2.9569798624728132E-01  -1.6420148849652360E-01   1.3436839988431479E-02
  -7.8701835249787812E-01  -6.1342568359719624E-01   6.5658537410134947E-02   1.4047460956247737E-02
  -4.4239503914087769E-01  -8.6568778503237613E-01  -2.3424621275333330E-01   1.3470837531144606E-02
  -5.8451211691752877E-01  -8.0988651403668150E-01  -4.9289142395677938E-02   1.3086659760680035E-02
  -2.6673974679800793E-01  -9.6373971602183861E-01   7.4610482025349060E-03   1.0889249185281342E-02
  -1.5442043823219568E-01  -9.4933072921635481E-01  -2.7372521773070284E-01   1.0332439527005399E-02
  -1.6899676364999245E-01  -9.8409360200131548E-01  -5.4771127210466898E-02   1.5468598433568290E-02
   3.0969791869190617E-02  -9.9529442724203338E-01   9.1814351234063007E-02   1.3594577383675165E-02
  -5.6822499311552459E-02  -9.9522492814013006E-01  -7.9363379341240438E-02   1.1171395296908628E-02
   1.4439193148648399E-01  -9.8914969936589560E-01   2.7089525022800868E-02   1.2695380076295066E-02
   7.4806305863418343E-01  -6.4791541212795138E-01  -1.4355235642070565E-01   1.1931246955742156E-02
   6.1350853090292307E-01  -7.8211180306691030E-01   1.0912566156850336E-01   1.2262024973248188E-02
   3.5136218000409931E-01  -9.3591669638222150E-01   2.4587718392632558E-02   1.2601335023069664E-02
   2.7129469705461586E-01  -4.7998286857384968E-01   8.3427551397944235E-01   1.2350088613270346E-02
   7.4487663150527980E-01  -5.6737054678641030E-01   3.5106903377631777E-01   1.3722917730861954E-02
   8.4080093265630253E-01  -5.4111638250927285E-01   1.5711531573019533E-02   9.5602505800914752E-03
   7.1115103435882645E-01  -6.4808157213001109E-01   2.7249675630338163E-01   1.2013187617253739E-02
   6.0211856224846922E-01  -6.5884304779240023E-01  -4.5097569266143082E-01   1.3912808414227635E-02
   2.2924763347645611E-01  -8.6496369616874329E-01   4.4641161147034509E-01   1.2472477887399888E-02
   9.7072229589127534E-01  -1.4748219303731175E-01   1.8959753953170476E-01   1.2742359652565542E-02
   9.8831074848481321E-01   2.6267619351639792E-02  -1.5017282245128626E-01   1.2616580351712436E-02
   9.2824188885093992E-01  -1.8565879180861259E-01  -3.2233183027216765E-01   1.5800711542158487E-02
   9.6573959816543322E-01  -1.7620299167626534E-01  -1.9052436657708973E-01   1.3482534736503732E-02
   9.4786718884906324E-01   2.5651299848589403E-01   1.8907372612594810E-01   1.1084584896929932E-02
   9.1461346691438958E-01   4.0034886001259994E-01   5.6595021207279474E-02   1.3061398952255438E-02
   9.0054128119978891E-01   4.3014011049273275E-01  -6.3284170219277386E-02   1.3109192236615616E-02
   7.7472191881378797E-01   6.1789614000156900E-01  -1.3420249133545882E-01   1.2756718253796168E-02
   8.1048209420418473E-01   5.7754292420385517E-01   9.7790314839757499E-02   1.2641629794209499E-02
   8.0079001559266043E-01   5.1370479060159297E-01   3.0796548352060533E-01   1.1884734870175068E-02
   5.5941278140411254E-01   8.2885931157315990E-01   7.0414217443681730E-03   1.2876937603643561E-02
   3.7446357390974869E-01   8.9299889775787910E-01  -2.4965976932207407E-01   1.1104715632885187E-02
   4.6736673749705328E-01   8.8070467858671683E-01   7.6990920223286281E-02   1.3994104474109088E-02
   5.3259670379881676E-01   8.3825522750197016E-01  -1.1691417650676882E-01   1.3433483413361879E-02
  -4.2759708056181313E-01   8.9398969693562158E-01  -1.3395207526563255E-01   1.2824140608056127E-02
   6.1382986969653590E-02   9.9391116819361009E-01  -9.1502560896931690E-02   1.2837336762553002E-02
  -2.2795953677784610E-01   9.7284286538004529E-01  -4.0139866357185676E-02   1.0745790575428979E-02
  -3.3110854155771836E-01   9.4095833309450522E-01  -7.0459556396070102E-02   1.4940396174369157E-02
  -2.3877208447386237E-01   9.3286571424511635E-01  -2.6972106121316445E-01   1.3450989521714364E-02
  -6.2018194670614619E-01   7.5655073280851761E-01  -2.0737729303535088E-01   1.2681805882047754E-02
  -5.6092454836382446E-01   8.1593373191176841E-01   1.4005640353576831E-01   1.3527938543179154E-02
  -6.8757945208797703E-01   7.2603420721694424E-01  -1.0432018848744861E-02   1.3241548892653423E-02
  -7.6256930124911548E-01   6.4369048021506696E-01  -6.4425355823094418E-02   1.2955445796941900E-02
  -9.2656789647468134E-01   3.5276332666765393E-01  -1.3049892176127029E-01   1.5940585389483059E-02
  -9.5633410212771678E-01   2.0646568663284354E-01  -2.0687437093753882E-01   1.3065145150375960E-02
  -9.9937478988375865E-01  -3.5246733400581140E-02   2.7743700873262020E-03   1.3065857629820616E-02
  -8.7910782778788778E-01   2.7118122321178441E-01  -3.9195684877218536E-01   1.3628464352004561E-02
  -9.7966048746395788E-01   2.0059168646849103E-01   5.3202087935663051E-03   1.2913207821696965E-02
  -9.9014080058725184E-01  -9.9336216853637129E-02  -9.8759865500329251E-02   1.2971503378033308E-02
  -9.6600190260827769E-01  -1.8267561642710754E-01  -1.8294792515949430E-01   1.2176248069683381E-02
  -9.2979224910265276E-01   7.5879736416689294E-02  -3.6017862111730654E-01   1.4383046544959931E-02
  -6.8843724392960323E-01  -5.7082508818109625E-01  -4.4745153913430177E-01   1.2890192671857387E-02
  -7.0393220160039913E-01  -7.0357778560359909E-01   9.7250990509870600E-02   1.4582045434524388E-02
  -8.4182777547680700E-01  -4.7132882064352878E-01   2.6301167135043792E-01   1.4290853789978550E-02
  -6.6839648504661344E-01  -6.5706517461157787E-01  -3.4858498976575136E-01   1.3253372766615574E-02
  -5.3812433091120501E-01  -8.4001536436701300E-01   6.9255989695637234E-02   1.2903457507038220E-02
  -5.1891972513782258E-01  -8.4304004238838565E-01  -1.4144188132471877E-01   1.2968910474674366E-02
  -2.9619494483352948E-01  -9.4967146391857788E-01  -1.0194442247522741E-01   1.3051629866499188E-02
  -3.6963380604343045E-01  -9.2915397307580924E-01  -6.6139056000343332E-03   1.2761686842565944E-02
  -1.0553433851880176E-01  -9.7855935276398078E-01  -1.7687310850306793E-01   1.2603246797117921E-02
  -2.2170234884809896E-01  -9.5707924710882625E-01  -1.8667453835174757E-01   1.3844840887887412E-02
  -7.3238981759248718E-02  -9.9683212624963566E-01   3.1012314126791706E-02   1.2156610856764136E-02
   1.5134787775030349E-01  -9.8396444871745138E-01  -9.4381055093917236E-02   1.2928080059436945E-02
   5.3885297344615104E-01  -8.4197003279363222E-01   2.6906075256930583E-02   1.3236956949616283E-02
   2.4942664872830628E-01  -9.6809494779813505E-01  -2.4052420915411203E-02   1.2918924004710137E-02
   1.9018914073251398E-01  -9.3658513811521562E-01  -2.9434056772577331E-01   1.2314124676194542E-02
   5.6292983683267960E-01  -7.3691752421333536E-01  -3.7424933040797956E-01   1.3241029753494604E-02
   7.5189162362518775E-01  -6.4007647675012302E-01   1.5799079160960016E-01   1.2666160445073846E-02
   7.9657413865994595E-01  -5.6751477423415970E-01  -2.0831856048877606E-01   1.3361849706968249E-02
   6.2824419215956419E-01  -7.7753741666544158E-01  -2.7291037045302761E-02   1.5968083412487610E-02
   9.3385723082838936E-01  -3.4817964095607871E-01   8.1741116050788438E-02   1.2830388048896916E-02
   9.3301350925796668E-01  -3.5879217247066126E-01  -2.7458487138175899E-02   1.1811815370333818E-02
   9.4780382780008682E-01   3.1761020933746979E-01  -2.8136434246578133E-02   1.3591339952045671E-02
   9.7351924737510469E-01   1.2933344747630695E-01  -1.8850234575225552E-01   1.3091563574893172E-02
   9.2946458896241299E-01   3.4101867566370720E-01  -1.4071901333332261E-01   1.3050713359467911E-02
   7.0586573967745813E-01   2.9690702855580685E-01  -6.4311723188214777E-01   1.2577317291515570E-02
   7.3414183840673956E-01   5.2823394294669689E-01  -4.2662004479367645E-01   1.4482974889114013E-02
   9.6978624917643116E-01   2.1933465796088973E-01  -1.0680327113664929E-01   1.3430150610306081E-02
   5.8456392657304769E-01   7.8675437191548756E-01  -1.9824876801979637E-01   1.2583025075185061E-02
   4.7827508207027946E-01   7.9230215373787782E-01   3.7882745815606835E-01   1.4239817708379680E-02
   2.8312787180219673E-01   9.3665179457737242E-01  -2.0620869022363428E-01   1.2948700085173432E-02
   3.0601975854269674E-01   7.9868941857258111E-01  -5.1811882810959675E-01   1.1867523569545039E-02
   7.2915206649745627E-01   6.8141578308783330E-01   6.3322938034206170E-02   1.2761545342560576E-02
   4.7010958077590210E-01   8.8159710111646223E-01  -4.2231899859652921E-02   1.0455437006195473E-02
   1.7846163647758858E-01   9.8344567653582934E-01  -3.1401363166685647E-02   1.2527536157595875E-02
   3.6449649726292725E-01   8.2749966700815349E-01  -4.2706744734813488E-01   1.3735057513831898E-02
  -4.3976179192401234E-01   8.7872447461799492E-01   1.8561482718551991E-01   1.4973327745751907E-02
   7.6408473842690254E-02   9.4268495237870411E-01  -3.2481814247943607E-01   1.3649553714956768E-02
  -2.7213485352950277E-01   9.6029605990089450E-01   6.1433694608852276E-02   1.3713520042659899E-02
  -3.1791789577474478E-01   8.4553576063338340E-01  -4.2894928492338619E-01   1.1002856468940858E-02
  -6.0857749719350229E-01   7.2109045932178936E-01  -3.3115250170394840E-01   1.2664659902612873E-02
  -4.3842380815249315E-01   8.6027990052813727E-01  -2.6019811143120192E-01   1.3729340355244772E-02
  -6.7094609724261786E-01   4.9655543768276118E-01  -5.5069413643381128E-01   1.4005499108086619E-02
  -8.2775243967166289E-01   5.1391927606798528E-01  -2.2519519600419561E-01   1.3794954932755607E-02
  -9.1675676641318943E-01   3.0208876218461351E-01  -2.6134156002710504E-01   1.4149817903622841E-02
  -5.9965828706934329E-01   4.7212287228210394E-01  -6.4615008490068106E-01   1.3305062265593365E-02
  -9.6342136770084163E-01   2.4751732686954763E-01  -1.0273480985913805E-01   1.1082666422268951E-02
  -9.7721043947708476E-01  -5.4563986459744038E-02  -2.0514026508373168E-01   1.3594379826606883E-02
  -8.4983466406908956E-01  -1.8319370908391807E-01  -4.9418732146692549E-01   1.2822174311422902E-02
  -9.8805637419988308E-01  -1.5169213144193482E-01   2.7094255139848448E-02   1.2760154139181627E-02
  -9.2298315755143001E-01  -3.7964763943915089E-01   6.3006037366847085E-02   1.3188817700405355E-02
  -8.8905171475603452E-01  -4.5615036807838844E-01  -3.8908741836575719E-02   1.3305155242738688E-02
  -8.5497800483681345E-01  -4.9134720757146546E-01  -1.6610398206239620E-01   1.5043707036439504E-02
  -8.2945833049059451E-01  -5.5703699919630249E-01  -4.1335934804167520E-02   1.2329928096721527E-02
  -7.3129537076534667E-01  -6.3325886083193383E-01  -2.5335803889952983E-01   1.3298569837634908E-02
  -6.1635613604045040E-01  -7.7250292578617187E-01  -1.5278855721908661E-01   1.3139608688589943E-02
  -6.1087714732847162E-01  -5.9192875834190932E-01  -5.2578460981625765E-01   1.2071880068629534E-02
  -4.1556578068626759E-01  -9.0164627593464690E-01  -1.1974587682169015E-01   1.3268572538348475E-02
   2.2711871993371990E-01  -9.1677463025378020E-01   3.2854431113430226E-01   1.3012692167092749E-02
  -5.9926839314523441E-01  -7.8586486954118681E-01   1.5262306443700506E-01   1.2447465510421942E-02
  -3.6767523952996579E-01  -6.0877705349618533E-01  -7.0299745189658047E-01   1.2787726720963827E-02
   4.6276336384397511E-02  -9.9839968017157278E-01  -3.2505066130361894E-02   1.3889121248506004E-02
   4.1770626947187698E-01  -8.4675788457815741E-01   3.2942762080404195E-01   1.1901178707013575E-02
   6.1413467578445875E-03  -9.2202879496897587E-01  -3.8707258377216295E-01   1.1878776633875158E-02
   5.1571508800814100E-01  -8.0828776067514844E-01  -2.8409301987818945E-01   1.2319884713319884E-02
   5.7394142103868306E-01  -7.9873323556781237E-01  -1.8060028686430902E-01   1.2703103041365810E-02
   4.3773172303540777E-01  -8.9498486812878237E-01   8.5982698660596987E-02   1.2388029388314900E-02
   6.8377419857726131E-01  -4.8503996570452772E-01  -5.4515050860232587E-01   1.4410086268949891E-02
   9.8454359357237457E-01  -1.5940081076577650E-01   7.2562344799544860E-02   1.3432516498106055E-02
   5.8005415581349906E-01  -3.4857611689164409E-01  -7.3622813519739374E-01   1.3094929849499499E-02
   9.5713279807182054E-01  -2.6654400842155689E-01  -1.1336268535005897E-01   1.5177325284164413E-02
   8.8283744119277880E-01  -4.6613911550945168E-01  -5.7553257251463278E-02   1.4466945164090770E-02
   8.2643329232135940E-01  -4.8159728640614227E-01  -2.9167116256002847E-01   1.3290114970535160E-02
   9.1493129578855132E-01  -3.7986694452500300E-01  -1.3638852020577416E-01   1.2218243649230717E-02
   9.8681069390086104E-01  -1.5632920819124105E-01  -4.2021816586157800E-02   1.2773303594103830E-02
   9.3772938116881974E-01   1.4965929837162786E-01  -3.1347360670980646E-01   1.2929169494534604E-02
   7.2592555954767963E-01   4.6084642405515028E-01  -5.1054153154368231E-01   1.0961100555073874E-02
   6.8959801503947035E-01   7.0432118085570820E-01  -1.6848220040005190E-01   1.3291735672112898E-02
   8.7678728784692623E-01   4.3952890398582136E-01  -1.9508560795469747E-01   1.3833381185232081E-02
   3.9895684404591786E-01   9.0719184371171515E-01  -1.3355296811325496E-01   1.5699793566307667E-02
   7.1908982785872144E-01   6.9276002973703123E-01  -5.4711613656169220E-02   1.3177210355627879E-02
   9.1540200380889000E-01   3.6323715764073520E-01   1.7348757515092674E-01   1.2425468960169077E-02
   5.8939524615235461E-01   7.0437428409380782E-01  -3.9556303128621737E-01   1.4304075186728377E-02
   7.2743090993509715E-01   6.3839279113293114E-01  -2.5159275724969178E-01   1.3150975149068619E-02
   1.8524885505262425E-01   9.7155142095309923E-01  -1.4754896863653630E-01   1.4054237266055453E-02
  -3.3836560959555459E-02   9.8737250987814118E-01  -1.5475985874693165E-01   1.2892504248252112E-02
  -2.4045726807327434E-01   9.5871702485177383E-01  -1.5179581183320147E-01   1.3076408962141068E-02
  -5.2892682254004661E-01   7.9637983402082026E-01  -2.9328412224779704E-01   1.2706630068524620E-02
  -1.1278521938430909E-01   8.8561253178431602E-01  -4.5052185056332980E-01   1.4426838553166745E-02
  -5.2623874003804758E-01   8.3030727817172511E-01  -1.8347373735286931E-01   1.3270630591448406E-02
  -6.0989244794129184E-01   7.8727497538872022E-01  -9.0715572372490846E-02   1.3369525132318804E-02
  -5.1926206355364090E-01   8.5235078026761375E-01  -6.2169580432914619E-02   1.2912930123984522E-02
  -6.9095788355870428E-01   6.7368736673703564E-01  -2.6214983320039508E-01   1.3805445096266415E-02
  -7.5940368941583695E-01   5.8031859351383339E-01  -2.9417064184541153E-01   1.2155544820095434E-02
  -8.6197192302829144E-01   3.7532243924888897E-01  -3.4078948121556407E-01   1.1939031030383895E-02
  -8.9005981377552902E-01   1.5872586288638348E-01  -4.2731677752323697E-01   1.2472969076756013E-02
  -7.5874141730240012E-01   1.0156493118933012E-01  -6.4342522986159922E-01   1.2035687773105847E-02
  -9.9401829039768703E-01   2.7685397673422436E-02   1.0564637764979949E-01   1.2177142290189288E-02
  -9.3015663365431535E-01   1.9074740930185871E-01  -3.1372609504709823E-01   1.2660883631419883E-02
  -9.7358915961642580E-01  -2.1793187195715537E-01  -6.8042982464262395E-02   1.3522998107484962E-02
  -8.6273321121785766E-01  -5.0201164433202194E-01   6.0627676986528840E-02   1.3667202988984865E-02
  -8.7847182726826460E-01  -3.3537286060631048E-01  -3.4031205248227198E-01   1.2484608917856059E-02
  -9.0695625319210257E-01  -3.9907006790594540E-01  -1.3480888582466259E-01   1.0255013329133342E-02
  -9.6325422797019726E-01  -2.6511793311572340E-01   4.3055473960764771E-02   1.2634865848488587E-02
  -7.9151629805318339E-01  -5.9127468130210560E-01  -1.5458396154607236E-01   1.3513019466925617E-02
  -5.4951114713013708E-01  -7.9645723362288487E-01  -2.5237546273261650E-01   1.2648584151377386E-02
  -2.5047267573373939E-01  -9.1320977986753515E-01  -3.2142080932178145E-01   1.5536086279867800E-02
  -3.9366229679120348E-01  -8.0744472645212610E-01  -4.3938936014624410E-01   1.2843935486214565E-02
  -1.9349746163307219E-01  -8.7138000522510505E-01  -4.5083879473205676E-01   1.2642499798851749E-02
  -3.6633001139938730E-01  -8.7272517395072188E-01  -3.2272758404079260E-01   1.3249287037683936E-02
   2.2106304851006273E-02  -9.8620313118611662E-01  -1.6405698803932033E-01   1.4744507074203205E-02
   4.4142909179596596E-01  -8.7129001121686897E-01   2.1446228868940329E-01   1.4942973563352481E-02
   3.3789558288829271E-01  -9.3664395320680231E-01  -9.2329193572317400E-02   1.2282064871776852E-02
   3.4446061403727341E-01  -8.4926045013760429E-01  -4.0012944556622960E-01   1.1878379390563151E-02
   3.0111682063678673E-01  -9.0513694481966187E-01  -3.0009293802440870E-01   1.4646753012289597E-02
   7.1243876804943493E-01  -6.5497517842380750E-01  -2.5187004075297454E-01   1.2773995346378901E-02
   2.5061845118324543E-01  -9.5315195781243637E-01  -1.6938635495467380E-01   1.4691275116820296E-02
   7.7585016960844068E-01  -4.9056776828797215E-01  -3.9673641001994305E-01   1.2335139983494161E-02
   9.3343854975402038E-01  -2.7679540533390838E-01  -2.2820336855346483E-01   1.1382555492108350E-02
   9.8854532740188467E-01  -8.4253583694612199E-02  -1.2521768767436844E-01   1.1563768738775013E-02
   9.3686718856279345E-01  -6.3456206843202496E-02  -3.4387960219751296E-01   1.3157171266247111E-02
   9.9344476249455127E-01  -5.1744081752174935E-02   1.0193161372100847E-01   1.3493735451292971E-02
   8.9235485882049001E-01  -1.3758157539496365E-01  -4.2985359839287520E-01   1.2775083158446380E-02
   9.2971311484442509E-01  -2.5193313995533310E-01   2.6863212220157772E-01   1.4395051125026911E-02
   8.1215572318279765E-01   5.4053990747265023E-01  -2.1958982155574875E-01   1.3046770417964532E-02
   9.0338612531025130E-01   3.4589943714662525E-01  -2.5347009286813051E-01   1.2816051825163206E-02
   6.3963099850409035E-01   5.3301784092334489E-01  -5.5386294966361138E-01   1.5242526697785345E-02
   5.2507707213795793E-01   5.5874686037086354E-01  -6.4194704948362559E-01   1.3683693159396814E-02
   4.0556004083120313E-01   7.4368469477512579E-01  -5.3146413617310139E-01   1.4508948792721943E-02
   4.7499655491520362E-01   8.5103790231224447E-01  -2.2385879845711351E-01   1.2817727317268066E-02
   4.3001795242598719E-01   8.3852051786989552E-01  -3.3461605117292805E-01   1.3154650738539841E-02
   2.9257611214703800E-01   8.9819574254496679E-01  -3.2809088173099172E-01   1.5335521053207905E-02
   1.1725072840340968E-01   8.8277862009606504E-01  -4.5492216322153060E-01   1.4763557159075288E-02
  -1.3504757956673343E-01   9.3214121500862727E-01  -3.3596860944946453E-01   1.2740504610874501E-02
  -2.2536573508851485E-01   8.9348339528171116E-01  -3.8845554160531520E-01   1.2915861368991978E-02
  -3.1104570957542425E-02   9.5874094682263368E-01  -2.8257441949190518E-01   1.3028284393310376E-02
  -3.4199023224338502E-01   9.1548707994360718E-01  -2.1195774934274744E-01   1.2943329478918559E-02
  -1.3418917965749370E-01   9.6721943608789526E-01  -2.1559180530962369E-01   1.3420800646707573E-02
  -3.2272338819268542E-01   5.8583649335637097E-01  -7.4340111498796126E-01   1.3215514363341194E-02
  -5.2417608089519331E-01   7.5384326288924548E-01  -3.9618148772229586E-01   1.1887770800249810E-02
  -6.0821955475343303E-01   3.6491535474983933E-01  -7.0491542548261385E-01   1.4310686195906264E-02
  -6.6930965774775552E-01   6.3848144184079664E-01  -3.7995530062163855E-01   1.3349194142292590E-02
  -8.7977842198397553E-01   4.1068890071602002E-01  -2.3942546865371880E-01   1.2116521409805833E-02
  -8.8028072174891622E-01   4.5804287827502516E-02  -4.7223703596162627E-01   1.1989673456712137E-02
  -8.2005986128357672E-01   3.6170173891136236E-01  -4.4347905923510930E-01   1.1733825404557287E-02
  -9.6986335454266274E-01   8.4420748023384373E-02  -2.2855679998290487E-01   1.4652030027454150E-02
  -9.9342780648131263E-01   1.8736819641104585E-02  -1.1291645096913192E-01   1.2752272091318073E-02
  -9.4693862293228985E-01  -1.2599165213925682E-01  -2.9569130523287157E-01   1.2583893395139142E-02
  -9.9654610054301677E-01   8.3025632921130778E-02  -1.6167159779290861E-03   1.3937039400519295E-02
  -9.3952781719764661E-01  -3.3944472282727988E-01  -4.5439639705181544E-02   1.2853303543371801E-02
  -7.5307667961183479E-01  -5.5300216685359435E-01  -3.5646054210816000E-01   1.3950266647322575E-02
  -5.7218434956162589E-01  -7.3992375827787775E-01  -3.5372008997607125E-01   1.2855349684840837E-02
  -4.9353131255257816E-01  -7.4593296896012395E-01  -4.4722572527579877E-01   1.3078800529262142E-02
  -8.0400487270463898E-01  -5.3623593704350804E-01  -2.5695755386886003E-01   1.1043783306241710E-02
  -4.7237222485939707E-01  -8.1223509324382252E-01  -3.4225521834528978E-01   1.3545589173064083E-02
  -2.9695561995780996E-01  -8.6107382861247696E-01  -4.1275806649189004E-01   1.0854472006803517E-02
  -3.7925469764334565E-02  -9.5850435700803178E-01  -2.8254390161490672E-01   1.4300939331949232E-02
   1.1992653001360802E-01  -9.0604988434904836E-01  -4.0582167816661955E-01   1.4156183279370344E-02
   2.3279869976305094E-01  -8.8643451708464642E-01  -4.0004826247534497E-01   1.2820921137065506E-02
   7.5451498880593215E-02  -9.5323343861402705E-01  -2.9266547938687551E-01   1.2431653104542688E-02
   3.6037959720604870E-01  -9.1194551495783358E-01  -1.9616810053089109E-01   1.2092910151883820E-02
   5.4230251021603965E-01  -8.3613722117671933E-01  -8.2356145953147326E-02   9.8507891026253133E-03
   6.2090316039461521E-01  -7.3831874270241906E-01  -2.6337178965541823E-01   1.3196511251152969E-02
   4.8340631048592879E-01  -3.9266992656766049E-01  -7.8238652068637399E-01   1.3367168891238978E-02
   6.6249530086686769E-01  -6.6101345452933832E-01  -3.5236513627274317E-01   1.2698556722950358E-02
   8.8745349578299261E-01  -4.5484172420813866E-01   7.4466762665723758E-02   1.5148331393051101E-02
   7.8110752474471407E-01  -1.3636890830972823E-01  -6.0932303061151298E-01   1.2505570104958230E-02
   8.9342123108834385E-01  -3.0525956171586905E-01  -3.2956805643390780E-01   1.1777642798380982E-02
   8.3552567875766960E-01  -3.8556357838146443E-01  -3.9145570268194553E-01   1.4740487712943393E-02
   9.6704371687365799E-01  -2.5423066255139268E-01   1.3900355170295908E-02   1.2230786180727812E-02
   8.9070253582504541E-01   1.8812600378811119E-01  -4.1383281572822285E-01   1.2550410137501475E-02
   9.5621731558746851E-01   2.8145825439005630E-01   8.0185387736159015E-02   1.2989126459045410E-02
   9.4718530765837432E-01   2.3557258117616570E-01  -2.1759033056206735E-01   1.2532345822723820E-02
   7.6398226811484057E-01   3.5320961954389984E-01  -5.3997597971368813E-01   1.4206573237260435E-02
   7.6338963141065399E-01   5.5952242687445066E-01  -3.2275520829140909E-01   1.1296590123064564E-02
   6.3800492579631313E-01   7.1801664838012113E-01  -2.7821180296424952E-01   1.2667862199395012E-02
   4.6243196404284150E-01   6.5485664103394194E-01  -5.9776204155602172E-01   1.3216423936903547E-02
   5.4205243686824466E-01   7.8114230328894320E-01  -3.0983198301279744E-01   1.3957341991304590E-02
   3.7784506213009687E-01   9.2581621498628834E-01  -9.8714280813815680E-03   1.2760791547725116E-02
  -5.0574518331747944E-04   8.7089155036047429E-01  -4.9147497569310596E-01   1.2844509601536555E-02
  -2.4037193198233692E-01   9.3240384439801822E-01   2.6989702715457042E-01   1.3385611390685583E-02
   2.4452074260436820E-01   8.6377861109763696E-01  -4.4056340910979594E-01   1.3039887833979959E-02
  -3.4169413176681140E-01   8.8194922524212806E-01  -3.2467011628872581E-01   1.2804560555482089E-02
  -1.3662106816607937E-01   8.2012921134794627E-01  -5.5562825740503427E-01   1.3935403328396223E-02
  -3.5264880505887878E-01   7.8285198131645827E-01  -5.1262227384248584E-01   1.3173549235394164E-02
  -4.2296477906330229E-01   8.1524280750920841E-01  -3.9557548012539358E-01   1.5085727381948963E-02
  -5.6980930421747277E-01   6.7288540438638548E-01  -4.7174419910685712E-01   1.5141977658567144E-02
  -6.8524858924687359E-01   4.0294325857937547E-01  -6.0668863620526476E-01   1.0878812179627039E-02
  -7.5578781203283407E-01   4.5298211258615284E-01  -4.7285514574720179E-01   1.4193544864613166E-02
  -7.0749276872225745E-01   3.0220713224742463E-01  -6.3884648502163798E-01   1.3556385501510233E-02
  -8.3143289346612760E-01   1.3228336232587836E-01  -5.3964845567675192E-01   1.4333848145591310E-02
  -8.6256231082981589E-01  -6.7622661294371484E-02  -5.0141144344280261E-01   1.3069878025588081E-02
  -7.9649744586066759E-01  -2.8539377568352000E-01  -5.3304991467829498E-01   1.4467702530920489E-02
  -8.6031897874333811E-01  -2.7364975628742058E-01  -4.3007797629947859E-01   1.1399267066845377E-02
  -8.1670890496468491E-01  -3.7852218084529063E-01  -4.3555427119879128E-01   1.2898013206544942E-02
  -6.4848865638258059E-01  -7.1938344668797080E-01  -2.4889740692592763E-01   1.3269913050779853E-02
  -5.9755282914088496E-01  -6.6969413755119031E-01  -4.4095394148968871E-01   1.3109692260546708E-02
  -4.3603682547108633E-01  -6.5250261773362279E-01  -6.1976787645365014E-01   1.4078550753447769E-02
  -3.8641279282034561E-01  -5.0824962289349961E-01  -7.6965412645772000E-01   1.2769801001616014E-02
  -5.4071070914840788E-01  -5.7650304603754118E-01  -6.1259788354324440E-01   1.2602606730200656E-02
  -8.2146821952850892E-02  -8.7474618288952914E-01  -4.7756781210969938E-01   1.3687715740085832E-02
  -3.3713733489016597E-01  -7.1825941664902366E-01  -6.0863932490281982E-01   1.2301627714970393E-02
  -1.1912840900178882E-01  -9.1908177498865768E-01  -3.7562895662129265E-01   1.3436686539484179E-02
   1.3536781517742384E-01  -9.7018781185963280E-01  -2.0102528282061613E-01   1.2410663594906936E-02
  -2.8842382599746860E-01  -8.0634711126725004E-01  -5.1634875108587507E-01   1.6102630044543380E-02
   8.5569608414816666E-02  -8.0526344395903173E-01  -5.8671000327161131E-01   1.4231390100652920E-02
   3.7477320890088834E-01  -6.6217651309269411E-01  -6.4889699290298166E-01   1.0140167926343242E-02
   1.2424277941695667E-01  -4.8502042689902449E-01  -8.6563209116427604E-01   1.2661061050530697E-02
   6.9768230206422146E-01  -7.1335580672117320E-01   6.6052239958632839E-02   1.2315718070557439E-02
   8.2833062038148401E-01  -2.0795884837450300E-01  -5.2021293786407927E-01   1.2962616310782106E-02
   8.0166803648546789E-01  -3.1668282862992986E-01  -5.0699146474914265E-01   1.3132453328888757E-02
   6.6930032378146488E-01  -3.1423278612483906E-01  -6.7327173764405667E-01   1.3390464186414423E-02
   8.6776796199032126E-01  -2.5952130625127844E-01  -4.2382479368813994E-01   1.2570834736817726E-02
   9.1559861803328885E-01   6.6414245835706040E-02  -3.9657069811775791E-01   1.3444477860438248E-02
   5.1379819862040747E-01  -2.7796711908448861E-01  -8.1163150000618760E-01   1.3505827170039284E-02
   8.4418683152180413E-01  -8.8571907367174205E-02  -5.2868101035550507E-01   1.2848850290663567E-02
   8.5959639380702625E-01   6.6998541231416801E-02  -5.0656217311088074E-01   1.4126390154998231E-02
   7.9826448031233274E-01   4.2113345248049531E-01  -4.3060473136455392E-01   1.2857756677297111E-02
   8.2722983319913261E-01   4.6280446392705947E-01  -3.1859508978407422E-01   1.4654422272594231E-02
   6.8264532171353717E-01   6.3244751992148575E-01  -3.6606761573209851E-01   1.2800284712003455E-02
   5.1318039688152730E-01   7.0356938998133102E-01  -4.9156484184471125E-01   1.3931642874903575E-02
   5.8785060361646470E-01   4.6538106969279926E-01  -6.6170395782354516E-01   1.2830923711440465E-02
   5.6217285096139937E-01   6.1748063752792603E-01  -5.5016301940428382E-01   1.0571866135481260E-02
   4.7333455291500827E-01   7.7616922084502117E-01  -4.1655220756776945E-01   1.2200886522882188E-02
   2.0274205233132289E-01   2.1322528292843205E-01  -9.5573565327268887E-01   1.4811475913015459E-02
  -2.2204908805994509E-02   8.1123606663890264E-01  -5.8429700171159488E-01   1.1149793438546580E-02
  -2.2769265947990562E-01   8.3766418316218160E-01  -4.9646225341530527E-01   1.2349298143584883E-02
  -2.5585103915661706E-01   7.6659698395216118E-01  -5.8895611887298464E-01   1.4608343772191445E-02
  -3.8817722172838582E-01   7.1075596861506697E-01  -5.8663821696961537E-01   1.2769300291832603E-02
  -4.2305840906073086E-01   5.2966207058727530E-01  -7.3517322686847315E-01   1.3485010226970732E-02
  -7.3260049980711938E-01   5.4632843687323298E-01  -4.0598244635206670E-01   1.1531637811113091E-02
  -5.1354261056944157E-01   5.5735304123674058E-01  -6.5240445626442422E-01   1.3908135402519969E-02
  -8.2990779909558050E-01   2.4649490155919338E-01  -5.0049306539217219E-01   1.3468481013845168E-02
  -7.7293667690556411E-01   2.1429349966355206E-01  -5.9719945537159588E-01   1.1884617858290533E-02
  -9.1427769652622536E-01  -5.1890448549451928E-02  -4.0175076226939019E-01   1.3909694344228351E-02
  -8.0276129231116755E-01  -1.1263958281807353E-01  -5.8556522433412538E-01   1.3303153887200322E-02
  -9.0470579846658765E-01  -1.7853328213875617E-01  -3.8682461838628796E-01   1.4317730471996434E-02
  -7.5770453613476176E-01  -4.7716732033756912E-01  -4.4519117727406651E-01   1.2067884888413979E-02
  -7.2447422820323934E-01  -3.2223978130364132E-01  -6.0934277382660582E-01   8.7720738521269048E-03
  -7.4183976543467844E-01  -4.0598577733459162E-01  -5.3371276078228504E-01   1.4559713782369572E-02
  -6.6434669854833590E-01  -4.9954402696999107E-01  -5.5596693179228857E-01   1.4422146193377278E-02
  -5.7201944044358343E-01  -4.8173882570753319E-01  -6.6386855894863465E-01   1.3566111348471068E-02
  -5.2088905687074396E-01  -6.6485349068971792E-01  -5.3539184374624548E-01   1.2047932544721193E-02
  -4.1500888066975640E-01  -7.3773697445927188E-01  -5.3245824764099145E-01   1.3050446353281146E-02
  -3.3209351421006152E-01  -9.1964246247307066E-01  -2.0969415594164453E-01   1.2842519289193054E-02
   3.8325055658795182E-02  -8.7032717590982358E-01  -4.9098044460200380E-01   1.3268489663883058E-02
   1.4244339079130039E-01  -7.3228786225618343E-01  -6.6593120306240773E-01   1.2389091015425679E-02
   1.6405973947150545E-01  -8.5011049268777689E-01  -5.0039639497770878E-01   1.2006771382667857E-02
   2.5893587081460278E-01  -6.9089153167760208E-01  -6.7499711574321574E-01   1.5867735513252972E-02
   4.3846229090510613E-01  -6.9770565805086084E-01  -5.6653122965822593E-01   1.4125785974418274E-02
   7.6638553315584045E-01  -4.2205519797584392E-01  -4.8427536013203189E-01   1.1958569139200450E-02
   3.9509227633274107E-01  -7.8171584001341472E-01  -4.8251677551597547E-01   1.2621502196300053E-02
   7.1875420985297102E-01  -3.7875734185013723E-01  -5.8303967430463039E-01   1.2958970213853529E-02
   8.9188227275187763E-01  -2.4274907856449248E-02  -4.5161569990369727E-01   1.1462645162931894E-02
   6.4236907453586811E-01  -1.1580674866324771E-01  -7.5759538610262122E-01   1.2452758292929284E-02
   9.9607798250440904E-01   6.9417357787253610E-02   5.4862402497362348E-02   1.2952825088987829E-02
   7.9848460981052449E-01  -7.7088181508385442E-03  -6.0196586449602920E-01   1.4506148345037743E-02
   9.0709566716209071E-01   2.6199904578557591E-01  -3.2944491288105988E-01   1.2311225469079334E-02
   8.3770670621661409E-01   2.9185509831021887E-01  -4.6159297649557453E-01   1.5321144292559467E-02
   8.6010928294473103E-01   3.6004819817529085E-01  -3.6135483445365288E-01   1.2122509400981646E-02
   6.7957747532830312E-01   4.2075748828942369E-01  -6.0094724483500625E-01   1.2675036562743202E-02
   6.3606861962627556E-01   6.1397400152032455E-01  -4.6738917037501517E-01   1.3443864697890315E-02
   6.3062784119598038E-01   3.6246401303055124E-01  -6.8624220590567421E-01   1.1239851409816621E-02
   3.5711580666702125E-01   6.7436507274639030E-01  -6.4629718341357360E-01   1.4325735538899493E-02
   1.9779696988700257E-01   8.1366126656684549E-01  -5.4665501186064036E-01   1.2251771617493087E-02
   1.4450373402843251E-01   7.5383613559888722E-01  -6.4097562474494793E-01   1.4109164307431845E-02
   2.5130667409648186E-02   7.4129985588678435E-01  -6.7070334218473846E-01   1.4097102132256688E-02
  -9.2238266488645770E-02   7.5834656198843441E-01  -6.4529264222947020E-01   1.2987725448419928E-02
  -1.9078406202089592E-01   7.1716735357066738E-01  -6.7027787420684878E-01   1.0894921693139669E-02
  -2.9713695388481649E-01   6.8212970548250044E-01  -6.6813823085826307E-01   1.3649495041403865E-02
  -4.9274040803468874E-01   6.5103995437639392E-01  -5.7736805254135017E-01   1.3784956063227236E-02
  -5.1799929095981092E-01   4.5484408810835850E-01  -7.2442638692831238E-01   1.1834378655331658E-02
  -5.8699317070059571E-01   5.8156204373217690E-01  -5.6322695855304614E-01   1.1282363468383509E-02
  -6.0848767800555538E-01   1.5518319408580878E-01  -7.7824220008216835E-01   1.2998183251931207E-02
  -8.0533530495348308E-01   4.7738978641652280E-01  -3.5147409352705807E-01   1.5196351119682455E-02
  -8.1669577760851890E-01   1.5912963249084050E-02  -5.7684901355298325E-01   1.3151189555583495E-02
  -7.4431145780309684E-01  -7.6663990685337859E-03  -6.6778864928085646E-01   1.3446942200143214E-02
  -7.3043961229619611E-01  -1.1732989392339263E-01  -6.7282365355307494E-01   1.0699268077671477E-02
  -7.5037941259483655E-01  -2.1537453073907961E-01  -6.2493563561598026E-01   1.5128293700216515E-02
  -6.5577539751892510E-01  -4.0765247912583308E-01  -6.3543535019029109E-01   1.3518795368959546E-02
  -4.7163696985311371E-01  -5.4298436072558597E-01  -6.9478525651829992E-01   1.2959027388488082E-02
  -2.8418249061820004E-01  -4.8342977804666942E-01  -8.2797099087092700E-01   1.3462121310655716E-02
  -1.6293471381268922E-01  -8.1386295231998353E-01  -5.5774490035837809E-01   1.2578731523410597E-02
  -1.1756325482007092E-01  -7.5122582542031368E-01  -6.4949106255411983E-01   1.5202944003528502E-02
  -3.7837226046123135E-02  -8.1856793515194965E-01  -5.7316217588585534E-01   1.2775583026316417E-02
   1.5107082061434966E-02  -7.4922728006116656E-01  -6.6214066397083284E-01   1.3104000203444490E-02
   2.8144010250934648E-01  -8.1830211347911863E-01  -5.0117174678460880E-01   1.4230987156303971E-02
   4.5802073260862590E-01  -5.8442459754385716E-01  -6.6982452798203677E-01   1.5831633460681874E-02
   4.5567525346150272E-01  -8.0367010682371322E-01  -3.8271977056425567E-01   1.4676191173755257E-02
   6.9769913587117784E-01  -5.6153419497803884E-01  -4.4485420496492746E-01   1.3618815065406120E-02
   6.2346421645229090E-01  -5.7690381720890302E-01  -5.2770669551686344E-01   1.1017627978953929E-02
   5.2557452756784890E-01  -4.7557944627417061E-01  -7.0540456920364906E-01   1.2566666245250961E-02
   7.0569510935656856E-01  -1.8552717712818777E-01  -6.8379388647242738E-01   1.3684421508802815E-02
   6.4898098377921051E-01   1.5974466865956031E-03  -7.6080295139875184E-01   1.3608500632504798E-02
   7.3101985302483143E-01   6.1671594813453145E-02  -6.7956352821257208E-01   1.3060536859748832E-02
   9.6937931939971360E-01  -6.9712036894032856E-02  -2.3546542640530652E-01   1.2538300142989617E-02
   7.1881453558281673E-01   1.8128649228870761E-01  -6.7114891875687012E-01   1.3496448478010167E-02
   6.2306152110422292E-01   2.5838890268218643E-01  -7.3826114342418671E-01   1.4883235416039333E-02
   8.4084781093546574E-01   1.8242633386683433E-01  -5.0960336690110423E-01   1.1655031442777039E-02
   4.8654536124784533E-01   4.8695345149401862E-01  -7.2536194243030571E-01   1.2889012320838178E-02
   4.1616074542549643E-01   5.8383641684855058E-01  -6.9709774947875189E-01   1.2330109575449574E-02
   3.0886013555324058E-01   5.9272863850093990E-01  -7.4382671218964429E-01   1.3151775779492218E-02
   2.3927167593057085E-01   6.7807581912209382E-01  -6.9495485365545679E-01   1.2311096584724745E-02
   2.7371114813701225E-01   7.4363939496072104E-01  -6.0998578479172049E-01   1.3259348794998384E-02
   1.0937155403796676E-01   6.8091209956214342E-01  -7.2415231535720012E-01   1.3662526575032754E-02
  -3.7927384058001347E-03   6.4083593510155720E-01  -7.6766849578310676E-01   1.3644847549931626E-02
  -2.1380191361994045E-01   6.2743185939568233E-01  -7.4874428448418104E-01   1.2909909460333501E-02
  -4.0815695582169944E-01   6.2780934525832234E-01  -6.6276943609424234E-01   1.2079993473248398E-02
  -4.3491025116087218E-01   2.9321825602297142E-01  -8.5139657491091327E-01   1.2834248684581888E-02
  -6.1090318448773128E-01   2.6270723142596281E-01  -7.4684818386286142E-01   1.2110060001795501E-02
  -7.6456541094674888E-01   3.4962289221942972E-01  -5.4148274729667065E-01   1.4274975676005531E-02
  -6.9674944975004882E-01   1.9816595343506534E-01  -6.8939862138836316E-01   1.4385193846950916E-02
  -6.7961782498482410E-01   7.5684577972296693E-02  -7.2965159947748512E-01   1.2731695663456783E-02
  -6.6052142483542475E-01  -5.6762894204196907E-02  -7.4865841421501677E-01   1.3955618083095935E-02
  -6.5599373601378943E-01  -1.7918471109445230E-01  -7.3318828251730021E-01   1.2745909698085831E-02
  -6.5822198482792373E-01  -2.9213940300638938E-01  -6.9382878860728958E-01   1.4294796105589395E-02
  -5.7390816465572491E-01  -3.7799317878258049E-01  -7.2646443501064625E-01   1.2842792519409764E-02
  -4.8085492558718465E-01  -4.3895911089405368E-01  -7.5900819462087829E-01   1.2604095273011859E-02
  -2.6793407074149988E-01  -6.7289601378412742E-01  -6.8950872972669472E-01   1.2691821866210617E-02
  -2.3096398174396450E-01  -7.5008873904715240E-01  -6.1969550804538382E-01   1.1903686385176808E-02
  -5.4711135698994910E-02  -6.8783677843706811E-01  -7.2380056497618303E-01   9.4972380119357602E-03
   5.2621944816733083E-02  -6.6424526053106554E-01  -7.4566022073443170E-01   1.5463369811187897E-02
   2.1091458754471426E-01  -7.8219927938923330E-01  -5.8624169425571164E-01   1.2764671367326794E-02
   3.3647883460683862E-01  -5.9778907497755309E-01  -7.2761955423085291E-01   1.3986847922298035E-02
   5.0211617696432941E-01  -7.2106436610613631E-01  -4.7743640912972065E-01   1.1768341149160561E-02
   5.3152076612844458E-01  -6.3140501105472326E-01  -5.6463562337955277E-01   1.3202212307233360E-02
   7.4620493042170181E-01  -5.7665692462636499E-01  -3.3263342149400147E-01   1.3206010680995838E-02
   6.2375491114762819E-01  -4.3163239740214596E-01  -6.5163124873818816E-01   1.4125784183012703E-02
   5.4907571819072655E-01  -1.5646268899059558E-01  -8.2099651804814008E-01   1.3948829053229589E-02
   7.9635972868135418E-01   1.1698258397292606E-01  -5.9340227298315708E-01   1.2629058291203394E-02
   7.2261066483869882E-01  -5.7569138008387668E-02  -6.8885384618970144E-01   1.2994278480066776E-02
   6.5041861954158566E-01   1.3395800464250384E-01  -7.4767029655177354E-01   1.3192831086957257E-02
   7.7687540662313647E-01   2.4123604218673206E-01  -5.8160964102584955E-01   1.2248669410275208E-02
   5.4386605211046914E-01   3.7515124360823266E-01  -7.5064722858408590E-01   1.3210122396418140E-02
   4.4720082932899360E-01   3.9432228224897830E-01  -8.0282087414903298E-01   1.2177212437731328E-02
   3.7927327365597580E-01   4.9647751452211084E-01  -7.8080846656797122E-01   1.4117205816837774E-02
   2.0004328862310867E-01   5.9986622971121619E-01  -7.7468909191294423E-01   1.3701856247089034E-02
   8.9602944469362313E-02   5.9441863648847323E-01  -7.9914816957658407E-01   1.0100102397004711E-02
  -1.0533977429888339E-01   5.8781816481163948E-01  -8.0210556479065555E-01   1.3038052624361158E-02
  -9.9175899495914094E-02   6.7920985367239374E-01  -7.2721256564604397E-01   1.2726269148085074E-02
  -3.3282508100446017E-01   4.8392867683365539E-01  -8.0934572414537537E-01   1.2588733137222323E-02
  -4.3700485442871244E-01   4.1813985461699969E-01  -7.9635784618889404E-01   1.4098991730516779E-02
  -3.4601421376330638E-01   3.7310068964165763E-01  -8.6085424972098518E-01   1.3042202356447287E-02
  -5.2404907806051417E-01   3.3314752843399353E-01  -7.8382733307932470E-01   1.3244277786690263E-02
  -6.0049235309620696E-01   3.3745063877081822E-02  -7.9891814633096922E-01   1.2748460409129334E-02
  -5.1576718219705846E-01  -1.8181815021029175E-02  -8.5653583425975092E-01   1.3490711448738674E-02
  -5.7393950712903230E-01  -1.2273147740823797E-01  -8.0964833514907859E-01   1.5299139240258632E-02
  -5.8123529401506424E-01  -2.5612867507865471E-01  -7.7237531990197272E-01   1.2204103408076669E-02
  -4.9085445461894874E-01  -3.3222030522948431E-01  -8.0541391419192827E-01   1.3229628625337233E-02
  -3.8311902008770601E-01  -4.0633958795372846E-01  -8.2952272766249759E-01   1.3224344411900548E-02
  -2.7409386793649890E-01  -5.8528434955867183E-01  -7.6309552594763099E-01   1.2625054395678401E-02
  -1.6074276725805294E-01  -6.5526650590181576E-01  -7.3809726257279191E-01   1.4812651577042348E-02
  -6.4174750060922312E-02  -6.0167700000889370E-01  -7.9615726405963025E-01   1.4416764447889267E-02
   1.0865978798584277E-01  -2.9481837648524624E-01  -9.4935513658560637E-01   1.2793055437622280E-02
   1.7214541233784510E-01  -6.5045944572623817E-01  -7.3977595694679640E-01   1.0676570926723054E-02
   3.2252257943927711E-01  -5.1053837632529939E-01  -7.9707575050992618E-01   1.0745161970870480E-02
   4.2596603336521781E-01  -4.9636277720042167E-01  -7.5642377793733235E-01   1.2645008859907913E-02
   5.7142605509072827E-01  -5.3580321643160999E-01  -6.2160049615889878E-01   1.2935510529458067E-02
   3.2163724349574440E-01  -2.2694991917035602E-01  -9.1926232261799363E-01   1.3846400703327088E-02
   6.1600530182335253E-01  -2.3177378298120037E-01  -7.5287341674952488E-01   1.2672649995760096E-02
   4.6942223219971355E-01  -9.8743966942109437E-02  -8.7743512404574612E-01   1.0627341057012411E-02
   5.7987521139365725E-01   7.3063726921155867E-02  -8.1142247381962011E-01   1.0643541966632228E-02
   5.5296296369297790E-01   1.8411381594202754E-01  -8.1260941636381716E-01   1.3573910633242847E-02
   5.0444134874662793E-01   2.8880595764654497E-01  -8.1371373621350713E-01   1.3332258197070436E-02
   3.3534125209576313E-01   4.0667993878829182E-01  -8.4979860674750291E-01   1.3142251806288380E-02
   2.7233700815069057E-01   3.2050146170082438E-01  -9.0725485230951825E-01   1.2607013357175003E-02
   7.8399069070208575E-02   4.1835254895310818E-01  -9.0489487276332916E-01   1.3615851701899723E-02
   7.8387536794800123E-03   5.2878926906445791E-01  -8.4871695096953772E-01   1.5503152989743320E-02
  -1.1459686640227024E-01   4.8735701991869806E-01  -8.6565044524146461E-01   1.3033996750838536E-02
  -2.1922844533903322E-01   5.3568715585330748E-01  -8.1546193032417200E-01   1.3176906346866361E-02
  -2.3611954021762620E-01   4.3652371373263774E-01  -8.6815586738585306E-01   1.3574382981518000E-02
  -3.3580520503464699E-01   2.5831877809950793E-01  -9.0581801326360018E-01   1.3859447403754268E-02
  -5.1754946627819906E-01   2.1120692704980505E-01  -8.2917681101278368E-01   1.3743753208927562E-02
  -5.1241391713736241E-01   9.4148958977661560E-02  -8.5356191986719203E-01   1.2784061316379584E-02
  -4.7740544740971877E-01  -1.2027134029834132E-01  -8.7041303039784896E-01   1.0362051728178791E-02
  -4.8990093194372050E-01  -2.2671848416406863E-01  -8.4178132897981345E-01   1.3313734170376179E-02
  -3.8830042348977663E-01  -2.9683316007611253E-01  -8.7241782203075661E-01   1.3022359898418627E-02
  -2.8728908369366559E-01  -3.6543012810508388E-01  -8.8539584585853798E-01   1.2588867817243871E-02
  -1.8230723763843283E-01  -5.4916777126143214E-01  -8.1558496192143916E-01   1.2317876330800308E-02
  -8.4504965697526053E-02  -5.0224966161006356E-01  -8.6058363230137988E-01   1.2754213935697442E-02
   2.2113451721007781E-02  -5.3597856141226412E-01  -8.4394192748045320E-01   1.2148600053796954E-02
   1.1468877450234908E-01  -5.8240220108869920E-01  -8.0476963236083136E-01   1.2397434762346868E-02
   2.3130422886142794E-01  -5.6835841525276586E-01  -7.8959930694130218E-01   1.3994821733900804E-02
   3.7004673846853912E-01  -4.1423034956512250E-01  -8.3155193995802392E-01   1.3112567730835062E-02
   7.5170958588581733E-01  -2.6036359212818371E-01  -6.0592367372589244E-01   1.2934397371982671E-02
   4.3685932615187130E-01  -2.0680770208925878E-01  -8.7543389442646848E-01   1.3083185292031331E-02
   5.4949081992838690E-01  -3.1988698476758266E-02  -8.3488715523967194E-01   1.4527537345236445E-02
   4.8601428068098542E-01   8.6379162346882729E-02  -8.6967163877316089E-01   1.3203964919224284E-02
   4.4271798712868646E-01   2.0483020991897045E-01  -8.7295210004746230E-01   1.3072740988381961E-02
   3.8500825254971204E-01   3.0541332833327974E-01  -8.7091408551303466E-01   1.3006373027818660E-02
   3.2493800055038040E-01   2.0985097189053938E-01  -9.2215934924226452E-01   1.3325148077180777E-02
   2.6600406487974330E-01   5.0075400640484977E-01  -8.2370338261837012E-01   1.2221235277013025E-02
  -2.8841151668236291E-02   4.2601876263362825E-01  -9.0425450059956133E-01   1.1167175168811134E-02
  -1.1736396532586044E-02   2.0613863360216817E-01  -9.7845241107223035E-01   1.2474374289877612E-02
  -1.3022084597557428E-01   3.8047726758477452E-01  -9.1557609193590767E-01   1.2427376747293983E-02
  -2.3579291992193249E-01   3.3032041065425192E-01  -9.1394207979493717E-01   1.2830018868680737E-02
  -4.2144409051300621E-01   1.6797165997078888E-01  -8.9116238700829537E-01   1.2901782984031044E-02
  -4.0922040385348381E-01   4.9542784539602076E-02  -9.1108955299139182E-01   1.3394587759232461E-02
  -3.9213630048784109E-01  -6.3045996610491412E-02  -9.1774414961420465E-01   1.3753762481408529E-02
  -3.8426505449142030E-01  -1.8132860119453514E-01  -9.0524046876260406E-01   1.3067777701035045E-02
  -2.8533609553786369E-01  -2.4569582591148102E-01  -9.2639995342879970E-01   1.4074718251685758E-02
  -1.8483455466276412E-01  -4.3772233329457330E-01  -8.7990644180945292E-01   1.3996348305369899E-02
  -8.8331436539017005E-02  -3.8554955169724451E-01  -9.1844929119957807E-01   1.2096055401752601E-02
   2.2102375166218335E-02  -4.2754047814348794E-01  -9.0372596762561236E-01   1.4527657127330055E-02
   2.3972137907569344E-01  -4.5566192429019851E-01  -8.5726651116569403E-01   1.3876049009428714E-02
   2.9502278218040650E-01  -3.4609892712152392E-01  -8.9060490153595175E-01   1.3255603775057818E-02
   4.0604495665899271E-01  -3.1173443227270092E-01  -8.5903965968249309E-01   1.2208556282489335E-02
   3.6384007828628464E-01  -1.1046427326668926E-01  -9.2488812391785657E-01   1.2940519444539695E-02
   4.1853238508009678E-01  -3.8685248264201877E-03  -9.0819363417436100E-01   1.4045596932112294E-02
   3.8449378498230085E-01   1.0424755295419794E-01  -9.1722242504915136E-01   1.2180165166758283E-02
   2.7482284136887349E-01   1.1455610625075438E-01  -9.5464616711250922E-01   1.1893342303484748E-02
   1.5876253435183171E-01   3.2916945917227091E-01  -9.3082862269830215E-01   1.2721096276813941E-02
   1.4398136482762682E-01   5.1069530232222621E-01  -8.4762000611617445E-01   1.3794437946314030E-02
  -1.2051427727887014E-01   2.7308245329778237E-01  -9.5441200886871495E-01   1.4399301393455794E-02
  -2.3201880705657647E-01   2.1599002966110809E-01  -9.4842795206543595E-01   1.2577093827351455E-02
  -2.2300474345577829E-01   8.6559492974118636E-02  -9.7096670312235016E-01   1.3618768653365604E-02
  -3.0439589621967355E-01   2.1003803788417219E-03  -9.5254329390683647E-01   1.2186182407686252E-02
  -2.8141552750751568E-01  -1.2213356947624580E-01  -9.5178185110069097E-01   1.2744224903104477E-02
  -9.4341367559512541E-02  -2.5197311043354213E-01  -9.6312473646223359E-01   1.3959911258470489E-02
  -1.8841609129879660E-01  -3.1805147909696445E-01  -9.2916232875849900E-01   1.3614978137278090E-02
   1.6901712426628668E-03  -3.2636413668891295E-01  -9.4524261097586528E-01   1.2191792113267649E-02
   1.6205844882932929E-01  -3.8569884973249774E-01  -9.0828049438378872E-01   1.3697774440992496E-02
   2.1624910106815442E-01  -2.7393271146315028E-01  -9.3712176150042623E-01   1.2427112623378331E-02
   2.5460333514272908E-01  -1.3422007612770743E-01  -9.5768581116067057E-01   1.3465561161508776E-02
   2.9492397168185551E-01  -5.6711948002453551E-03  -9.5550389244468156E-01   1.4889819099731134E-02
   1.9134243183147370E-01   5.3463441803879465E-02  -9.8006618866855159E-01   1.3107175740299146E-02
   2.0555311297010097E-01   4.2083710180094167E-01  -8.8354063375494202E-01   1.2843492537732565E-02
   4.8006788082329592E-03   3.2282607942996177E-01  -9.4644612943519419E-01   1.4958201998222200E-02
  -1.2517185271096349E-01   1.6245199880668783E-01  -9.7874478561707629E-01   1.2684207562398275E-02
  -3.2028359348728847E-01   1.3198432200743011E-01  -9.3808238363541835E-01   1.3043052685122791E-02
  -1.8803737283430246E-01  -5.3027888862949037E-02  -9.8072931506114997E-01   1.6166867606589832E-02
  -1.8394798429993372E-01  -1.8135515865785576E-01  -9.6606078768376431E-01   1.2445824023550118E-02
  -7.3805436708949319E-02  -1.3685716018739233E-01  -9.8783747409057305E-01   1.3104563042944255E-02
   2.4731777689792249E-02  -2.1790041353322191E-01  -9.7565759821484174E-01   1.1578649094618969E-02
   1.4329335449592335E-01  -1.7885186631286611E-01  -9.7338534223282309E-01   1.3376682238136794E-02
   1.6900860853354049E-01  -6.5421387093912546E-02  -9.8344096536206233E-01   1.2629960335657506E-02
   9.2171795474620097E-02   2.4746309195650257E-01  -9.6450317689384128E-01   1.1375708073818810E-02
   1.0052371507255632E-01   1.3233257698457114E-01  -9.8609485942105692E-01   1.4072905498973280E-02
  -4.6865886405096048E-02  -2.7166659761549638E-02  -9.9853170269594588E-01   1.2331292349835558E-02
  -1.2548257954331873E-01   4.6257060989151650E-02  -9.9101685482124892E-01   1.0476618171181502E-02
   4.3352154452839357E-02  -1.0007832023034513E-01  -9.9403466766716412E-01   1.4451270753025042E-02
   8.4043231266394364E-02   1.4759036641773255E-02  -9.9635280203134382E-01   1.1641396138582968E-02
  -1.6251125534617316E-02   8.6174457396914334E-02  -9.9614751107012526E-01   1.4332763987334359E-02
